 # Ballistic growth
# zf thl qt u v tke
2.5000E+000	2.9002E+002	8.6855E-003	0.0000E+000	0.0000E+000	0.0000E+000
7.5000E+000	2.9005E+002	8.6566E-003	0.0000E+000	0.0000E+000	0.0000E+000
1.2625E+001	2.9008E+002	8.6271E-003	0.0000E+000	0.0000E+000	0.0000E+000
1.7878E+001	2.9011E+002	8.5969E-003	0.0000E+000	0.0000E+000	0.0000E+000
2.3263E+001	2.9014E+002	8.5661E-003	0.0000E+000	0.0000E+000	0.0000E+000
2.8782E+001	2.9017E+002	8.5347E-003	0.0000E+000	0.0000E+000	0.0000E+000
3.4439E+001	2.9021E+002	8.5025E-003	0.0000E+000	0.0000E+000	0.0000E+000
4.0237E+001	2.9024E+002	8.4697E-003	0.0000E+000	0.0000E+000	0.0000E+000
4.6181E+001	2.9028E+002	8.4362E-003	0.0000E+000	0.0000E+000	0.0000E+000
5.2273E+001	2.9031E+002	8.4020E-003	0.0000E+000	0.0000E+000	0.0000E+000
5.8517E+001	2.9035E+002	8.3671E-003	0.0000E+000	0.0000E+000	0.0000E+000
6.4917E+001	2.9039E+002	8.3315E-003	0.0000E+000	0.0000E+000	0.0000E+000
7.1478E+001	2.9043E+002	8.2952E-003	0.0000E+000	0.0000E+000	0.0000E+000
7.8202E+001	2.9047E+002	8.2580E-003	0.0000E+000	0.0000E+000	0.0000E+000
8.5095E+001	2.9051E+002	8.2202E-003	0.0000E+000	0.0000E+000	0.0000E+000
9.2160E+001	2.9055E+002	8.1816E-003	0.0000E+000	0.0000E+000	0.0000E+000
9.9401E+001	2.9060E+002	8.1422E-003	0.0000E+000	0.0000E+000	0.0000E+000
1.0682E+002	2.9064E+002	8.1020E-003	0.0000E+000	0.0000E+000	0.0000E+000
1.1443E+002	2.9069E+002	8.0610E-003	0.0000E+000	0.0000E+000	0.0000E+000
1.2223E+002	2.9073E+002	8.0192E-003	0.0000E+000	0.0000E+000	0.0000E+000
1.3022E+002	2.9078E+002	7.9766E-003	0.0000E+000	0.0000E+000	0.0000E+000
1.3842E+002	2.9083E+002	7.9331E-003	0.0000E+000	0.0000E+000	0.0000E+000
1.4681E+002	2.9088E+002	7.8888E-003	0.0000E+000	0.0000E+000	0.0000E+000
1.5542E+002	2.9093E+002	7.8437E-003	0.0000E+000	0.0000E+000	0.0000E+000
1.6425E+002	2.9099E+002	7.7977E-003	0.0000E+000	0.0000E+000	0.0000E+000
1.7329E+002	2.9104E+002	7.7508E-003	0.0000E+000	0.0000E+000	0.0000E+000
1.8256E+002	2.9110E+002	7.7031E-003	0.0000E+000	0.0000E+000	0.0000E+000
1.9206E+002	2.9115E+002	7.6544E-003	0.0000E+000	0.0000E+000	0.0000E+000
2.0180E+002	2.9121E+002	7.6049E-003	0.0000E+000	0.0000E+000	0.0000E+000
2.1178E+002	2.9127E+002	7.5544E-003	0.0000E+000	0.0000E+000	0.0000E+000
2.2201E+002	2.9133E+002	7.5031E-003	0.0000E+000	0.0000E+000	0.0000E+000
2.3250E+002	2.9140E+002	7.4508E-003	0.0000E+000	0.0000E+000	0.0000E+000
2.4325E+002	2.9146E+002	7.3976E-003	0.0000E+000	0.0000E+000	0.0000E+000
2.5427E+002	2.9153E+002	7.3435E-003	0.0000E+000	0.0000E+000	0.0000E+000
2.6556E+002	2.9159E+002	7.2884E-003	0.0000E+000	0.0000E+000	0.0000E+000
2.7714E+002	2.9166E+002	7.2323E-003	0.0000E+000	0.0000E+000	0.0000E+000
2.8901E+002	2.9173E+002	7.1754E-003	0.0000E+000	0.0000E+000	0.0000E+000
3.0117E+002	2.9181E+002	7.1174E-003	0.0000E+000	0.0000E+000	0.0000E+000
3.1364E+002	2.9188E+002	7.0585E-003	0.0000E+000	0.0000E+000	0.0000E+000
3.2641E+002	2.9196E+002	6.9986E-003	0.0000E+000	0.0000E+000	0.0000E+000
3.3951E+002	2.9204E+002	6.9378E-003	0.0000E+000	0.0000E+000	0.0000E+000
3.5294E+002	2.9212E+002	6.8760E-003	0.0000E+000	0.0000E+000	0.0000E+000
3.6670E+002	2.9220E+002	6.8132E-003	0.0000E+000	0.0000E+000	0.0000E+000
3.8080E+002	2.9228E+002	6.7494E-003	0.0000E+000	0.0000E+000	0.0000E+000
3.9526E+002	2.9237E+002	6.6847E-003	0.0000E+000	0.0000E+000	0.0000E+000
4.1008E+002	2.9246E+002	6.6189E-003	0.0000E+000	0.0000E+000	0.0000E+000
4.2527E+002	2.9255E+002	6.5523E-003	0.0000E+000	0.0000E+000	0.0000E+000
4.4084E+002	2.9265E+002	6.4846E-003	0.0000E+000	0.0000E+000	0.0000E+000
4.5680E+002	2.9274E+002	6.4160E-003	0.0000E+000	0.0000E+000	0.0000E+000
4.7316E+002	2.9284E+002	6.3464E-003	0.0000E+000	0.0000E+000	0.0000E+000
4.8992E+002	2.9294E+002	6.2758E-003	0.0000E+000	0.0000E+000	0.0000E+000
5.0711E+002	2.9304E+002	6.2044E-003	0.0000E+000	0.0000E+000	0.0000E+000
5.2472E+002	2.9315E+002	6.1319E-003	0.0000E+000	0.0000E+000	0.0000E+000
5.4278E+002	2.9326E+002	6.0586E-003	0.0000E+000	0.0000E+000	0.0000E+000
5.6128E+002	2.9337E+002	5.9843E-003	0.0000E+000	0.0000E+000	0.0000E+000
5.8025E+002	2.9348E+002	5.9091E-003	0.0000E+000	0.0000E+000	0.0000E+000
5.9970E+002	2.9360E+002	5.8330E-003	0.0000E+000	0.0000E+000	0.0000E+000
6.1963E+002	2.9372E+002	5.7560E-003	0.0000E+000	0.0000E+000	0.0000E+000
6.4006E+002	2.9384E+002	5.6781E-003	0.0000E+000	0.0000E+000	0.0000E+000
6.6100E+002	2.9397E+002	5.5994E-003	0.0000E+000	0.0000E+000	0.0000E+000
6.8246E+002	2.9409E+002	5.5199E-003	0.0000E+000	0.0000E+000	0.0000E+000
7.0446E+002	2.9423E+002	5.4395E-003	0.0000E+000	0.0000E+000	0.0000E+000
7.2701E+002	2.9436E+002	5.3583E-003	0.0000E+000	0.0000E+000	0.0000E+000
7.5012E+002	2.9450E+002	5.2764E-003	0.0000E+000	0.0000E+000	0.0000E+000
7.7381E+002	2.9464E+002	5.1937E-003	0.0000E+000	0.0000E+000	0.0000E+000
7.9809E+002	2.9479E+002	5.1103E-003	0.0000E+000	0.0000E+000	0.0000E+000
8.2298E+002	2.9494E+002	5.0262E-003	0.0000E+000	0.0000E+000	0.0000E+000
8.4849E+002	2.9509E+002	4.9415E-003	0.0000E+000	0.0000E+000	0.0000E+000
8.7464E+002	2.9525E+002	4.8561E-003	0.0000E+000	0.0000E+000	0.0000E+000
9.0145E+002	2.9541E+002	4.7701E-003	0.0000E+000	0.0000E+000	0.0000E+000
9.2892E+002	2.9557E+002	4.6835E-003	0.0000E+000	0.0000E+000	0.0000E+000
9.5708E+002	2.9574E+002	4.5964E-003	0.0000E+000	0.0000E+000	0.0000E+000
9.8595E+002	2.9592E+002	4.5088E-003	0.0000E+000	0.0000E+000	0.0000E+000
1.0155E+003	2.9609E+002	4.4207E-003	0.0000E+000	0.0000E+000	0.0000E+000
1.0459E+003	2.9628E+002	4.3322E-003	0.0000E+000	0.0000E+000	0.0000E+000
1.0769E+003	2.9646E+002	4.2434E-003	0.0000E+000	0.0000E+000	0.0000E+000
1.1088E+003	2.9665E+002	4.1542E-003	0.0000E+000	0.0000E+000	0.0000E+000
1.1415E+003	2.9685E+002	4.0647E-003	0.0000E+000	0.0000E+000	0.0000E+000
1.1749E+003	2.9705E+002	3.9750E-003	0.0000E+000	0.0000E+000	0.0000E+000
1.2092E+003	2.9726E+002	3.8851E-003	0.0000E+000	0.0000E+000	0.0000E+000
1.2444E+003	2.9747E+002	3.7951E-003	0.0000E+000	0.0000E+000	0.0000E+000
1.2805E+003	2.9768E+002	3.7050E-003	0.0000E+000	0.0000E+000	0.0000E+000
1.3174E+003	2.9790E+002	3.6148E-003	0.0000E+000	0.0000E+000	0.0000E+000
1.3553E+003	2.9813E+002	3.5247E-003	0.0000E+000	0.0000E+000	0.0000E+000
1.3941E+003	2.9836E+002	3.4347E-003	0.0000E+000	0.0000E+000	0.0000E+000
1.4339E+003	2.9860E+002	3.3448E-003	0.0000E+000	0.0000E+000	0.0000E+000
1.4747E+003	2.9885E+002	3.2550E-003	0.0000E+000	0.0000E+000	0.0000E+000
1.5165E+003	2.9910E+002	3.1656E-003	0.0000E+000	0.0000E+000	0.0000E+000
1.5593E+003	2.9936E+002	3.0764E-003	0.0000E+000	0.0000E+000	0.0000E+000
1.6033E+003	2.9962E+002	2.9877E-003	0.0000E+000	0.0000E+000	0.0000E+000
1.6483E+003	2.9989E+002	2.8993E-003	0.0000E+000	0.0000E+000	0.0000E+000
1.6944E+003	3.0017E+002	2.8115E-003	0.0000E+000	0.0000E+000	0.0000E+000
1.7417E+003	3.0045E+002	2.7242E-003	0.0000E+000	0.0000E+000	0.0000E+000
1.7902E+003	3.0074E+002	2.6376E-003	0.0000E+000	0.0000E+000	0.0000E+000
1.8399E+003	3.0104E+002	2.5516E-003	0.0000E+000	0.0000E+000	0.0000E+000
1.8908E+003	3.0134E+002	2.4664E-003	0.0000E+000	0.0000E+000	0.0000E+000
1.9430E+003	3.0166E+002	2.3821E-003	0.0000E+000	0.0000E+000	0.0000E+000
1.9965E+003	3.0198E+002	2.2986E-003	0.0000E+000	0.0000E+000	0.0000E+000
2.0514E+003	3.0231E+002	2.2161E-003	0.0000E+000	0.0000E+000	0.0000E+000
2.1076E+003	3.0265E+002	2.1345E-003	0.0000E+000	0.0000E+000	0.0000E+000
2.1652E+003	3.0299E+002	2.0541E-003	0.0000E+000	0.0000E+000	0.0000E+000
2.2243E+003	3.0335E+002	1.9748E-003	0.0000E+000	0.0000E+000	0.0000E+000
2.2849E+003	3.0371E+002	1.8966E-003	0.0000E+000	0.0000E+000	0.0000E+000
2.3469E+003	3.0408E+002	1.8198E-003	0.0000E+000	0.0000E+000	0.0000E+000
2.4105E+003	3.0446E+002	1.7442E-003	0.0000E+000	0.0000E+000	0.0000E+000
2.4757E+003	3.0485E+002	1.6700E-003	0.0000E+000	0.0000E+000	0.0000E+000
2.5426E+003	3.0526E+002	1.5973E-003	0.0000E+000	0.0000E+000	0.0000E+000
2.6111E+003	3.0567E+002	1.5259E-003	0.0000E+000	0.0000E+000	0.0000E+000
2.6813E+003	3.0609E+002	1.4562E-003	0.0000E+000	0.0000E+000	0.0000E+000
2.7532E+003	3.0652E+002	1.3880E-003	0.0000E+000	0.0000E+000	0.0000E+000
2.8270E+003	3.0696E+002	1.3213E-003	0.0000E+000	0.0000E+000	0.0000E+000
2.9026E+003	3.0742E+002	1.2564E-003	0.0000E+000	0.0000E+000	0.0000E+000
2.9801E+003	3.0788E+002	1.1931E-003	0.0000E+000	0.0000E+000	0.0000E+000
3.0596E+003	3.0836E+002	1.1316E-003	0.0000E+000	0.0000E+000	0.0000E+000
3.1410E+003	3.0885E+002	1.0718E-003	0.0000E+000	0.0000E+000	0.0000E+000
3.2245E+003	3.0935E+002	1.0138E-003	0.0000E+000	0.0000E+000	0.0000E+000
3.3100E+003	3.0986E+002	9.5758E-004	0.0000E+000	0.0000E+000	0.0000E+000
3.3977E+003	3.1039E+002	9.0320E-004	0.0000E+000	0.0000E+000	0.0000E+000
3.4876E+003	3.1093E+002	8.5067E-004	0.0000E+000	0.0000E+000	0.0000E+000
3.5797E+003	3.1148E+002	8.0000E-004	0.0000E+000	0.0000E+000	0.0000E+000
3.6741E+003	3.1204E+002	7.5119E-004	0.0000E+000	0.0000E+000	0.0000E+000
3.7709E+003	3.1263E+002	7.0425E-004	0.0000E+000	0.0000E+000	0.0000E+000
3.8701E+003	3.1322E+002	6.5918E-004	0.0000E+000	0.0000E+000	0.0000E+000
3.9718E+003	3.1383E+002	6.1597E-004	0.0000E+000	0.0000E+000	0.0000E+000
4.0761E+003	3.1446E+002	5.7462E-004	0.0000E+000	0.0000E+000	0.0000E+000
4.1829E+003	3.1510E+002	5.3512E-004	0.0000E+000	0.0000E+000	0.0000E+000
4.2924E+003	3.1575E+002	4.9744E-004	0.0000E+000	0.0000E+000	0.0000E+000
4.4047E+003	3.1643E+002	4.6157E-004	0.0000E+000	0.0000E+000	0.0000E+000
4.5197E+003	3.1712E+002	4.2749E-004	0.0000E+000	0.0000E+000	0.0000E+000
4.6376E+003	3.1783E+002	3.9517E-004	0.0000E+000	0.0000E+000	0.0000E+000
4.7585E+003	3.1855E+002	3.6458E-004	0.0000E+000	0.0000E+000	0.0000E+000
4.8824E+003	3.1929E+002	3.3567E-004	0.0000E+000	0.0000E+000	0.0000E+000
5.0094E+003	3.2006E+002	3.0842E-004	0.0000E+000	0.0000E+000	0.0000E+000
5.1396E+003	3.2084E+002	2.8279E-004	0.0000E+000	0.0000E+000	0.0000E+000
5.2730E+003	3.2164E+002	2.5872E-004	0.0000E+000	0.0000E+000	0.0000E+000
5.4098E+003	3.2246E+002	2.3617E-004	0.0000E+000	0.0000E+000	0.0000E+000
5.5500E+003	3.2330E+002	2.1510E-004	0.0000E+000	0.0000E+000	0.0000E+000
5.6936E+003	3.2416E+002	1.9545E-004	0.0000E+000	0.0000E+000	0.0000E+000
5.8409E+003	3.2505E+002	1.7717E-004	0.0000E+000	0.0000E+000	0.0000E+000
5.9919E+003	3.2595E+002	1.6021E-004	0.0000E+000	0.0000E+000	0.0000E+000
