# Scalarfield ballistic growth
# Thermal plumes sv1 (tau=15min) and sv2 (tau=60min)
2.5000E+000	0	0
7.5000E+000	0	0
1.2625E+001	0	0
1.7878E+001	0	0
2.3263E+001	0	0
2.8782E+001	0	0
3.4439E+001	0	0
4.0237E+001	0	0
4.6181E+001	0	0
5.2273E+001	0	0
5.8517E+001	0	0
6.4917E+001	0	0
7.1478E+001	0	0
7.8202E+001	0	0
8.5095E+001	0	0
9.2160E+001	0	0
9.9401E+001	0	0
1.0682E+002	0	0
1.1443E+002	0	0
1.2223E+002	0	0
1.3022E+002	0	0
1.3842E+002	0	0
1.4681E+002	0	0
1.5542E+002	0	0
1.6425E+002	0	0
1.7329E+002	0	0
1.8256E+002	0	0
1.9206E+002	0	0
2.0180E+002	0	0
2.1178E+002	0	0
2.2201E+002	0	0
2.3250E+002	0	0
2.4325E+002	0	0
2.5427E+002	0	0
2.6556E+002	0	0
2.7714E+002	0	0
2.8901E+002	0	0
3.0117E+002	0	0
3.1364E+002	0	0
3.2641E+002	0	0
3.3951E+002	0	0
3.5294E+002	0	0
3.6670E+002	0	0
3.8080E+002	0	0
3.9526E+002	0	0
4.1008E+002	0	0
4.2527E+002	0	0
4.4084E+002	0	0
4.5680E+002	0	0
4.7316E+002	0	0
4.8992E+002	0	0
5.0711E+002	0	0
5.2472E+002	0	0
5.4278E+002	0	0
5.6128E+002	0	0
5.8025E+002	0	0
5.9970E+002	0	0
6.1963E+002	0	0
6.4006E+002	0	0
6.6100E+002	0	0
6.8246E+002	0	0
7.0446E+002	0	0
7.2701E+002	0	0
7.5012E+002	0	0
7.7381E+002	0	0
7.9809E+002	0	0
8.2298E+002	0	0
8.4849E+002	0	0
8.7464E+002	0	0
9.0145E+002	0	0
9.2892E+002	0	0
9.5708E+002	0	0
9.8595E+002	0	0
1.0155E+003	0	0
1.0459E+003	0	0
1.0769E+003	0	0
1.1088E+003	0	0
1.1415E+003	0	0
1.1749E+003	0	0
1.2092E+003	0	0
1.2444E+003	0	0
1.2805E+003	0	0
1.3174E+003	0	0
1.3553E+003	0	0
1.3941E+003	0	0
1.4339E+003	0	0
1.4747E+003	0	0
1.5165E+003	0	0
1.5593E+003	0	0
1.6033E+003	0	0
1.6483E+003	0	0
1.6944E+003	0	0
1.7417E+003	0	0
1.7902E+003	0	0
1.8399E+003	0	0
1.8908E+003	0	0
1.9430E+003	0	0
1.9965E+003	0	0
2.0514E+003	0	0
2.1076E+003	0	0
2.1652E+003	0	0
2.2243E+003	0	0
2.2849E+003	0	0
2.3469E+003	0	0
2.4105E+003	0	0
2.4757E+003	0	0
2.5426E+003	0	0
2.6111E+003	0	0
2.6813E+003	0	0
2.7532E+003	0	0
2.8270E+003	0	0
2.9026E+003	0	0
2.9801E+003	0	0
3.0596E+003	0	0
3.1410E+003	0	0
3.2245E+003	0	0
3.3100E+003	0	0
3.3977E+003	0	0
3.4876E+003	0	0
3.5797E+003	0	0
3.6741E+003	0	0
3.7709E+003	0	0
3.8701E+003	0	0
3.9718E+003	0	0
4.0761E+003	0	0
4.1829E+003	0	0
4.2924E+003	0	0
4.4047E+003	0	0
4.5197E+003	0	0
4.6376E+003	0	0
4.7585E+003	0	0
4.8824E+003	0	0
5.0094E+003	0	0
5.1396E+003	0	0
5.2730E+003	0	0
5.4098E+003	0	0
5.5500E+003	0	0
5.6936E+003	0	0
5.8409E+003	0	0
5.9919E+003	0	0
