 #baseprofiles
#height	rhobf
2.50	1.2213046272615129
7.50	1.2213046272615129
12.50	1.2213046272615129
17.50	1.2213046272615129
22.50	1.2213046272615129
27.50	1.2213046272615129
32.50	1.2213046272615129
37.50	1.2213046272615129
42.50	1.2213046272615129
47.50	1.2213046272615129
52.50	1.2213046272615129
57.50	1.2213046272615129
62.50	1.2213046272615129
67.50	1.2213046272615129
72.50	1.2213046272615129
77.50	1.2213046272615129
82.50	1.2213046272615129
87.50	1.2213046272615129
92.50	1.2213046272615129
97.50	1.2213046272615129
102.50	1.2213046272615129
107.50	1.2213046272615129
112.50	1.2213046272615129
117.50	1.2213046272615129
122.50	1.2213046272615129
127.50	1.2213046272615129
132.50	1.2213046272615129
137.50	1.2213046272615129
142.50	1.2213046272615129
147.50	1.2213046272615129
152.50	1.2213046272615129
157.50	1.2213046272615129
162.50	1.2213046272615129
167.50	1.2213046272615129
172.50	1.2213046272615129
177.50	1.2213046272615129
182.50	1.2213046272615129
187.50	1.2213046272615129
192.50	1.2213046272615129
197.50	1.2213046272615129
202.50	1.2213046272615129
207.50	1.2213046272615129
212.50	1.2213046272615129
217.50	1.2213046272615129
222.50	1.2213046272615129
227.50	1.2213046272615129
232.50	1.2213046272615129
237.50	1.2213046272615129
242.50	1.2213046272615129
247.50	1.2213046272615129
252.50	1.2213046272615129
257.50	1.2213046272615129
262.50	1.2213046272615129
267.50	1.2213046272615129
272.50	1.2213046272615129
277.50	1.2213046272615129
282.50	1.2213046272615129
287.50	1.2213046272615129
292.50	1.2213046272615129
297.50	1.2213046272615129
302.50	1.2213046272615129
307.50	1.2213046272615129
312.50	1.2213046272615129
317.50	1.2213046272615129
322.50	1.2213046272615129
327.50	1.2213046272615129
332.50	1.2213046272615129
337.50	1.2213046272615129
342.50	1.2213046272615129
347.50	1.2213046272615129
352.50	1.2213046272615129
357.50	1.2213046272615129
362.50	1.2213046272615129
367.50	1.2213046272615129
372.50	1.2213046272615129
377.50	1.2213046272615129
382.50	1.2213046272615129
387.50	1.2213046272615129
392.50	1.2213046272615129
397.50	1.2213046272615129
402.50	1.2213046272615129
407.50	1.2213046272615129
412.50	1.2213046272615129
417.50	1.2213046272615129
422.50	1.2213046272615129
427.50	1.2213046272615129
432.50	1.2213046272615129
437.50	1.2213046272615129
442.50	1.2213046272615129
447.50	1.2213046272615129
452.50	1.2213046272615129
457.50	1.2213046272615129
462.50	1.2213046272615129
467.50	1.2213046272615129
472.50	1.2213046272615129
477.50	1.2213046272615129
482.50	1.2213046272615129
487.50	1.2213046272615129
492.50	1.2213046272615129
497.50	1.2213046272615129
502.50	1.2213046272615129
507.50	1.2213046272615129
512.50	1.2213046272615129
517.50	1.2213046272615129
522.50	1.2213046272615129
527.50	1.2213046272615129
532.50	1.2213046272615129
537.50	1.2213046272615129
542.50	1.2213046272615129
547.50	1.2213046272615129
552.50	1.2213046272615129
557.50	1.2213046272615129
562.50	1.2213046272615129
567.50	1.2213046272615129
572.50	1.2213046272615129
577.50	1.2213046272615129
582.50	1.2213046272615129
587.50	1.2213046272615129
592.50	1.2213046272615129
597.50	1.2213046272615129
602.50	1.2213046272615129
607.50	1.2213046272615129
612.50	1.2213046272615129
617.50	1.2213046272615129
622.50	1.2213046272615129
627.50	1.2213046272615129
632.50	1.2213046272615129
637.50	1.2213046272615129
642.50	1.2213046272615129
647.50	1.2213046272615129
652.50	1.2213046272615129
657.50	1.2213046272615129
662.50	1.2213046272615129
667.50	1.2213046272615129
672.50	1.2213046272615129
677.50	1.2213046272615129
682.50	1.2213046272615129
687.50	1.2213046272615129
692.50	1.2213046272615129
697.50	1.2213046272615129
702.50	1.2213046272615129
707.50	1.2213046272615129
712.50	1.2213046272615129
717.50	1.2213046272615129
722.50	1.2213046272615129
727.50	1.2213046272615129
732.50	1.2213046272615129
737.50	1.2213046272615129
742.50	1.2213046272615129
747.50	1.2213046272615129
752.50	1.2213046272615129
757.50	1.2213046272615129
762.50	1.2213046272615129
767.50	1.2213046272615129
772.50	1.2213046272615129
777.50	1.2213046272615129
782.50	1.2213046272615129
787.50	1.2213046272615129
792.50	1.2213046272615129
797.50	1.2213046272615129
802.50	1.2213046272615129
807.50	1.2213046272615129
812.50	1.2213046272615129
817.50	1.2213046272615129
822.50	1.2213046272615129
827.50	1.2213046272615129
832.50	1.2213046272615129
837.50	1.2213046272615129
842.50	1.2213046272615129
847.50	1.2213046272615129
852.50	1.2213046272615129
857.50	1.2213046272615129
862.50	1.2213046272615129
867.50	1.2213046272615129
872.50	1.2213046272615129
877.50	1.2213046272615129
882.50	1.2213046272615129
887.50	1.2213046272615129
892.50	1.2213046272615129
897.50	1.2213046272615129
902.50	1.2213046272615129
907.50	1.2213046272615129
912.50	1.2213046272615129
917.50	1.2213046272615129
922.50	1.2213046272615129
927.50	1.2213046272615129
932.50	1.2213046272615129
937.50	1.2213046272615129
942.50	1.2213046272615129
947.50	1.2213046272615129
952.50	1.2213046272615129
957.50	1.2213046272615129
962.50	1.2213046272615129
967.50	1.2213046272615129
972.50	1.2213046272615129
977.50	1.2213046272615129
982.50	1.2213046272615129
987.50	1.2213046272615129
992.50	1.2213046272615129
997.50	1.2213046272615129
1002.50	1.2213046272615129
1007.50	1.2213046272615129
1012.50	1.2213046272615129
1017.50	1.2213046272615129
1022.50	1.2213046272615129
1027.50	1.2213046272615129
1032.50	1.2213046272615129
1037.50	1.2213046272615129
1042.50	1.2213046272615129
1047.50	1.2213046272615129
1052.50	1.2213046272615129
1057.50	1.2213046272615129
1062.50	1.2213046272615129
1067.50	1.2213046272615129
1072.50	1.2213046272615129
1077.50	1.2213046272615129
1082.50	1.2213046272615129
1087.50	1.2213046272615129
1092.50	1.2213046272615129
1097.50	1.2213046272615129
1102.50	1.2213046272615129
1107.50	1.2213046272615129
1112.50	1.2213046272615129
1117.50	1.2213046272615129
1122.50	1.2213046272615129
1127.50	1.2213046272615129
1132.50	1.2213046272615129
1137.50	1.2213046272615129
1142.50	1.2213046272615129
1147.50	1.2213046272615129
1152.50	1.2213046272615129
1157.50	1.2213046272615129
1162.50	1.2213046272615129
1167.50	1.2213046272615129
1172.50	1.2213046272615129
1177.50	1.2213046272615129
1182.50	1.2213046272615129
1187.50	1.2213046272615129
1192.50	1.2213046272615129
1197.50	1.2213046272615129
1202.50	1.2213046272615129
1207.50	1.2213046272615129
1212.50	1.2213046272615129
1217.50	1.2213046272615129
1222.50	1.2213046272615129
1227.50	1.2213046272615129
1232.50	1.2213046272615129
1237.50	1.2213046272615129
1242.50	1.2213046272615129
1247.50	1.2213046272615129
1252.50	1.2213046272615129
1257.50	1.2213046272615129
1262.50	1.2213046272615129
1267.50	1.2213046272615129
1272.50	1.2213046272615129
1277.50	1.2213046272615129
1282.50	1.2213046272615129
1287.50	1.2213046272615129
1292.50	1.2213046272615129
1297.50	1.2213046272615129
1302.50	1.2213046272615129
1307.50	1.2213046272615129
1312.50	1.2213046272615129
1317.50	1.2213046272615129
1322.50	1.2213046272615129
1327.50	1.2213046272615129
1332.50	1.2213046272615129
1337.50	1.2213046272615129
1342.50	1.2213046272615129
1347.50	1.2213046272615129
1352.50	1.2213046272615129
1357.50	1.2213046272615129
1362.50	1.2213046272615129
1367.50	1.2213046272615129
1372.50	1.2213046272615129
1377.50	1.2213046272615129
1382.50	1.2213046272615129
1387.50	1.2213046272615129
1392.50	1.2213046272615129
1397.50	1.2213046272615129
1402.50	1.2213046272615129
1407.50	1.2213046272615129
1412.50	1.2213046272615129
1417.50	1.2213046272615129
1422.50	1.2213046272615129
1427.50	1.2213046272615129
1432.50	1.2213046272615129
1437.50	1.2213046272615129
1442.50	1.2213046272615129
1447.50	1.2213046272615129
1452.50	1.2213046272615129
1457.50	1.2213046272615129
1462.50	1.2213046272615129
1467.50	1.2213046272615129
1472.50	1.2213046272615129
1477.50	1.2213046272615129
1482.50	1.2213046272615129
1487.50	1.2213046272615129
1492.50	1.2213046272615129
1497.50	1.2213046272615129
1502.50	1.2213046272615129
1507.50	1.2213046272615129
1512.50	1.2213046272615129
1517.50	1.2213046272615129
1522.50	1.2213046272615129
1527.50	1.2213046272615129
1532.50	1.2213046272615129
1537.50	1.2213046272615129
1542.50	1.2213046272615129
1547.50	1.2213046272615129
1552.50	1.2213046272615129
1557.50	1.2213046272615129
1562.50	1.2213046272615129
1567.50	1.2213046272615129
1572.50	1.2213046272615129
1577.50	1.2213046272615129
1582.50	1.2213046272615129
1587.50	1.2213046272615129
1592.50	1.2213046272615129
1597.50	1.2213046272615129
1602.50	1.2213046272615129
1607.50	1.2213046272615129
1612.50	1.2213046272615129
1617.50	1.2213046272615129
1622.50	1.2213046272615129
1627.50	1.2213046272615129
1632.50	1.2213046272615129
1637.50	1.2213046272615129
1642.50	1.2213046272615129
1647.50	1.2213046272615129
1652.50	1.2213046272615129
1657.50	1.2213046272615129
1662.50	1.2213046272615129
1667.50	1.2213046272615129
1672.50	1.2213046272615129
1677.50	1.2213046272615129
1682.50	1.2213046272615129
1687.50	1.2213046272615129
1692.50	1.2213046272615129
1697.50	1.2213046272615129
1702.50	1.2213046272615129
1707.50	1.2213046272615129
1712.50	1.2213046272615129
1717.50	1.2213046272615129
1722.50	1.2213046272615129
1727.50	1.2213046272615129
1732.50	1.2213046272615129
1737.50	1.2213046272615129
1742.50	1.2213046272615129
1747.50	1.2213046272615129
1752.50	1.2213046272615129
1757.50	1.2213046272615129
1762.50	1.2213046272615129
1767.50	1.2213046272615129
1772.50	1.2213046272615129
1777.50	1.2213046272615129
1782.50	1.2213046272615129
1787.50	1.2213046272615129
1792.50	1.2213046272615129
1797.50	1.2213046272615129
1802.50	1.2213046272615129
1807.50	1.2213046272615129
1812.50	1.2213046272615129
1817.50	1.2213046272615129
1822.50	1.2213046272615129
1827.50	1.2213046272615129
1832.50	1.2213046272615129
1837.50	1.2213046272615129
1842.50	1.2213046272615129
1847.50	1.2213046272615129
1852.50	1.2213046272615129
1857.50	1.2213046272615129
1862.50	1.2213046272615129
1867.50	1.2213046272615129
1872.50	1.2213046272615129
1877.50	1.2213046272615129
1882.50	1.2213046272615129
1887.50	1.2213046272615129
1892.50	1.2213046272615129
1897.50	1.2213046272615129
1902.50	1.2213046272615129
1907.50	1.2213046272615129
1912.50	1.2213046272615129
1917.50	1.2213046272615129
1922.50	1.2213046272615129
1927.50	1.2213046272615129
1932.50	1.2213046272615129
1937.50	1.2213046272615129
1942.50	1.2213046272615129
1947.50	1.2213046272615129
1952.50	1.2213046272615129
1957.50	1.2213046272615129
1962.50	1.2213046272615129
1967.50	1.2213046272615129
1972.50	1.2213046272615129
1977.50	1.2213046272615129
1982.50	1.2213046272615129
1987.50	1.2213046272615129
1992.50	1.2213046272615129
1997.50	1.2213046272615129
2002.50	1.2213046272615129
2007.50	1.2213046272615129
2012.50	1.2213046272615129
2017.50	1.2213046272615129
2022.50	1.2213046272615129
2027.50	1.2213046272615129
2032.50	1.2213046272615129
2037.50	1.2213046272615129
2042.50	1.2213046272615129
2047.50	1.2213046272615129
2052.50	1.2213046272615129
2057.50	1.2213046272615129
2062.50	1.2213046272615129
2067.50	1.2213046272615129
2072.50	1.2213046272615129
2077.50	1.2213046272615129
2082.50	1.2213046272615129
2087.50	1.2213046272615129
2092.50	1.2213046272615129
2097.50	1.2213046272615129
2102.50	1.2213046272615129
2107.50	1.2213046272615129
2112.50	1.2213046272615129
2117.50	1.2213046272615129
2122.50	1.2213046272615129
2127.50	1.2213046272615129
2132.50	1.2213046272615129
2137.50	1.2213046272615129
2142.50	1.2213046272615129
2147.50	1.2213046272615129
2152.50	1.2213046272615129
2157.50	1.2213046272615129
2162.50	1.2213046272615129
2167.50	1.2213046272615129
2172.50	1.2213046272615129
2177.50	1.2213046272615129
2182.50	1.2213046272615129
2187.50	1.2213046272615129
2192.50	1.2213046272615129
2197.50	1.2213046272615129
2202.50	1.2213046272615129
2207.50	1.2213046272615129
2212.50	1.2213046272615129
2217.50	1.2213046272615129
2222.50	1.2213046272615129
2227.50	1.2213046272615129
2232.50	1.2213046272615129
2237.50	1.2213046272615129
2242.50	1.2213046272615129
2247.50	1.2213046272615129
2252.50	1.2213046272615129
2257.50	1.2213046272615129
2262.50	1.2213046272615129
2267.50	1.2213046272615129
2272.50	1.2213046272615129
2277.50	1.2213046272615129
2282.50	1.2213046272615129
2287.50	1.2213046272615129
2292.50	1.2213046272615129
2297.50	1.2213046272615129
2302.50	1.2213046272615129
2307.50	1.2213046272615129
2312.50	1.2213046272615129
2317.50	1.2213046272615129
2322.50	1.2213046272615129
2327.50	1.2213046272615129
2332.50	1.2213046272615129
2337.50	1.2213046272615129
2342.50	1.2213046272615129
2347.50	1.2213046272615129
2352.50	1.2213046272615129
2357.50	1.2213046272615129
2362.50	1.2213046272615129
2367.50	1.2213046272615129
2372.50	1.2213046272615129
2377.50	1.2213046272615129
2382.50	1.2213046272615129
2387.50	1.2213046272615129
2392.50	1.2213046272615129
2397.50	1.2213046272615129
2402.50	1.2213046272615129
2407.50	1.2213046272615129
2412.50	1.2213046272615129
2417.50	1.2213046272615129
2422.50	1.2213046272615129
2427.50	1.2213046272615129
2432.50	1.2213046272615129
2437.50	1.2213046272615129
2442.50	1.2213046272615129
2447.50	1.2213046272615129
2452.50	1.2213046272615129
2457.50	1.2213046272615129
2462.50	1.2213046272615129
2467.50	1.2213046272615129
2472.50	1.2213046272615129
2477.50	1.2213046272615129
2482.50	1.2213046272615129
2487.50	1.2213046272615129
2492.50	1.2213046272615129
2497.50	1.2213046272615129
2502.50	1.2213046272615129
2507.50	1.2213046272615129
2512.50	1.2213046272615129
2517.50	1.2213046272615129
2522.50	1.2213046272615129
2527.50	1.2213046272615129
2532.50	1.2213046272615129
2537.50	1.2213046272615129
2542.50	1.2213046272615129
2547.50	1.2213046272615129
2552.50	1.2213046272615129
2557.50	1.2213046272615129
2562.50	1.2213046272615129
2567.50	1.2213046272615129
2572.50	1.2213046272615129
2577.50	1.2213046272615129
2582.50	1.2213046272615129
2587.50	1.2213046272615129
2592.50	1.2213046272615129
2597.50	1.2213046272615129
2602.50	1.2213046272615129
2607.50	1.2213046272615129
2612.50	1.2213046272615129
2617.50	1.2213046272615129
2622.50	1.2213046272615129
2627.50	1.2213046272615129
2632.50	1.2213046272615129
2637.50	1.2213046272615129
2642.50	1.2213046272615129
2647.50	1.2213046272615129
2652.50	1.2213046272615129
2657.50	1.2213046272615129
2662.50	1.2213046272615129
2667.50	1.2213046272615129
2672.50	1.2213046272615129
2677.50	1.2213046272615129
2682.50	1.2213046272615129
2687.50	1.2213046272615129
2692.50	1.2213046272615129
2697.50	1.2213046272615129
2702.50	1.2213046272615129
2707.50	1.2213046272615129
2712.50	1.2213046272615129
2717.50	1.2213046272615129
2722.50	1.2213046272615129
2727.50	1.2213046272615129
2732.50	1.2213046272615129
2737.50	1.2213046272615129
2742.50	1.2213046272615129
2747.50	1.2213046272615129
2752.50	1.2213046272615129
2757.50	1.2213046272615129
2762.50	1.2213046272615129
2767.50	1.2213046272615129
2772.50	1.2213046272615129
2777.50	1.2213046272615129
2782.50	1.2213046272615129
2787.50	1.2213046272615129
2792.50	1.2213046272615129
2797.50	1.2213046272615129
2802.50	1.2213046272615129
2807.50	1.2213046272615129
2812.50	1.2213046272615129
2817.50	1.2213046272615129
2822.50	1.2213046272615129
2827.50	1.2213046272615129
2832.50	1.2213046272615129
2837.50	1.2213046272615129
2842.50	1.2213046272615129
2847.50	1.2213046272615129
2852.50	1.2213046272615129
2857.50	1.2213046272615129
2862.50	1.2213046272615129
2867.50	1.2213046272615129
2872.50	1.2213046272615129
2877.50	1.2213046272615129
2882.50	1.2213046272615129
2887.50	1.2213046272615129
2892.50	1.2213046272615129
2897.50	1.2213046272615129
2902.50	1.2213046272615129
2907.50	1.2213046272615129
2912.50	1.2213046272615129
2917.50	1.2213046272615129
2922.50	1.2213046272615129
2927.50	1.2213046272615129
2932.50	1.2213046272615129
2937.50	1.2213046272615129
2942.50	1.2213046272615129
2947.50	1.2213046272615129
2952.50	1.2213046272615129
2957.50	1.2213046272615129
2962.50	1.2213046272615129
2967.50	1.2213046272615129
2972.50	1.2213046272615129
2977.50	1.2213046272615129
2982.50	1.2213046272615129
2987.50	1.2213046272615129
2992.50	1.2213046272615129
2997.50	1.2213046272615129