# Nz= 600    dz = 5
#zc	th	qt	u	v	tke
2.50	286.258000000	0.00713250000000	8.000000	0.000000	0.100000
7.50	286.300000000	0.00701000000000	8.000000	0.000000	0.100000
12.50	286.342000000	0.00688750000000	8.000000	0.000000	0.100000
17.50	286.384000000	0.00676500000000	8.000000	0.000000	0.100000
22.50	286.426000000	0.00664250000000	8.000000	0.000000	0.100000
27.50	286.454000000	0.00660166666667	8.000000	0.000000	0.100000
32.50	286.482000000	0.00656083333333	8.000000	0.000000	0.100000
37.50	286.510000000	0.00652000000000	8.000000	0.000000	0.100000
42.50	286.694750000	0.00647033333333	8.000000	0.000000	0.100000
47.50	286.879500000	0.00642066666667	8.000000	0.000000	0.100000
52.50	287.064250000	0.00637100000000	8.000000	0.000000	0.100000
57.50	287.249000000	0.00632133333333	8.000000	0.000000	0.100000
62.50	287.433750000	0.00627166666667	8.000000	0.000000	0.100000
67.50	287.618500000	0.00622200000000	8.000000	0.000000	0.100000
72.50	287.803250000	0.00617233333333	8.000000	0.000000	0.100000
77.50	287.988000000	0.00612266666667	8.000000	0.000000	0.100000
82.50	288.172750000	0.00607300000000	8.000000	0.000000	0.100000
87.50	288.357500000	0.00602333333333	8.000000	0.000000	0.100000
92.50	288.542250000	0.00597366666667	8.000000	0.000000	0.100000
97.50	288.727000000	0.00592400000000	8.000000	0.000000	0.100000
102.50	288.911750000	0.00587433333333	8.000000	0.000000	0.100000
107.50	289.096500000	0.00582466666666	8.000000	0.000000	0.100000
112.50	289.281250000	0.00577500000000	8.000000	0.000000	0.100000
117.50	289.466000000	0.00572533333333	8.000000	0.000000	0.100000
122.50	289.650750000	0.00567566666666	8.000000	0.000000	0.100000
127.50	289.835500000	0.00562600000000	8.000000	0.000000	0.100000
132.50	290.020250000	0.00557633333333	8.000000	0.000000	0.100000
137.50	290.205000000	0.00552666666666	8.000000	0.000000	0.100000
142.50	290.389750000	0.00547700000000	8.000000	0.000000	0.100000
147.50	290.574500000	0.00542733333333	8.000000	0.000000	0.100000
152.50	290.759250000	0.00537766666666	8.000000	0.000000	0.100000
157.50	290.944000000	0.00532800000000	8.000000	0.000000	0.100000
162.50	291.128750000	0.00527833333333	8.000000	0.000000	0.100000
167.50	291.313500000	0.00522866666666	8.000000	0.000000	0.100000
172.50	291.498250000	0.00518005866667	8.000000	0.000000	0.100000
177.50	291.683000000	0.00513595000000	8.000000	0.000000	0.100000
182.50	291.867750000	0.00509290000000	8.000000	0.000000	0.100000
187.50	292.052300942	0.00505037933334	8.000000	0.000000	0.100000
192.50	292.236005892	0.00501010833333	8.000000	0.000000	0.100000
197.50	292.419511785	0.00497036666666	8.000000	0.000000	0.100000
202.50	292.602619562	0.00493168366667	8.000000	0.000000	0.100000
207.50	292.784035354	0.00489750000000	8.000000	0.000000	0.100000
212.50	292.965053031	0.00486437500000	8.000000	0.000000	0.100000
217.50	293.138024966	0.00483129907407	8.000000	0.000000	0.100000
222.50	293.276802504	0.00479843171297	8.000000	0.000000	0.100000
227.50	293.407534301	0.00476561342593	8.000000	0.000000	0.100000
232.50	293.530220358	0.00473284421297	8.000000	0.000000	0.100000
237.50	293.618712016	0.00470028356482	8.000000	0.000000	0.100000
242.50	293.699157933	0.00466777199074	8.000000	0.000000	0.100000
247.50	293.773182723	0.00463670628367	8.000000	0.000000	0.100000
252.50	293.819917719	0.00461178551137	8.000000	0.000000	0.100000
257.50	293.860231586	0.00458831060606	8.000000	0.000000	0.100000
262.50	293.894124326	0.00456628156776	8.000000	0.000000	0.100000
267.50	293.900727272	0.00455039746423	8.000000	0.000000	0.100000
272.50	293.900909090	0.00453595922770	8.000000	0.000000	0.100000
277.50	293.901090909	0.00452266877736	8.000000	0.000000	0.100000
282.50	293.901272727	0.00451425641834	8.000000	0.000000	0.100000
287.50	293.901454545	0.00450699184553	8.000000	0.000000	0.100000
292.50	293.901636363	0.00450087505891	8.000000	0.000000	0.100000
297.50	293.901818181	0.00449963636363	8.000000	0.000000	0.100000
302.50	293.901999999	0.00449954545454	8.000000	0.000000	0.100000
307.50	293.902181818	0.00449945454545	8.000000	0.000000	0.100000
312.50	293.902363636	0.00449936363636	8.000000	0.000000	0.100000
317.50	293.902545454	0.00449927272726	8.000000	0.000000	0.100000
322.50	293.902727272	0.00449918181817	8.000000	0.000000	0.100000
327.50	293.902909090	0.00449909090909	8.000000	0.000000	0.100000
332.50	293.903090908	0.00449900000000	8.000000	0.000000	0.100000
337.50	293.903272727	0.00449890909091	8.000000	0.000000	0.100000
342.50	293.903454545	0.00449881818182	8.000000	0.000000	0.100000
347.50	293.903636363	0.00449872727272	8.000000	0.000000	0.100000
352.50	293.903818181	0.00449863636363	8.000000	0.000000	0.100000
357.50	293.903999999	0.00449854545454	8.000000	0.000000	0.100000
362.50	293.904181817	0.00449845454545	8.000000	0.000000	0.100000
367.50	293.904363636	0.00449836363636	8.000000	0.000000	0.100000
372.50	293.904545454	0.00449827272727	8.000000	0.000000	0.100000
377.50	293.904727272	0.00449818181817	8.000000	0.000000	0.100000
382.50	293.904909090	0.00449809090908	8.000000	0.000000	0.100000
387.50	293.905090908	0.00449800000000	8.000000	0.000000	0.100000
392.50	293.905272726	0.00449790909091	8.000000	0.000000	0.100000
397.50	293.905454545	0.00449781818182	8.000000	0.000000	0.100000
402.50	293.905636363	0.00449772727273	8.000000	0.000000	0.100000
407.50	293.905818181	0.00449763636364	8.000000	0.000000	0.100000
412.50	293.905999999	0.00449754545455	8.000000	0.000000	0.100000
417.50	293.906181817	0.00449745454546	8.000000	0.000000	0.100000
422.50	293.906363636	0.00449736363636	8.000000	0.000000	0.100000
427.50	293.906545455	0.00449727272727	8.000000	0.000000	0.100000
432.50	293.906727273	0.00449718181818	8.000000	0.000000	0.100000
437.50	293.906909091	0.00449709090909	8.000000	0.000000	0.100000
442.50	293.907090909	0.00449700000000	8.000000	0.000000	0.100000
447.50	293.907272727	0.00449690909091	8.000000	0.000000	0.100000
452.50	293.907454545	0.00449681818182	8.000000	0.000000	0.100000
457.50	293.907636364	0.00449672727273	8.000000	0.000000	0.100000
462.50	293.907818182	0.00449663636364	8.000000	0.000000	0.100000
467.50	293.908000000	0.00449654545455	8.000000	0.000000	0.100000
472.50	293.908181818	0.00449645454546	8.000000	0.000000	0.100000
477.50	293.908363636	0.00449636363637	8.000000	0.000000	0.100000
482.50	293.908545454	0.00449627272727	8.000000	0.000000	0.100000
487.50	293.908732121	0.00449618181818	8.000000	0.000000	0.100000
492.50	293.908939395	0.00449609090909	8.000000	0.000000	0.100000
497.50	293.909151516	0.00449600000000	8.000000	0.000000	0.100000
502.50	293.909368486	0.00449590909091	8.000000	0.000000	0.100000
507.50	293.909606061	0.00449581818182	8.000000	0.000000	0.100000
512.50	293.909848485	0.00449572727273	8.000000	0.000000	0.100000
517.50	293.910249267	0.00449563636364	8.000000	0.000000	0.100000
522.50	293.911323067	0.00449554545455	8.000000	0.000000	0.100000
527.50	293.912555226	0.00449545454546	8.000000	0.000000	0.100000
532.50	293.913945742	0.00449536363637	8.000000	0.000000	0.100000
537.50	293.916009277	0.00449527272728	8.000000	0.000000	0.100000
542.50	293.918231170	0.00449518181818	8.000000	0.000000	0.100000
547.50	293.920477226	0.00449509090909	8.000000	0.000000	0.100000
552.50	293.922825975	0.00449500000000	8.000000	0.000000	0.100000
557.50	293.925198888	0.00449490909091	8.000000	0.000000	0.100000
562.50	293.927595965	0.00449481818182	8.000000	0.000000	0.100000
567.50	293.930095735	0.00449472727273	8.000000	0.000000	0.100000
572.50	293.932619669	0.00449463636364	8.000000	0.000000	0.100000
577.50	293.935143603	0.00449454545455	8.000000	0.000000	0.100000
582.50	293.937667537	0.00449445454546	8.000000	0.000000	0.100000
587.50	293.940191471	0.00449436363636	8.000000	0.000000	0.100000
592.50	293.942715405	0.00449427272727	8.000000	0.000000	0.100000
597.50	293.945239338	0.00449418181819	8.000000	0.000000	0.100000
602.50	293.947763272	0.00449409090910	8.000000	0.000000	0.100000
607.50	293.950287206	0.00449400000001	8.000000	0.000000	0.100000
612.50	293.952811140	0.00449390909092	8.000000	0.000000	0.100000
617.50	293.955335074	0.00449381818182	8.000000	0.000000	0.100000
622.50	293.957859008	0.00449372727273	8.000000	0.000000	0.100000
627.50	293.960382941	0.00449363636364	8.000000	0.000000	0.100000
632.50	293.962906875	0.00449354545454	8.000000	0.000000	0.100000
637.50	293.965430809	0.00449345454545	8.000000	0.000000	0.100000
642.50	293.967954743	0.00449336363636	8.000000	0.000000	0.100000
647.50	293.970478677	0.00449327272727	8.000000	0.000000	0.100000
652.50	293.973002611	0.00449318181818	8.000000	0.000000	0.100000
657.50	293.975526545	0.00449309090909	8.000000	0.000000	0.100000
662.50	293.978050479	0.00449300000000	8.000000	0.000000	0.100000
667.50	293.980574413	0.00449290909091	8.000000	0.000000	0.100000
672.50	293.983098347	0.00449281818182	8.000000	0.000000	0.100000
677.50	293.985622281	0.00449272727273	8.000000	0.000000	0.100000
682.50	293.988146215	0.00449263636364	8.000000	0.000000	0.100000
687.50	293.990670148	0.00449254545455	8.000000	0.000000	0.100000
692.50	293.993194082	0.00449245454546	8.000000	0.000000	0.100000
697.50	293.995718016	0.00449236363637	8.000000	0.000000	0.100000
702.50	293.998241950	0.00449227272728	8.000000	0.000000	0.100000
707.50	294.000765884	0.00449218181818	8.000000	0.000000	0.100000
712.50	294.003289818	0.00449209090909	8.000000	0.000000	0.100000
717.50	294.005813751	0.00449200000000	8.000000	0.000000	0.100000
722.50	294.008337685	0.00449190909091	8.000000	0.000000	0.100000
727.50	294.010861619	0.00449181818182	8.000000	0.000000	0.100000
732.50	294.013385553	0.00449172727273	8.000000	0.000000	0.100000
737.50	294.015909487	0.00449163636363	8.000000	0.000000	0.100000
742.50	294.018433421	0.00449154545454	8.000000	0.000000	0.100000
747.50	294.020957354	0.00449145454545	8.000000	0.000000	0.100000
752.50	294.023481288	0.00449136363636	8.000000	0.000000	0.100000
757.50	294.026005222	0.00449127272727	8.000000	0.000000	0.100000
762.50	294.028529156	0.00449118181818	8.000000	0.000000	0.100000
767.50	294.031053090	0.00449109090908	8.000000	0.000000	0.100000
772.50	294.033577024	0.00449099999999	8.000000	0.000000	0.100000
777.50	294.036100957	0.00449090909091	8.000000	0.000000	0.100000
782.50	294.038624891	0.00449081818182	8.000000	0.000000	0.100000
787.50	294.041148825	0.00449070974186	8.000000	0.000000	0.100000
792.50	294.043672759	0.00449052679574	8.000000	0.000000	0.100000
797.50	294.046196693	0.00449032631874	8.000000	0.000000	0.100000
802.50	294.048720627	0.00449010831088	8.000000	0.000000	0.100000
807.50	294.051244560	0.00448981579686	8.000000	0.000000	0.100000
812.50	294.053768494	0.00448950575196	8.000000	0.000000	0.100000
817.50	294.056292428	0.00448874410213	8.000000	0.000000	0.100000
822.50	294.058816362	0.00448606313131	8.000000	0.000000	0.100000
827.50	294.061340296	0.00448293055556	8.000000	0.000000	0.100000
832.50	294.063864230	0.00447934637487	8.000000	0.000000	0.100000
837.50	294.066388163	0.00447384287318	8.000000	0.000000	0.100000
842.50	294.068912097	0.00446788776655	8.000000	0.000000	0.100000
847.50	294.071436031	0.00446175129069	8.000000	0.000000	0.100000
852.50	294.073959965	0.00445484399551	8.000000	0.000000	0.100000
857.50	294.076483899	0.00444775533109	8.000000	0.000000	0.100000
862.50	294.079007833	0.00444048529743	8.000000	0.000000	0.100000
867.50	294.081531766	0.00443244444445	8.000000	0.000000	0.100000
872.50	294.084055700	0.00442422222222	8.000000	0.000000	0.100000
877.50	294.086579634	0.00441600000000	8.000000	0.000000	0.100000
882.50	294.089103568	0.00440777777778	8.000000	0.000000	0.100000
887.50	294.091627502	0.00439955555556	8.000000	0.000000	0.100000
892.50	294.094151436	0.00439133333334	8.000000	0.000000	0.100000
897.50	294.096675370	0.00438311111112	8.000000	0.000000	0.100000
902.50	294.099199304	0.00437488888889	8.000000	0.000000	0.100000
907.50	294.101723238	0.00436666666667	8.000000	0.000000	0.100000
912.50	294.104247172	0.00435844444445	8.000000	0.000000	0.100000
917.50	294.106771106	0.00435022222222	8.000000	0.000000	0.100000
922.50	294.109295040	0.00434200000000	8.000000	0.000000	0.100000
927.50	294.111818973	0.00433377777778	8.000000	0.000000	0.100000
932.50	294.114342907	0.00432555555555	8.000000	0.000000	0.100000
937.50	294.116866841	0.00431733333333	8.000000	0.000000	0.100000
942.50	294.119390775	0.00430911111111	8.000000	0.000000	0.100000
947.50	294.121914709	0.00430088888889	8.000000	0.000000	0.100000
952.50	294.124438643	0.00429266666667	8.000000	0.000000	0.100000
957.50	294.126962576	0.00428444444445	8.000000	0.000000	0.100000
962.50	294.129486510	0.00427622222222	8.000000	0.000000	0.100000
967.50	294.132010444	0.00426800000000	8.000000	0.000000	0.100000
972.50	294.134534378	0.00425977777778	8.000000	0.000000	0.100000
977.50	294.137058312	0.00425155555556	8.000000	0.000000	0.100000
982.50	294.139582246	0.00424333333334	8.000000	0.000000	0.100000
987.50	294.142106179	0.00423511111112	8.000000	0.000000	0.100000
992.50	294.144630113	0.00422688888889	8.000000	0.000000	0.100000
997.50	294.147154047	0.00421866666667	8.000000	0.000000	0.100000
1002.50	294.149677981	0.00421044444445	8.000000	0.000000	0.100000
1007.50	294.152201915	0.00420222222223	8.000000	0.000000	0.100000
1012.50	294.154725849	0.00419400000001	8.000000	0.000000	0.100000
1017.50	294.157249782	0.00418577777779	8.000000	0.000000	0.100000
1022.50	294.159773716	0.00417755555556	8.000000	0.000000	0.100000
1027.50	294.162297650	0.00416933333334	8.000000	0.000000	0.100000
1032.50	294.164821584	0.00416111111112	8.000000	0.000000	0.100000
1037.50	294.167345518	0.00415288888889	8.000000	0.000000	0.100000
1042.50	294.169869452	0.00414466666667	8.000000	0.000000	0.100000
1047.50	294.172393385	0.00413644444445	8.000000	0.000000	0.100000
1052.50	294.174917319	0.00412822222222	8.000000	0.000000	0.100000
1057.50	294.177441253	0.00412000000000	8.000000	0.000000	0.100000
1062.50	294.179965187	0.00411177777778	8.000000	0.000000	0.100000
1067.50	294.182489121	0.00410355555556	8.000000	0.000000	0.100000
1072.50	294.185013055	0.00409533333334	8.000000	0.000000	0.100000
1077.50	294.187536988	0.00408711111112	8.000000	0.000000	0.100000
1082.50	294.190060922	0.00407888888889	8.000000	0.000000	0.100000
1087.50	294.192584856	0.00407066666667	8.000000	0.000000	0.100000
1092.50	294.195108790	0.00406244444445	8.000000	0.000000	0.100000
1097.50	294.197632724	0.00405422222222	8.000000	0.000000	0.100000
1102.50	294.200156658	0.00404600000000	8.000000	0.000000	0.100000
1107.50	294.202680592	0.00403777777778	8.000000	0.000000	0.100000
1112.50	294.205204526	0.00402955555556	8.000000	0.000000	0.100000
1117.50	294.207728460	0.00402133333334	8.000000	0.000000	0.100000
1122.50	294.210252394	0.00401311111112	8.000000	0.000000	0.100000
1127.50	294.212776328	0.00400488888889	8.000000	0.000000	0.100000
1132.50	294.215300262	0.00399666666667	8.000000	0.000000	0.100000
1137.50	294.217824195	0.00398844444445	8.000000	0.000000	0.100000
1142.50	294.220348129	0.00398022222222	8.000000	0.000000	0.100000
1147.50	294.222872063	0.00397200000000	8.000000	0.000000	0.100000
1152.50	294.225395997	0.00396377777778	8.000000	0.000000	0.100000
1157.50	294.227919931	0.00395555555556	8.000000	0.000000	0.100000
1162.50	294.230443865	0.00394733333334	8.000000	0.000000	0.100000
1167.50	294.232967798	0.00393911111112	8.000000	0.000000	0.100000
1172.50	294.235491732	0.00393088888889	8.000000	0.000000	0.100000
1177.50	294.238015666	0.00392266666667	8.000000	0.000000	0.100000
1182.50	294.240539600	0.00391444444445	8.000000	0.000000	0.100000
1187.50	294.243063534	0.00390622222222	8.000000	0.000000	0.100000
1192.50	294.245587468	0.00389800000000	8.000000	0.000000	0.100000
1197.50	294.248111401	0.00388977777778	8.000000	0.000000	0.100000
1202.50	294.250635335	0.00388155555555	8.000000	0.000000	0.100000
1207.50	294.253159269	0.00387333333333	8.000000	0.000000	0.100000
1212.50	294.255683203	0.00386511111111	8.000000	0.000000	0.100000
1217.50	294.258207137	0.00385688888889	8.000000	0.000000	0.100000
1222.50	294.260731071	0.00384866666667	8.000000	0.000000	0.100000
1227.50	294.263255004	0.00384044444445	8.000000	0.000000	0.100000
1232.50	294.265778938	0.00383222222222	8.000000	0.000000	0.100000
1237.50	294.268302872	0.00382400000000	8.000000	0.000000	0.100000
1242.50	294.270826806	0.00381577777778	8.000000	0.000000	0.100000
1247.50	294.273350740	0.00380755555556	8.000000	0.000000	0.100000
1252.50	294.275874674	0.00379933333334	8.000000	0.000000	0.100000
1257.50	294.278398607	0.00379111111112	8.000000	0.000000	0.100000
1262.50	294.280922541	0.00378288888889	8.000000	0.000000	0.100000
1267.50	294.283446475	0.00377466666667	8.000000	0.000000	0.100000
1272.50	294.285970409	0.00376644444445	8.000000	0.000000	0.100000
1277.50	294.288494343	0.00375822222222	8.000000	0.000000	0.100000
1282.50	294.291018277	0.00375000000000	8.000000	0.000000	0.100000
1287.50	294.293542210	0.00374177777778	8.000000	0.000000	0.100000
1292.50	294.296066144	0.00373355555556	8.000000	0.000000	0.100000
1297.50	294.298590078	0.00372533333334	8.000000	0.000000	0.100000
1302.50	294.301114012	0.00371711111112	8.000000	0.000000	0.100000
1307.50	294.303637946	0.00370888888889	8.000000	0.000000	0.100000
1312.50	294.306161880	0.00370066666667	8.000000	0.000000	0.100000
1317.50	294.308685813	0.00369244444445	8.000000	0.000000	0.100000
1322.50	294.311209747	0.00368422222222	8.000000	0.000000	0.100000
1327.50	294.313733681	0.00367600000000	8.000000	0.000000	0.100000
1332.50	294.316257615	0.00366777777778	8.000000	0.000000	0.100000
1337.50	294.318781549	0.00365955555556	8.000000	0.000000	0.100000
1342.50	294.321305483	0.00365133333334	8.000000	0.000000	0.100000
1347.50	294.323829417	0.00364311111112	8.000000	0.000000	0.100000
1352.50	294.326353351	0.00363488888889	8.000000	0.000000	0.100000
1357.50	294.328877285	0.00362666666667	8.000000	0.000000	0.100000
1362.50	294.331401219	0.00361844444445	8.000000	0.000000	0.100000
1367.50	294.333925153	0.00361022222223	8.000000	0.000000	0.100000
1372.50	294.336449087	0.00360200000001	8.000000	0.000000	0.100000
1377.50	294.338973020	0.00359377777779	8.000000	0.000000	0.100000
1382.50	294.341496954	0.00358555555556	8.000000	0.000000	0.100000
1387.50	294.344020888	0.00357733333334	8.000000	0.000000	0.100000
1392.50	294.346544822	0.00356911111112	8.000000	0.000000	0.100000
1397.50	294.349068756	0.00356088888889	8.000000	0.000000	0.100000
1402.50	294.351592690	0.00355266666667	8.000000	0.000000	0.100000
1407.50	294.354116623	0.00354444444445	8.000000	0.000000	0.100000
1412.50	294.356640557	0.00353622222222	8.000000	0.000000	0.100000
1417.50	294.359164491	0.00352800000000	8.000000	0.000000	0.100000
1422.50	294.361688425	0.00351977777778	8.000000	0.000000	0.100000
1427.50	294.364212359	0.00351155555556	8.000000	0.000000	0.100000
1432.50	294.366736293	0.00350333333334	8.000000	0.000000	0.100000
1437.50	294.369260226	0.00349511111112	8.000000	0.000000	0.100000
1442.50	294.371784160	0.00348688888889	8.000000	0.000000	0.100000
1447.50	294.374308094	0.00347866666667	8.000000	0.000000	0.100000
1452.50	294.376832028	0.00347044444445	8.000000	0.000000	0.100000
1457.50	294.379355962	0.00346222222222	8.000000	0.000000	0.100000
1462.50	294.381879896	0.00345400000000	8.000000	0.000000	0.100000
1467.50	294.384403829	0.00344577777778	8.000000	0.000000	0.100000
1472.50	294.386927763	0.00343755555555	8.000000	0.000000	0.100000
1477.50	294.389451697	0.00342933333333	8.000000	0.000000	0.100000
1482.50	294.391975631	0.00342111111111	8.000000	0.000000	0.100000
1487.50	294.394499565	0.00341288888889	8.000000	0.000000	0.100000
1492.50	294.397023499	0.00340466666667	8.000000	0.000000	0.100000
1497.50	294.399547432	0.00339644444445	8.000000	0.000000	0.100000
1502.50	294.402071366	0.00338822222222	8.000000	0.000000	0.100000
1507.50	294.404595300	0.00338000000000	8.000000	0.000000	0.100000
1512.50	294.407119234	0.00337177777778	8.000000	0.000000	0.100000
1517.50	294.409643168	0.00336355555556	8.000000	0.000000	0.100000
1522.50	294.412167102	0.00335533333334	8.000000	0.000000	0.100000
1527.50	294.414691035	0.00334711111112	8.000000	0.000000	0.100000
1532.50	294.417214969	0.00333888888889	8.000000	0.000000	0.100000
1537.50	294.419738903	0.00333066666667	8.000000	0.000000	0.100000
1542.50	294.422262837	0.00332244444445	8.000000	0.000000	0.100000
1547.50	294.424786771	0.00331422222222	8.000000	0.000000	0.100000
1552.50	294.427310705	0.00330600000000	8.000000	0.000000	0.100000
1557.50	294.429834639	0.00329777777778	8.000000	0.000000	0.100000
1562.50	294.432358573	0.00328955555556	8.000000	0.000000	0.100000
1567.50	294.434882507	0.00328133333334	8.000000	0.000000	0.100000
1572.50	294.437406441	0.00327311111112	8.000000	0.000000	0.100000
1577.50	294.439930375	0.00326488888889	8.000000	0.000000	0.100000
1582.50	294.442454309	0.00325666666667	8.000000	0.000000	0.100000
1587.50	294.444978242	0.00324844444445	8.000000	0.000000	0.100000
1592.50	294.447502176	0.00324022222222	8.000000	0.000000	0.100000
1597.50	294.450026110	0.00323200000000	8.000000	0.000000	0.100000
1602.50	294.452550044	0.00322377777778	8.000000	0.000000	0.100000
1607.50	294.455073978	0.00321555555556	8.000000	0.000000	0.100000
1612.50	294.457597912	0.00320733333334	8.000000	0.000000	0.100000
1617.50	294.460121845	0.00319911111112	8.000000	0.000000	0.100000
1622.50	294.462645779	0.00319088888889	8.000000	0.000000	0.100000
1627.50	294.465169713	0.00318266666667	8.000000	0.000000	0.100000
1632.50	294.467693647	0.00317444444445	8.000000	0.000000	0.100000
1637.50	294.470217581	0.00316622222223	8.000000	0.000000	0.100000
1642.50	294.472741515	0.00315800000001	8.000000	0.000000	0.100000
1647.50	294.475265448	0.00314977777779	8.000000	0.000000	0.100000
1652.50	294.477789382	0.00314155555556	8.000000	0.000000	0.100000
1657.50	294.480808278	0.00313333333334	8.000000	0.000000	0.100000
1662.50	294.485930761	0.00312511111112	8.000000	0.000000	0.100000
1667.50	294.491548206	0.00311688888889	8.000000	0.000000	0.100000
1672.50	294.497660613	0.00310866666667	8.000000	0.000000	0.100000
1677.50	294.505876608	0.00310044444445	8.000000	0.000000	0.100000
1682.50	294.514587565	0.00309222222222	8.000000	0.000000	0.100000
1687.50	294.532587366	0.00308381753087	8.000000	0.000000	0.100000
1692.50	294.590064763	0.00307463734568	8.000000	0.000000	0.100000
1697.50	294.656831005	0.00306527469136	8.000000	0.000000	0.100000
1702.50	294.732886091	0.00305572956791	8.000000	0.000000	0.100000
1707.50	294.848418773	0.00304540895062	8.000000	0.000000	0.100000
1712.50	294.973240300	0.00303490586420	8.000000	0.000000	0.100000
1717.50	295.092625123	0.00301984104938	8.000000	0.000000	0.100000
1722.50	295.188903963	0.00298538888889	8.000000	0.000000	0.100000
1727.50	295.279746099	0.00294637500000	8.000000	0.000000	0.100000
1732.50	295.365151532	0.00290279938272	8.000000	0.000000	0.100000
1737.50	295.427450980	0.00283983641975	8.000000	0.000000	0.100000
1742.50	295.484313726	0.00277231172840	8.000000	0.000000	0.100000
1747.50	295.541176471	0.00270296234568	8.000000	0.000000	0.100000
1752.50	295.598039216	0.00262585802469	8.000000	0.000000	0.100000
1757.50	295.654901961	0.00254692901235	8.000000	0.000000	0.100000
1762.50	295.711764706	0.00246617530864	8.000000	0.000000	0.100000
1767.50	295.768627451	0.00237766666667	8.000000	0.000000	0.100000
1772.50	295.825490197	0.00228733333334	8.000000	0.000000	0.100000
1777.50	295.882352942	0.00219700000000	8.000000	0.000000	0.100000
1782.50	295.939215687	0.00210666666667	8.000000	0.000000	0.100000
1787.50	295.996078431	0.00201633333334	8.000000	0.000000	0.100000
1792.50	296.052941176	0.00192600000000	8.000000	0.000000	0.100000
1797.50	296.109803921	0.00183566666667	8.000000	0.000000	0.100000
1802.50	296.166666667	0.00174533333334	8.000000	0.000000	0.100000
1807.50	296.223529412	0.00165500000000	8.000000	0.000000	0.100000
1812.50	296.280392157	0.00156466666667	8.000000	0.000000	0.100000
1817.50	296.337254902	0.00147433333334	8.000000	0.000000	0.100000
1822.50	296.394117647	0.00138400000000	8.000000	0.000000	0.100000
1827.50	296.450980392	0.00129366666667	8.000000	0.000000	0.100000
1832.50	296.507843137	0.00120333333334	8.000000	0.000000	0.100000
1837.50	296.564705882	0.00111320094276	8.000000	0.000000	0.100000
1842.50	296.621568627	0.00102392255892	8.000000	0.000000	0.100000
1847.50	296.678431372	0.00093484511785	8.000000	0.000000	0.100000
1852.50	296.735294117	0.00084596861953	8.000000	0.000000	0.100000
1857.50	296.792156862	0.00075794612795	8.000000	0.000000	0.100000
1862.50	296.849019608	0.00067012457912	8.000000	0.000000	0.100000
1867.50	296.905882353	0.00058732659933	8.000000	0.000000	0.100000
1872.50	296.962745098	0.00052587878788	8.000000	0.000000	0.100000
1877.50	297.019607843	0.00046945454545	8.000000	0.000000	0.100000
1882.50	297.076470588	0.00041805387205	8.000000	0.000000	0.100000
1887.50	297.133333333	0.00038800336700	8.000000	0.000000	0.100000
1892.50	297.190196079	0.00036297643098	8.000000	0.000000	0.100000
1897.50	297.247058824	0.00033995892256	8.000000	0.000000	0.100000
1902.50	297.303921569	0.00032548148148	8.000000	0.000000	0.100000
1907.50	297.360784314	0.00031301346801	8.000000	0.000000	0.100000
1912.50	297.417647059	0.00030255488215	8.000000	0.000000	0.100000
1917.50	297.474509804	0.00030063636363	8.000000	0.000000	0.100000
1922.50	297.531372550	0.00030072727272	8.000000	0.000000	0.100000
1927.50	297.588160373	0.00030081818181	8.000000	0.000000	0.100000
1932.50	297.644629782	0.00030090909090	8.000000	0.000000	0.100000
1937.50	297.701024269	0.00030100000000	8.000000	0.000000	0.100000
1942.50	297.757343834	0.00030109090909	8.000000	0.000000	0.100000
1947.50	297.813344983	0.00030118181818	8.000000	0.000000	0.100000
1952.50	297.869271211	0.00030127272727	8.000000	0.000000	0.100000
1957.50	297.923324407	0.00030136363636	8.000000	0.000000	0.100000
1962.50	297.969417212	0.00030145454545	8.000000	0.000000	0.100000
1967.50	298.013636983	0.00030154545455	8.000000	0.000000	0.100000
1972.50	298.055983721	0.00030163636364	8.000000	0.000000	0.100000
1977.50	298.090370067	0.00030172727273	8.000000	0.000000	0.100000
1982.50	298.122883381	0.00030181818182	8.000000	0.000000	0.100000
1987.50	298.154647482	0.00030190909091	8.000000	0.000000	0.100000
1992.50	298.183227426	0.00030200000000	8.000000	0.000000	0.100000
1997.50	298.211058157	0.00030209090910	8.000000	0.000000	0.100000
2002.50	298.238139675	0.00030218181819	8.000000	0.000000	0.100000
2007.50	298.262037036	0.00030227272727	8.000000	0.000000	0.100000
2012.50	298.285185184	0.00030236363636	8.000000	0.000000	0.100000
2017.50	298.308333333	0.00030245454545	8.000000	0.000000	0.100000
2022.50	298.331481481	0.00030254545454	8.000000	0.000000	0.100000
2027.50	298.354629629	0.00030263636364	8.000000	0.000000	0.100000
2032.50	298.377777777	0.00030272727273	8.000000	0.000000	0.100000
2037.50	298.400925925	0.00030281818181	8.000000	0.000000	0.100000
2042.50	298.424074073	0.00030290909090	8.000000	0.000000	0.100000
2047.50	298.447222222	0.00030299999999	8.000000	0.000000	0.100000
2052.50	298.470370370	0.00030309090908	8.000000	0.000000	0.100000
2057.50	298.493518518	0.00030318181818	8.000000	0.000000	0.100000
2062.50	298.516666666	0.00030327272727	8.000000	0.000000	0.100000
2067.50	298.539814814	0.00030336363636	8.000000	0.000000	0.100000
2072.50	298.562962962	0.00030345454546	8.000000	0.000000	0.100000
2077.50	298.586111111	0.00030354545455	8.000000	0.000000	0.100000
2082.50	298.609259259	0.00030363636364	8.000000	0.000000	0.100000
2087.50	298.632407407	0.00030372727274	8.000000	0.000000	0.100000
2092.50	298.655555555	0.00030381818183	8.000000	0.000000	0.100000
2097.50	298.678703703	0.00030390909091	8.000000	0.000000	0.100000
2102.50	298.701851851	0.00030400000000	8.000000	0.000000	0.100000
2107.50	298.725000000	0.00030409090909	8.000000	0.000000	0.100000
2112.50	298.748148148	0.00030418181818	8.000000	0.000000	0.100000
2117.50	298.771296296	0.00030427272728	8.000000	0.000000	0.100000
2122.50	298.794444444	0.00030436363637	8.000000	0.000000	0.100000
2127.50	298.817592592	0.00030445454546	8.000000	0.000000	0.100000
2132.50	298.840740740	0.00030454545455	8.000000	0.000000	0.100000
2137.50	298.863888889	0.00030463636364	8.000000	0.000000	0.100000
2142.50	298.887037037	0.00030472727273	8.000000	0.000000	0.100000
2147.50	298.910185185	0.00030481818182	8.000000	0.000000	0.100000
2152.50	298.933333333	0.00030490909091	8.000000	0.000000	0.100000
2157.50	298.956481481	0.00030500000000	8.000000	0.000000	0.100000
2162.50	298.979629629	0.00030509090909	8.000000	0.000000	0.100000
2167.50	299.002777778	0.00030518181818	8.000000	0.000000	0.100000
2172.50	299.025925926	0.00030527272727	8.000000	0.000000	0.100000
2177.50	299.049074074	0.00030536363636	8.000000	0.000000	0.100000
2182.50	299.072222222	0.00030545454545	8.000000	0.000000	0.100000
2187.50	299.095370370	0.00030554545454	8.000000	0.000000	0.100000
2192.50	299.118518518	0.00030563636363	8.000000	0.000000	0.100000
2197.50	299.141666667	0.00030572727272	8.000000	0.000000	0.100000
2202.50	299.164814815	0.00030581818181	8.000000	0.000000	0.100000
2207.50	299.187962963	0.00030590909090	8.000000	0.000000	0.100000
2212.50	299.211111111	0.00030599999999	8.000000	0.000000	0.100000
2217.50	299.234259259	0.00030609090908	8.000000	0.000000	0.100000
2222.50	299.257407407	0.00030618181817	8.000000	0.000000	0.100000
2227.50	299.280555556	0.00030627272726	8.000000	0.000000	0.100000
2232.50	299.303703704	0.00030636363635	8.000000	0.000000	0.100000
2237.50	299.326851852	0.00030645454545	8.000000	0.000000	0.100000
2242.50	299.350000000	0.00030654545454	8.000000	0.000000	0.100000
2247.50	299.373148148	0.00030663636363	8.000000	0.000000	0.100000
2252.50	299.396296296	0.00030672727273	8.000000	0.000000	0.100000
2257.50	299.419444444	0.00030681818182	8.000000	0.000000	0.100000
2262.50	299.442592592	0.00030690909091	8.000000	0.000000	0.100000
2267.50	299.465740740	0.00030700000001	8.000000	0.000000	0.100000
2272.50	299.488888888	0.00030709090910	8.000000	0.000000	0.100000
2277.50	299.512037036	0.00030718181818	8.000000	0.000000	0.100000
2282.50	299.535185184	0.00030727272727	8.000000	0.000000	0.100000
2287.50	299.558333333	0.00030736363636	8.000000	0.000000	0.100000
2292.50	299.581481481	0.00030745454545	8.000000	0.000000	0.100000
2297.50	299.604629629	0.00030754545455	8.000000	0.000000	0.100000
2302.50	299.627777777	0.00030763636364	8.000000	0.000000	0.100000
2307.50	299.650925925	0.00030772727273	8.000000	0.000000	0.100000
2312.50	299.674074073	0.00030781818182	8.000000	0.000000	0.100000
2317.50	299.697222222	0.00030790909091	8.000000	0.000000	0.100000
2322.50	299.720370370	0.00030800000000	8.000000	0.000000	0.100000
2327.50	299.743518518	0.00030809090910	8.000000	0.000000	0.100000
2332.50	299.766666666	0.00030818181819	8.000000	0.000000	0.100000
2337.50	299.789814814	0.00030827272728	8.000000	0.000000	0.100000
2342.50	299.812962962	0.00030836363637	8.000000	0.000000	0.100000
2347.50	299.836111111	0.00030845454546	8.000000	0.000000	0.100000
2352.50	299.859259259	0.00030854545454	8.000000	0.000000	0.100000
2357.50	299.882407407	0.00030863636363	8.000000	0.000000	0.100000
2362.50	299.905555555	0.00030872727272	8.000000	0.000000	0.100000
2367.50	299.928703703	0.00030881818181	8.000000	0.000000	0.100000
2372.50	299.951851851	0.00030890909091	8.000000	0.000000	0.100000
2377.50	299.975000000	0.00030899993266	8.000000	0.000000	0.100000
2382.50	299.998148148	0.00030909048822	8.000000	0.000000	0.100000
2387.50	300.021296296	0.00030918097643	8.000000	0.000000	0.100000
2392.50	300.044444444	0.00030927139730	8.000000	0.000000	0.100000
2397.50	300.067592592	0.00030936153198	8.000000	0.000000	0.100000
2402.50	300.090740740	0.00030945159933	8.000000	0.000000	0.100000
2407.50	300.113888889	0.00030954043771	8.000000	0.000000	0.100000
2412.50	300.137037037	0.00030962405304	8.000000	0.000000	0.100000
2417.50	300.160185185	0.00030970643940	8.000000	0.000000	0.100000
2422.50	300.183333333	0.00030978759681	8.000000	0.000000	0.100000
2427.50	300.206481481	0.00030986353114	8.000000	0.000000	0.100000
2432.50	300.229629629	0.00030993823653	8.000000	0.000000	0.100000
2437.50	300.252777778	0.00031001363215	8.000000	0.000000	0.100000
2442.50	300.275925926	0.00031009196128	8.000000	0.000000	0.100000
2447.50	300.299074074	0.00031017098064	8.000000	0.000000	0.100000
2452.50	300.322222222	0.00031025069024	8.000000	0.000000	0.100000
2457.50	300.345370370	0.00031033333333	8.000000	0.000000	0.100000
2462.50	300.368518518	0.00031041666666	8.000000	0.000000	0.100000
2467.50	300.391666667	0.00031050000000	8.000000	0.000000	0.100000
2472.50	300.414814815	0.00031058333333	8.000000	0.000000	0.100000
2477.50	300.437962963	0.00031066666666	8.000000	0.000000	0.100000
2482.50	300.461111111	0.00031075000000	8.000000	0.000000	0.100000
2487.50	300.484259259	0.00031083333333	8.000000	0.000000	0.100000
2492.50	300.507407407	0.00031091666666	8.000000	0.000000	0.100000
2497.50	300.530555556	0.00031100000000	8.000000	0.000000	0.100000
2502.50	300.553703704	0.00031108333333	8.000000	0.000000	0.100000
2507.50	300.576851852	0.00031116666666	8.000000	0.000000	0.100000
2512.50	300.600000000	0.00031125000000	8.000000	0.000000	0.100000
2517.50	300.623148148	0.00031133333333	8.000000	0.000000	0.100000
2522.50	300.646296296	0.00031141666666	8.000000	0.000000	0.100000
2527.50	300.669444444	0.00031150000000	8.000000	0.000000	0.100000
2532.50	300.692592592	0.00031158333333	8.000000	0.000000	0.100000
2537.50	300.715740740	0.00031166666666	8.000000	0.000000	0.100000
2542.50	300.738888888	0.00031175000000	8.000000	0.000000	0.100000
2547.50	300.762037036	0.00031183333333	8.000000	0.000000	0.100000
2552.50	300.785185184	0.00031191666666	8.000000	0.000000	0.100000
2557.50	300.808333333	0.00031200000000	8.000000	0.000000	0.100000
2562.50	300.831481481	0.00031208333333	8.000000	0.000000	0.100000
2567.50	300.854629629	0.00031216666666	8.000000	0.000000	0.100000
2572.50	300.877777777	0.00031225000000	8.000000	0.000000	0.100000
2577.50	300.900925925	0.00031233333333	8.000000	0.000000	0.100000
2582.50	300.924074073	0.00031241666666	8.000000	0.000000	0.100000
2587.50	300.947222222	0.00031250000000	8.000000	0.000000	0.100000
2592.50	300.970370370	0.00031258333333	8.000000	0.000000	0.100000
2597.50	300.993518518	0.00031266666666	8.000000	0.000000	0.100000
2602.50	301.016666666	0.00031275000000	8.000000	0.000000	0.100000
2607.50	301.039814814	0.00031283333333	8.000000	0.000000	0.100000
2612.50	301.062962962	0.00031291666666	8.000000	0.000000	0.100000
2617.50	301.086111111	0.00031300000000	8.000000	0.000000	0.100000
2622.50	301.109259259	0.00031308333333	8.000000	0.000000	0.100000
2627.50	301.132407407	0.00031316666666	8.000000	0.000000	0.100000
2632.50	301.155555555	0.00031325000000	8.000000	0.000000	0.100000
2637.50	301.178703703	0.00031333333333	8.000000	0.000000	0.100000
2642.50	301.201851851	0.00031341666666	8.000000	0.000000	0.100000
2647.50	301.225000000	0.00031350000000	8.000000	0.000000	0.100000
2652.50	301.248148148	0.00031358333333	8.000000	0.000000	0.100000
2657.50	301.271296296	0.00031366666666	8.000000	0.000000	0.100000
2662.50	301.294444444	0.00031375000000	8.000000	0.000000	0.100000
2667.50	301.317592592	0.00031383333333	8.000000	0.000000	0.100000
2672.50	301.340740740	0.00031391666666	8.000000	0.000000	0.100000
2677.50	301.363888889	0.00031400000000	8.000000	0.000000	0.100000
2682.50	301.387037037	0.00031408333333	8.000000	0.000000	0.100000
2687.50	301.410185185	0.00031416666666	8.000000	0.000000	0.100000
2692.50	301.433333333	0.00031425000000	8.000000	0.000000	0.100000
2697.50	301.456481481	0.00031433333333	8.000000	0.000000	0.100000
2702.50	301.479629629	0.00031441666666	8.000000	0.000000	0.100000
2707.50	301.502777778	0.00031450000000	8.000000	0.000000	0.100000
2712.50	301.525925926	0.00031458333333	8.000000	0.000000	0.100000
2717.50	301.549074074	0.00031466666666	8.000000	0.000000	0.100000
2722.50	301.572222222	0.00031475000000	8.000000	0.000000	0.100000
2727.50	301.595370370	0.00031483333333	8.000000	0.000000	0.100000
2732.50	301.618518518	0.00031491666666	8.000000	0.000000	0.100000
2737.50	301.641666667	0.00031500000000	8.000000	0.000000	0.100000
2742.50	301.664814815	0.00031508333333	8.000000	0.000000	0.100000
2747.50	301.687962963	0.00031516666666	8.000000	0.000000	0.100000
2752.50	301.711111111	0.00031525000000	8.000000	0.000000	0.100000
2757.50	301.734259259	0.00031533333333	8.000000	0.000000	0.100000
2762.50	301.757407407	0.00031541666666	8.000000	0.000000	0.100000
2767.50	301.780555556	0.00031550000000	8.000000	0.000000	0.100000
2772.50	301.803703704	0.00031558333333	8.000000	0.000000	0.100000
2777.50	301.826851852	0.00031566666666	8.000000	0.000000	0.100000
2782.50	301.850000000	0.00031575000000	8.000000	0.000000	0.100000
2787.50	301.873148148	0.00031583333333	8.000000	0.000000	0.100000
2792.50	301.896296296	0.00031591666666	8.000000	0.000000	0.100000
2797.50	301.919444444	0.00031600000000	8.000000	0.000000	0.100000
2802.50	301.942592592	0.00031608333333	8.000000	0.000000	0.100000
2807.50	301.965740740	0.00031616666666	8.000000	0.000000	0.100000
2812.50	301.988888888	0.00031625000000	8.000000	0.000000	0.100000
2817.50	302.012037036	0.00031633333333	8.000000	0.000000	0.100000
2822.50	302.035185184	0.00031641666666	8.000000	0.000000	0.100000
2827.50	302.058333333	0.00031650000000	8.000000	0.000000	0.100000
2832.50	302.081481481	0.00031658333333	8.000000	0.000000	0.100000
2837.50	302.104629629	0.00031666666666	8.000000	0.000000	0.100000
2842.50	302.127777777	0.00031675000000	8.000000	0.000000	0.100000
2847.50	302.150925925	0.00031683333333	8.000000	0.000000	0.100000
2852.50	302.174074073	0.00031691666666	8.000000	0.000000	0.100000
2857.50	302.197222222	0.00031700000000	8.000000	0.000000	0.100000
2862.50	302.220370370	0.00031708333333	8.000000	0.000000	0.100000
2867.50	302.243518518	0.00031716666666	8.000000	0.000000	0.100000
2872.50	302.266666666	0.00031725000000	8.000000	0.000000	0.100000
2877.50	302.289814814	0.00031733333333	8.000000	0.000000	0.100000
2882.50	302.312962962	0.00031741666666	8.000000	0.000000	0.100000
2887.50	302.336111111	0.00031750000000	8.000000	0.000000	0.100000
2892.50	302.359259259	0.00031758333333	8.000000	0.000000	0.100000
2897.50	302.382407407	0.00031766666666	8.000000	0.000000	0.100000
2902.50	302.405555555	0.00031775000000	8.000000	0.000000	0.100000
2907.50	302.428703703	0.00031783333333	8.000000	0.000000	0.100000
2912.50	302.451851851	0.00031791666666	8.000000	0.000000	0.100000
2917.50	302.475000000	0.00031800000000	8.000000	0.000000	0.100000
2922.50	302.498148148	0.00031808333333	8.000000	0.000000	0.100000
2927.50	302.521296296	0.00031816666666	8.000000	0.000000	0.100000
2932.50	302.544444444	0.00031825000000	8.000000	0.000000	0.100000
2937.50	302.567592592	0.00031833333333	8.000000	0.000000	0.100000
2942.50	302.590740740	0.00031841666666	8.000000	0.000000	0.100000
2947.50	302.613888889	0.00031850000000	8.000000	0.000000	0.100000
2952.50	302.637037037	0.00031858333333	8.000000	0.000000	0.100000
2957.50	302.660185185	0.00031866666666	8.000000	0.000000	0.100000
2962.50	302.683333333	0.00031875000000	8.000000	0.000000	0.100000
2967.50	302.706481481	0.00031883333333	8.000000	0.000000	0.100000
2972.50	302.729629629	0.00031891666666	8.000000	0.000000	0.100000
2977.50	302.752777778	0.00031900000000	8.000000	0.000000	0.100000
2982.50	302.775925926	0.00031908333333	8.000000	0.000000	0.100000
2987.50	302.799074074	0.00031916666666	8.000000	0.000000	0.100000
2992.50	302.822222222	0.00031925000000	8.000000	0.000000	0.100000
2997.50	302.845370370	0.00031933333333	8.000000	0.000000	0.100000