# Nz= 600	dz = 5
#zc	nh3_r0b	nh3_r1b	nh3_r1p
2.50	13.100000	13.100000	0.000000
7.50	13.100000	13.100000	0.000000
12.50	13.100000	13.100000	0.000000
17.50	13.100000	13.100000	0.000000
22.50	13.100000	13.100000	0.000000
27.50	13.100000	13.100000	0.000000
32.50	13.100000	13.100000	0.000000
37.50	13.100000	13.100000	0.000000
42.50	13.100000	13.100000	0.000000
47.50	13.100000	13.100000	0.000000
52.50	13.100000	13.100000	0.000000
57.50	13.100000	13.100000	0.000000
62.50	13.100000	13.100000	0.000000
67.50	13.100000	13.100000	0.000000
72.50	13.100000	13.100000	0.000000
77.50	13.100000	13.100000	0.000000
82.50	13.100000	13.100000	0.000000
87.50	13.100000	13.100000	0.000000
92.50	13.100000	13.100000	0.000000
97.50	13.100000	13.100000	0.000000
102.50	13.100000	13.100000	0.000000
107.50	13.100000	13.100000	0.000000
112.50	13.100000	13.100000	0.000000
117.50	13.100000	13.100000	0.000000
122.50	13.100000	13.100000	0.000000
127.50	13.100000	13.100000	0.000000
132.50	13.100000	13.100000	0.000000
137.50	13.100000	13.100000	0.000000
142.50	13.100000	13.100000	0.000000
147.50	13.100000	13.100000	0.000000
152.50	13.100000	13.100000	0.000000
157.50	13.100000	13.100000	0.000000
162.50	13.100000	13.100000	0.000000
167.50	13.100000	13.100000	0.000000
172.50	13.100000	13.100000	0.000000
177.50	13.100000	13.100000	0.000000
182.50	13.100000	13.100000	0.000000
187.50	13.100000	13.100000	0.000000
192.50	13.100000	13.100000	0.000000
197.50	13.100000	13.100000	0.000000
202.50	13.100000	13.100000	0.000000
207.50	13.100000	13.100000	0.000000
212.50	13.100000	13.100000	0.000000
217.50	13.100000	13.100000	0.000000
222.50	13.100000	13.100000	0.000000
227.50	13.100000	13.100000	0.000000
232.50	13.100000	13.100000	0.000000
237.50	13.100000	13.100000	0.000000
242.50	13.100000	13.100000	0.000000
247.50	13.100000	13.100000	0.000000
252.50	13.100000	13.100000	0.000000
257.50	13.100000	13.100000	0.000000
262.50	13.100000	13.100000	0.000000
267.50	13.100000	13.100000	0.000000
272.50	13.100000	13.100000	0.000000
277.50	13.100000	13.100000	0.000000
282.50	13.100000	13.100000	0.000000
287.50	13.100000	13.100000	0.000000
292.50	13.100000	13.100000	0.000000
297.50	13.100000	13.100000	0.000000
302.50	13.100000	13.100000	0.000000
307.50	13.100000	13.100000	0.000000
312.50	13.100000	13.100000	0.000000
317.50	13.100000	13.100000	0.000000
322.50	13.100000	13.100000	0.000000
327.50	13.100000	13.100000	0.000000
332.50	13.100000	13.100000	0.000000
337.50	13.100000	13.100000	0.000000
342.50	13.100000	13.100000	0.000000
347.50	13.100000	13.100000	0.000000
352.50	13.100000	13.100000	0.000000
357.50	13.100000	13.100000	0.000000
362.50	13.100000	13.100000	0.000000
367.50	13.100000	13.100000	0.000000
372.50	13.100000	13.100000	0.000000
377.50	13.100000	13.100000	0.000000
382.50	13.100000	13.100000	0.000000
387.50	13.100000	13.100000	0.000000
392.50	13.100000	13.100000	0.000000
397.50	13.100000	13.100000	0.000000
402.50	13.100000	13.100000	0.000000
407.50	13.100000	13.100000	0.000000
412.50	13.100000	13.100000	0.000000
417.50	13.100000	13.100000	0.000000
422.50	13.100000	13.100000	0.000000
427.50	13.100000	13.100000	0.000000
432.50	13.100000	13.100000	0.000000
437.50	13.100000	13.100000	0.000000
442.50	13.100000	13.100000	0.000000
447.50	13.100000	13.100000	0.000000
452.50	13.100000	13.100000	0.000000
457.50	13.100000	13.100000	0.000000
462.50	13.100000	13.100000	0.000000
467.50	13.100000	13.100000	0.000000
472.50	13.100000	13.100000	0.000000
477.50	13.100000	13.100000	0.000000
482.50	13.100000	13.100000	0.000000
487.50	13.100000	13.100000	0.000000
492.50	13.100000	13.100000	0.000000
497.50	13.100000	13.100000	0.000000
502.50	13.100000	13.100000	0.000000
507.50	13.100000	13.100000	0.000000
512.50	13.100000	13.100000	0.000000
517.50	13.100000	13.100000	0.000000
522.50	13.100000	13.100000	0.000000
527.50	13.100000	13.100000	0.000000
532.50	13.100000	13.100000	0.000000
537.50	13.100000	13.100000	0.000000
542.50	13.100000	13.100000	0.000000
547.50	13.100000	13.100000	0.000000
552.50	13.100000	13.100000	0.000000
557.50	13.100000	13.100000	0.000000
562.50	13.100000	13.100000	0.000000
567.50	13.100000	13.100000	0.000000
572.50	13.100000	13.100000	0.000000
577.50	13.100000	13.100000	0.000000
582.50	13.100000	13.100000	0.000000
587.50	13.100000	13.100000	0.000000
592.50	13.100000	13.100000	0.000000
597.50	13.100000	13.100000	0.000000
602.50	13.100000	13.100000	0.000000
607.50	13.100000	13.100000	0.000000
612.50	13.100000	13.100000	0.000000
617.50	13.100000	13.100000	0.000000
622.50	13.100000	13.100000	0.000000
627.50	13.100000	13.100000	0.000000
632.50	13.100000	13.100000	0.000000
637.50	13.100000	13.100000	0.000000
642.50	13.100000	13.100000	0.000000
647.50	13.100000	13.100000	0.000000
652.50	13.100000	13.100000	0.000000
657.50	13.100000	13.100000	0.000000
662.50	13.100000	13.100000	0.000000
667.50	13.100000	13.100000	0.000000
672.50	13.100000	13.100000	0.000000
677.50	13.100000	13.100000	0.000000
682.50	13.100000	13.100000	0.000000
687.50	13.100000	13.100000	0.000000
692.50	13.100000	13.100000	0.000000
697.50	13.100000	13.100000	0.000000
702.50	13.100000	13.100000	0.000000
707.50	13.100000	13.100000	0.000000
712.50	13.100000	13.100000	0.000000
717.50	13.100000	13.100000	0.000000
722.50	13.100000	13.100000	0.000000
727.50	13.100000	13.100000	0.000000
732.50	13.100000	13.100000	0.000000
737.50	13.100000	13.100000	0.000000
742.50	13.100000	13.100000	0.000000
747.50	13.100000	13.100000	0.000000
752.50	13.100000	13.100000	0.000000
757.50	13.100000	13.100000	0.000000
762.50	13.100000	13.100000	0.000000
767.50	13.100000	13.100000	0.000000
772.50	13.100000	13.100000	0.000000
777.50	13.100000	13.100000	0.000000
782.50	13.100000	13.100000	0.000000
787.50	13.100000	13.100000	0.000000
792.50	13.100000	13.100000	0.000000
797.50	13.100000	13.100000	0.000000
802.50	13.100000	13.100000	0.000000
807.50	13.100000	13.100000	0.000000
812.50	13.100000	13.100000	0.000000
817.50	13.100000	13.100000	0.000000
822.50	13.100000	13.100000	0.000000
827.50	13.100000	13.100000	0.000000
832.50	13.100000	13.100000	0.000000
837.50	13.100000	13.100000	0.000000
842.50	13.100000	13.100000	0.000000
847.50	13.100000	13.100000	0.000000
852.50	13.100000	13.100000	0.000000
857.50	13.100000	13.100000	0.000000
862.50	13.100000	13.100000	0.000000
867.50	13.100000	13.100000	0.000000
872.50	13.100000	13.100000	0.000000
877.50	13.100000	13.100000	0.000000
882.50	13.100000	13.100000	0.000000
887.50	13.100000	13.100000	0.000000
892.50	13.100000	13.100000	0.000000
897.50	13.100000	13.100000	0.000000
902.50	13.100000	13.100000	0.000000
907.50	13.100000	13.100000	0.000000
912.50	13.100000	13.100000	0.000000
917.50	13.100000	13.100000	0.000000
922.50	13.100000	13.100000	0.000000
927.50	13.100000	13.100000	0.000000
932.50	13.100000	13.100000	0.000000
937.50	13.100000	13.100000	0.000000
942.50	13.100000	13.100000	0.000000
947.50	13.100000	13.100000	0.000000
952.50	13.100000	13.100000	0.000000
957.50	13.100000	13.100000	0.000000
962.50	13.100000	13.100000	0.000000
967.50	13.100000	13.100000	0.000000
972.50	13.100000	13.100000	0.000000
977.50	13.100000	13.100000	0.000000
982.50	13.100000	13.100000	0.000000
987.50	13.100000	13.100000	0.000000
992.50	13.100000	13.100000	0.000000
997.50	13.100000	13.100000	0.000000
1002.50	13.100000	13.100000	0.000000
1007.50	13.100000	13.100000	0.000000
1012.50	13.100000	13.100000	0.000000
1017.50	13.100000	13.100000	0.000000
1022.50	13.100000	13.100000	0.000000
1027.50	13.100000	13.100000	0.000000
1032.50	13.100000	13.100000	0.000000
1037.50	13.100000	13.100000	0.000000
1042.50	13.100000	13.100000	0.000000
1047.50	13.100000	13.100000	0.000000
1052.50	13.100000	13.100000	0.000000
1057.50	13.100000	13.100000	0.000000
1062.50	13.100000	13.100000	0.000000
1067.50	13.100000	13.100000	0.000000
1072.50	13.100000	13.100000	0.000000
1077.50	13.100000	13.100000	0.000000
1082.50	13.100000	13.100000	0.000000
1087.50	13.100000	13.100000	0.000000
1092.50	13.100000	13.100000	0.000000
1097.50	13.100000	13.100000	0.000000
1102.50	13.100000	13.100000	0.000000
1107.50	13.100000	13.100000	0.000000
1112.50	13.100000	13.100000	0.000000
1117.50	13.100000	13.100000	0.000000
1122.50	13.100000	13.100000	0.000000
1127.50	13.100000	13.100000	0.000000
1132.50	13.100000	13.100000	0.000000
1137.50	13.100000	13.100000	0.000000
1142.50	13.100000	13.100000	0.000000
1147.50	13.100000	13.100000	0.000000
1152.50	13.100000	13.100000	0.000000
1157.50	13.100000	13.100000	0.000000
1162.50	13.100000	13.100000	0.000000
1167.50	13.100000	13.100000	0.000000
1172.50	13.100000	13.100000	0.000000
1177.50	13.100000	13.100000	0.000000
1182.50	13.100000	13.100000	0.000000
1187.50	13.100000	13.100000	0.000000
1192.50	13.100000	13.100000	0.000000
1197.50	13.100000	13.100000	0.000000
1202.50	13.100000	13.100000	0.000000
1207.50	13.100000	13.100000	0.000000
1212.50	13.100000	13.100000	0.000000
1217.50	13.100000	13.100000	0.000000
1222.50	13.100000	13.100000	0.000000
1227.50	13.100000	13.100000	0.000000
1232.50	13.100000	13.100000	0.000000
1237.50	13.100000	13.100000	0.000000
1242.50	13.100000	13.100000	0.000000
1247.50	13.100000	13.100000	0.000000
1252.50	13.100000	13.100000	0.000000
1257.50	13.100000	13.100000	0.000000
1262.50	13.100000	13.100000	0.000000
1267.50	13.100000	13.100000	0.000000
1272.50	13.100000	13.100000	0.000000
1277.50	13.100000	13.100000	0.000000
1282.50	13.100000	13.100000	0.000000
1287.50	13.100000	13.100000	0.000000
1292.50	13.100000	13.100000	0.000000
1297.50	13.100000	13.100000	0.000000
1302.50	13.100000	13.100000	0.000000
1307.50	13.100000	13.100000	0.000000
1312.50	13.100000	13.100000	0.000000
1317.50	13.100000	13.100000	0.000000
1322.50	13.100000	13.100000	0.000000
1327.50	13.100000	13.100000	0.000000
1332.50	13.100000	13.100000	0.000000
1337.50	13.100000	13.100000	0.000000
1342.50	13.100000	13.100000	0.000000
1347.50	13.100000	13.100000	0.000000
1352.50	13.100000	13.100000	0.000000
1357.50	13.100000	13.100000	0.000000
1362.50	13.100000	13.100000	0.000000
1367.50	13.100000	13.100000	0.000000
1372.50	13.100000	13.100000	0.000000
1377.50	13.100000	13.100000	0.000000
1382.50	13.100000	13.100000	0.000000
1387.50	13.100000	13.100000	0.000000
1392.50	13.100000	13.100000	0.000000
1397.50	13.100000	13.100000	0.000000
1402.50	1.000000	1.000000	0.000000
1407.50	1.000000	1.000000	0.000000
1412.50	1.000000	1.000000	0.000000
1417.50	1.000000	1.000000	0.000000
1422.50	1.000000	1.000000	0.000000
1427.50	1.000000	1.000000	0.000000
1432.50	1.000000	1.000000	0.000000
1437.50	1.000000	1.000000	0.000000
1442.50	1.000000	1.000000	0.000000
1447.50	1.000000	1.000000	0.000000
1452.50	1.000000	1.000000	0.000000
1457.50	1.000000	1.000000	0.000000
1462.50	1.000000	1.000000	0.000000
1467.50	1.000000	1.000000	0.000000
1472.50	1.000000	1.000000	0.000000
1477.50	1.000000	1.000000	0.000000
1482.50	1.000000	1.000000	0.000000
1487.50	1.000000	1.000000	0.000000
1492.50	1.000000	1.000000	0.000000
1497.50	1.000000	1.000000	0.000000
1502.50	1.000000	1.000000	0.000000
1507.50	1.000000	1.000000	0.000000
1512.50	1.000000	1.000000	0.000000
1517.50	1.000000	1.000000	0.000000
1522.50	1.000000	1.000000	0.000000
1527.50	1.000000	1.000000	0.000000
1532.50	1.000000	1.000000	0.000000
1537.50	1.000000	1.000000	0.000000
1542.50	1.000000	1.000000	0.000000
1547.50	1.000000	1.000000	0.000000
1552.50	1.000000	1.000000	0.000000
1557.50	1.000000	1.000000	0.000000
1562.50	1.000000	1.000000	0.000000
1567.50	1.000000	1.000000	0.000000
1572.50	1.000000	1.000000	0.000000
1577.50	1.000000	1.000000	0.000000
1582.50	1.000000	1.000000	0.000000
1587.50	1.000000	1.000000	0.000000
1592.50	1.000000	1.000000	0.000000
1597.50	1.000000	1.000000	0.000000
1602.50	1.000000	1.000000	0.000000
1607.50	1.000000	1.000000	0.000000
1612.50	1.000000	1.000000	0.000000
1617.50	1.000000	1.000000	0.000000
1622.50	1.000000	1.000000	0.000000
1627.50	1.000000	1.000000	0.000000
1632.50	1.000000	1.000000	0.000000
1637.50	1.000000	1.000000	0.000000
1642.50	1.000000	1.000000	0.000000
1647.50	1.000000	1.000000	0.000000
1652.50	1.000000	1.000000	0.000000
1657.50	1.000000	1.000000	0.000000
1662.50	1.000000	1.000000	0.000000
1667.50	1.000000	1.000000	0.000000
1672.50	1.000000	1.000000	0.000000
1677.50	1.000000	1.000000	0.000000
1682.50	1.000000	1.000000	0.000000
1687.50	1.000000	1.000000	0.000000
1692.50	1.000000	1.000000	0.000000
1697.50	1.000000	1.000000	0.000000
1702.50	1.000000	1.000000	0.000000
1707.50	1.000000	1.000000	0.000000
1712.50	1.000000	1.000000	0.000000
1717.50	1.000000	1.000000	0.000000
1722.50	1.000000	1.000000	0.000000
1727.50	1.000000	1.000000	0.000000
1732.50	1.000000	1.000000	0.000000
1737.50	1.000000	1.000000	0.000000
1742.50	1.000000	1.000000	0.000000
1747.50	1.000000	1.000000	0.000000
1752.50	1.000000	1.000000	0.000000
1757.50	1.000000	1.000000	0.000000
1762.50	1.000000	1.000000	0.000000
1767.50	1.000000	1.000000	0.000000
1772.50	1.000000	1.000000	0.000000
1777.50	1.000000	1.000000	0.000000
1782.50	1.000000	1.000000	0.000000
1787.50	1.000000	1.000000	0.000000
1792.50	1.000000	1.000000	0.000000
1797.50	1.000000	1.000000	0.000000
1802.50	1.000000	1.000000	0.000000
1807.50	1.000000	1.000000	0.000000
1812.50	1.000000	1.000000	0.000000
1817.50	1.000000	1.000000	0.000000
1822.50	1.000000	1.000000	0.000000
1827.50	1.000000	1.000000	0.000000
1832.50	1.000000	1.000000	0.000000
1837.50	1.000000	1.000000	0.000000
1842.50	1.000000	1.000000	0.000000
1847.50	1.000000	1.000000	0.000000
1852.50	1.000000	1.000000	0.000000
1857.50	1.000000	1.000000	0.000000
1862.50	1.000000	1.000000	0.000000
1867.50	1.000000	1.000000	0.000000
1872.50	1.000000	1.000000	0.000000
1877.50	1.000000	1.000000	0.000000
1882.50	1.000000	1.000000	0.000000
1887.50	1.000000	1.000000	0.000000
1892.50	1.000000	1.000000	0.000000
1897.50	1.000000	1.000000	0.000000
1902.50	1.000000	1.000000	0.000000
1907.50	1.000000	1.000000	0.000000
1912.50	1.000000	1.000000	0.000000
1917.50	1.000000	1.000000	0.000000
1922.50	1.000000	1.000000	0.000000
1927.50	1.000000	1.000000	0.000000
1932.50	1.000000	1.000000	0.000000
1937.50	1.000000	1.000000	0.000000
1942.50	1.000000	1.000000	0.000000
1947.50	1.000000	1.000000	0.000000
1952.50	1.000000	1.000000	0.000000
1957.50	1.000000	1.000000	0.000000
1962.50	1.000000	1.000000	0.000000
1967.50	1.000000	1.000000	0.000000
1972.50	1.000000	1.000000	0.000000
1977.50	1.000000	1.000000	0.000000
1982.50	1.000000	1.000000	0.000000
1987.50	1.000000	1.000000	0.000000
1992.50	1.000000	1.000000	0.000000
1997.50	1.000000	1.000000	0.000000
2002.50	1.000000	1.000000	0.000000
2007.50	1.000000	1.000000	0.000000
2012.50	1.000000	1.000000	0.000000
2017.50	1.000000	1.000000	0.000000
2022.50	1.000000	1.000000	0.000000
2027.50	1.000000	1.000000	0.000000
2032.50	1.000000	1.000000	0.000000
2037.50	1.000000	1.000000	0.000000
2042.50	1.000000	1.000000	0.000000
2047.50	1.000000	1.000000	0.000000
2052.50	1.000000	1.000000	0.000000
2057.50	1.000000	1.000000	0.000000
2062.50	1.000000	1.000000	0.000000
2067.50	1.000000	1.000000	0.000000
2072.50	1.000000	1.000000	0.000000
2077.50	1.000000	1.000000	0.000000
2082.50	1.000000	1.000000	0.000000
2087.50	1.000000	1.000000	0.000000
2092.50	1.000000	1.000000	0.000000
2097.50	1.000000	1.000000	0.000000
2102.50	1.000000	1.000000	0.000000
2107.50	1.000000	1.000000	0.000000
2112.50	1.000000	1.000000	0.000000
2117.50	1.000000	1.000000	0.000000
2122.50	1.000000	1.000000	0.000000
2127.50	1.000000	1.000000	0.000000
2132.50	1.000000	1.000000	0.000000
2137.50	1.000000	1.000000	0.000000
2142.50	1.000000	1.000000	0.000000
2147.50	1.000000	1.000000	0.000000
2152.50	1.000000	1.000000	0.000000
2157.50	1.000000	1.000000	0.000000
2162.50	1.000000	1.000000	0.000000
2167.50	1.000000	1.000000	0.000000
2172.50	1.000000	1.000000	0.000000
2177.50	1.000000	1.000000	0.000000
2182.50	1.000000	1.000000	0.000000
2187.50	1.000000	1.000000	0.000000
2192.50	1.000000	1.000000	0.000000
2197.50	1.000000	1.000000	0.000000
2202.50	1.000000	1.000000	0.000000
2207.50	1.000000	1.000000	0.000000
2212.50	1.000000	1.000000	0.000000
2217.50	1.000000	1.000000	0.000000
2222.50	1.000000	1.000000	0.000000
2227.50	1.000000	1.000000	0.000000
2232.50	1.000000	1.000000	0.000000
2237.50	1.000000	1.000000	0.000000
2242.50	1.000000	1.000000	0.000000
2247.50	1.000000	1.000000	0.000000
2252.50	1.000000	1.000000	0.000000
2257.50	1.000000	1.000000	0.000000
2262.50	1.000000	1.000000	0.000000
2267.50	1.000000	1.000000	0.000000
2272.50	1.000000	1.000000	0.000000
2277.50	1.000000	1.000000	0.000000
2282.50	1.000000	1.000000	0.000000
2287.50	1.000000	1.000000	0.000000
2292.50	1.000000	1.000000	0.000000
2297.50	1.000000	1.000000	0.000000
2302.50	1.000000	1.000000	0.000000
2307.50	1.000000	1.000000	0.000000
2312.50	1.000000	1.000000	0.000000
2317.50	1.000000	1.000000	0.000000
2322.50	1.000000	1.000000	0.000000
2327.50	1.000000	1.000000	0.000000
2332.50	1.000000	1.000000	0.000000
2337.50	1.000000	1.000000	0.000000
2342.50	1.000000	1.000000	0.000000
2347.50	1.000000	1.000000	0.000000
2352.50	1.000000	1.000000	0.000000
2357.50	1.000000	1.000000	0.000000
2362.50	1.000000	1.000000	0.000000
2367.50	1.000000	1.000000	0.000000
2372.50	1.000000	1.000000	0.000000
2377.50	1.000000	1.000000	0.000000
2382.50	1.000000	1.000000	0.000000
2387.50	1.000000	1.000000	0.000000
2392.50	1.000000	1.000000	0.000000
2397.50	1.000000	1.000000	0.000000
2402.50	1.000000	1.000000	0.000000
2407.50	1.000000	1.000000	0.000000
2412.50	1.000000	1.000000	0.000000
2417.50	1.000000	1.000000	0.000000
2422.50	1.000000	1.000000	0.000000
2427.50	1.000000	1.000000	0.000000
2432.50	1.000000	1.000000	0.000000
2437.50	1.000000	1.000000	0.000000
2442.50	1.000000	1.000000	0.000000
2447.50	1.000000	1.000000	0.000000
2452.50	1.000000	1.000000	0.000000
2457.50	1.000000	1.000000	0.000000
2462.50	1.000000	1.000000	0.000000
2467.50	1.000000	1.000000	0.000000
2472.50	1.000000	1.000000	0.000000
2477.50	1.000000	1.000000	0.000000
2482.50	1.000000	1.000000	0.000000
2487.50	1.000000	1.000000	0.000000
2492.50	1.000000	1.000000	0.000000
2497.50	1.000000	1.000000	0.000000
2502.50	1.000000	1.000000	0.000000
2507.50	1.000000	1.000000	0.000000
2512.50	1.000000	1.000000	0.000000
2517.50	1.000000	1.000000	0.000000
2522.50	1.000000	1.000000	0.000000
2527.50	1.000000	1.000000	0.000000
2532.50	1.000000	1.000000	0.000000
2537.50	1.000000	1.000000	0.000000
2542.50	1.000000	1.000000	0.000000
2547.50	1.000000	1.000000	0.000000
2552.50	1.000000	1.000000	0.000000
2557.50	1.000000	1.000000	0.000000
2562.50	1.000000	1.000000	0.000000
2567.50	1.000000	1.000000	0.000000
2572.50	1.000000	1.000000	0.000000
2577.50	1.000000	1.000000	0.000000
2582.50	1.000000	1.000000	0.000000
2587.50	1.000000	1.000000	0.000000
2592.50	1.000000	1.000000	0.000000
2597.50	1.000000	1.000000	0.000000
2602.50	1.000000	1.000000	0.000000
2607.50	1.000000	1.000000	0.000000
2612.50	1.000000	1.000000	0.000000
2617.50	1.000000	1.000000	0.000000
2622.50	1.000000	1.000000	0.000000
2627.50	1.000000	1.000000	0.000000
2632.50	1.000000	1.000000	0.000000
2637.50	1.000000	1.000000	0.000000
2642.50	1.000000	1.000000	0.000000
2647.50	1.000000	1.000000	0.000000
2652.50	1.000000	1.000000	0.000000
2657.50	1.000000	1.000000	0.000000
2662.50	1.000000	1.000000	0.000000
2667.50	1.000000	1.000000	0.000000
2672.50	1.000000	1.000000	0.000000
2677.50	1.000000	1.000000	0.000000
2682.50	1.000000	1.000000	0.000000
2687.50	1.000000	1.000000	0.000000
2692.50	1.000000	1.000000	0.000000
2697.50	1.000000	1.000000	0.000000
2702.50	1.000000	1.000000	0.000000
2707.50	1.000000	1.000000	0.000000
2712.50	1.000000	1.000000	0.000000
2717.50	1.000000	1.000000	0.000000
2722.50	1.000000	1.000000	0.000000
2727.50	1.000000	1.000000	0.000000
2732.50	1.000000	1.000000	0.000000
2737.50	1.000000	1.000000	0.000000
2742.50	1.000000	1.000000	0.000000
2747.50	1.000000	1.000000	0.000000
2752.50	1.000000	1.000000	0.000000
2757.50	1.000000	1.000000	0.000000
2762.50	1.000000	1.000000	0.000000
2767.50	1.000000	1.000000	0.000000
2772.50	1.000000	1.000000	0.000000
2777.50	1.000000	1.000000	0.000000
2782.50	1.000000	1.000000	0.000000
2787.50	1.000000	1.000000	0.000000
2792.50	1.000000	1.000000	0.000000
2797.50	1.000000	1.000000	0.000000
2802.50	1.000000	1.000000	0.000000
2807.50	1.000000	1.000000	0.000000
2812.50	1.000000	1.000000	0.000000
2817.50	1.000000	1.000000	0.000000
2822.50	1.000000	1.000000	0.000000
2827.50	1.000000	1.000000	0.000000
2832.50	1.000000	1.000000	0.000000
2837.50	1.000000	1.000000	0.000000
2842.50	1.000000	1.000000	0.000000
2847.50	1.000000	1.000000	0.000000
2852.50	1.000000	1.000000	0.000000
2857.50	1.000000	1.000000	0.000000
2862.50	1.000000	1.000000	0.000000
2867.50	1.000000	1.000000	0.000000
2872.50	1.000000	1.000000	0.000000
2877.50	1.000000	1.000000	0.000000
2882.50	1.000000	1.000000	0.000000
2887.50	1.000000	1.000000	0.000000
2892.50	1.000000	1.000000	0.000000
2897.50	1.000000	1.000000	0.000000
2902.50	1.000000	1.000000	0.000000
2907.50	1.000000	1.000000	0.000000
2912.50	1.000000	1.000000	0.000000
2917.50	1.000000	1.000000	0.000000
2922.50	1.000000	1.000000	0.000000
2927.50	1.000000	1.000000	0.000000
2932.50	1.000000	1.000000	0.000000
2937.50	1.000000	1.000000	0.000000
2942.50	1.000000	1.000000	0.000000
2947.50	1.000000	1.000000	0.000000
2952.50	1.000000	1.000000	0.000000
2957.50	1.000000	1.000000	0.000000
2962.50	1.000000	1.000000	0.000000
2967.50	1.000000	1.000000	0.000000
2972.50	1.000000	1.000000	0.000000
2977.50	1.000000	1.000000	0.000000
2982.50	1.000000	1.000000	0.000000
2987.50	1.000000	1.000000	0.000000
2992.50	1.000000	1.000000	0.000000
2997.50	1.000000	1.000000	0.000000