#  time   UTC #zbase #cloud zbaseavg max_ztop cld_hght max_hght qlintmax qlintavg allqlmax allqlavg
   300. 10.08   0.00   0.00      0.0      0.0      0.0      0.0   0.0000   0.0000   0.0000   0.0000
   600. 10.17   0.00   0.00      0.0      0.0      0.0      0.0   0.0000   0.0000   0.0000   0.0000
   900. 10.25   0.00   0.00      0.0      0.0      0.0      0.0   0.0000   0.0000   0.0000   0.0000
  1200. 10.33   0.00   0.00      0.0      0.0      0.0      0.0   0.0000   0.0000   0.0000   0.0000
  1500. 10.42   0.00   0.00      0.0      0.0      0.0      0.0   0.0000   0.0000   0.0000   0.0000
  1800. 10.50   0.00   0.00      0.0      0.0      0.0      0.0   0.0000   0.0000   0.0000   0.0000
  2100. 10.58   0.00   0.00      0.0      0.0      0.0      0.0   0.0000   0.0000   0.0000   0.0000
  2400. 10.67   0.00   0.00      0.0      0.0      0.0      0.0   0.0000   0.0000   0.0000   0.0000
  2700. 10.75   0.00   0.00      0.0      0.0      0.0      0.0   0.0000   0.0000   0.0000   0.0000
  3000. 10.83   0.00   0.00      0.0      0.0      0.0      0.0   0.0000   0.0000   0.0000   0.0000
  3300. 10.92   0.00   0.00      0.0      0.0      0.0      0.0   0.0000   0.0000   0.0001   0.0001
  3600. 11.00   0.00   0.01      0.0      0.0      0.0      0.0   0.0000   0.0000   0.0005   0.0027
  3900. 11.08   0.00   0.01      0.0      0.0      0.0      0.0   0.0000   0.0000   0.0004   0.0018
  4200. 11.17   0.00   0.00      0.0      0.0      0.0      0.0   0.0000   0.0000   0.0005   0.0011
  4500. 11.25   0.00   0.00      0.0      0.0      0.0      0.0   0.0000   0.0000   0.0000   0.0000
  4800. 11.33   0.00   0.00      0.0      0.0      0.0      0.0   0.0000   0.0000   0.0003   0.0007
  5100. 11.42   0.00   0.00      0.0      0.0      0.0      0.0   0.0000   0.0000   0.0000   0.0000
  5400. 11.50   0.00   0.00      0.0      0.0      0.0      0.0   0.0000   0.0000   0.0000   0.0000
  5700. 11.58   0.00   0.00      0.0      0.0      0.0      0.0   0.0000   0.0000   0.0009   0.0009
  6000. 11.67   0.00   0.00      0.0      0.0      0.0      0.0   0.0000   0.0000   0.0002   0.0002
  6300. 11.75   0.00   0.00      0.0      0.0      0.0      0.0   0.0000   0.0000   0.0000   0.0000
  6600. 11.83   0.00   0.00      0.0      0.0      0.0      0.0   0.0000   0.0000   0.0011   0.0025
  6900. 11.92   0.00   0.00      0.0      0.0      0.0      0.0   0.0000   0.0000   0.0008   0.0035
  7200. 12.00   0.00   0.00      0.0      0.0      0.0      0.0   0.0000   0.0000   0.0011   0.0051
  7500. 12.08   0.00   0.00      0.0      0.0      0.0      0.0   0.0000   0.0000   0.0013   0.0035
  7800. 12.17   0.00   0.00      0.0      0.0      0.0      0.0   0.0000   0.0000   0.0010   0.0031
  8100. 12.25   0.00   0.00      0.0      0.0      0.0      0.0   0.0000   0.0000   0.0009   0.0028
  8400. 12.33   0.00   0.00      0.0      0.0      0.0      0.0   0.0000   0.0000   0.0012   0.0032
  8700. 12.42   0.00   0.00      0.0      0.0      0.0      0.0   0.0000   0.0000   0.0011   0.0045
  9000. 12.50   0.00   0.00      0.0      0.0      0.0      0.0   0.0000   0.0000   0.0009   0.0024
  9300. 12.58   0.00   0.00      0.0      0.0      0.0      0.0   0.0000   0.0000   0.0011   0.0035
  9600. 12.67   0.00   0.00      0.0      0.0      0.0      0.0   0.0000   0.0000   0.0008   0.0024
  9900. 12.75   0.00   0.00      0.0      0.0      0.0      0.0   0.0000   0.0000   0.0011   0.0041
 10200. 12.83   0.00   0.00      0.0      0.0      0.0      0.0   0.0000   0.0000   0.0011   0.0047
 10500. 12.92   0.00   0.00      0.0      0.0      0.0      0.0   0.0000   0.0000   0.0013   0.0052
 10800. 13.00   0.00   0.00      0.0      0.0      0.0      0.0   0.0000   0.0000   0.0009   0.0040
 11100. 13.08   0.00   0.00      0.0      0.0      0.0      0.0   0.0000   0.0000   0.0012   0.0046
 11400. 13.17   0.00   0.00      0.0      0.0      0.0      0.0   0.0000   0.0000   0.0011   0.0048
 11700. 13.25   0.00   0.00      0.0      0.0      0.0      0.0   0.0000   0.0000   0.0010   0.0029
 12000. 13.33   0.00   0.00      0.0      0.0      0.0      0.0   0.0000   0.0000   0.0012   0.0039
 12300. 13.42   0.00   0.00      0.0      0.0      0.0      0.0   0.0000   0.0000   0.0015   0.0064
 12600. 13.50   0.00   0.00      0.0      0.0      0.0      0.0   0.0000   0.0000   0.0012   0.0039
 12900. 13.58   0.00   0.00      0.0      0.0      0.0      0.0   0.0000   0.0000   0.0011   0.0046
 13200. 13.67   0.00   0.00      0.0      0.0      0.0      0.0   0.0000   0.0000   0.0013   0.0051
 13500. 13.75   0.00   0.00      0.0      0.0      0.0      0.0   0.0000   0.0000   0.0011   0.0043
 13800. 13.83   0.00   0.00      0.0      0.0      0.0      0.0   0.0000   0.0000   0.0015   0.0087
 14100. 13.92   0.00   0.00      0.0      0.0      0.0      0.0   0.0000   0.0000   0.0013   0.0086
 14400. 14.00   0.00   0.00      0.0      0.0      0.0      0.0   0.0000   0.0000   0.0016   0.0078
 14700. 14.08   0.00   0.00      0.0      0.0      0.0      0.0   0.0000   0.0000   0.0017   0.0089
 15000. 14.17   0.00   0.00      0.0      0.0      0.0      0.0   0.0000   0.0000   0.0012   0.0061
 15300. 14.25   0.00   0.00      0.0      0.0      0.0      0.0   0.0000   0.0000   0.0016   0.0080
 15600. 14.33   0.00   0.00      0.0      0.0      0.0      0.0   0.0000   0.0000   0.0017   0.0141
 15900. 14.42   0.00   0.01      0.0      0.0      0.0      0.0   0.0000   0.0000   0.0019   0.0114
 16200. 14.50   0.00   0.01      0.0      0.0      0.0      0.0   0.0000   0.0000   0.0027   0.0167
 16500. 14.58   0.00   0.01      0.0      0.0      0.0      0.0   0.0000   0.0000   0.0029   0.0237
 16800. 14.67   0.00   0.02      0.0      0.0      0.0      0.0   0.0000   0.0000   0.0036   0.0269
 17100. 14.75   0.00   0.02    919.5   1119.7    171.6    218.3   0.0409   0.0541   0.0045   0.0541
 17400. 14.83   0.00   0.04    927.7   1159.3    165.7    216.8   0.0461   0.0734   0.0059   0.0734
 17700. 14.92   0.00   0.04    957.7   1237.0    175.9    311.3   0.0466   0.0953   0.0076   0.0953
 18000. 15.00   0.00   0.05    991.8   1312.0    185.6    351.1   0.0566   0.1489   0.0088   0.1489
 18300. 15.08   0.01   0.06   1009.5   1452.6    188.3    376.8   0.0537   0.1313   0.0116   0.1313
 18600. 15.17   0.01   0.08   1037.0   1558.7    210.2    509.4   0.0686   0.3173   0.0169   0.3173
 18900. 15.25   0.01   0.09   1070.4   1991.6    228.7    850.3   0.0743   0.3648   0.0186   0.3648
 19200. 15.33   0.02   0.11   1080.4   1998.8    242.1    728.8   0.0798   0.3983   0.0218   0.3983
 19500. 15.42   0.03   0.13   1135.8   2297.4    259.0   1273.0   0.0899   0.7225   0.0275   0.7225
 19800. 15.50   0.03   0.13   1158.3   2617.0    269.0   1446.8   0.0930   0.8348   0.0298   0.8348
 20100. 15.58   0.04   0.16   1207.6   2695.8    273.2   1610.0   0.0959   0.6539   0.0343   0.6539
 20400. 15.67   0.06   0.17   1234.7   2757.2    314.5   1607.9   0.1119   1.1076   0.0445   1.1076
 20700. 15.75   0.07   0.19   1267.9   2771.0    339.1   1605.5   0.1251   1.2043   0.0523   1.2043
 21000. 15.83   0.09   0.21   1346.2   3376.2    378.9   2156.2   0.1442   0.9678   0.0654   0.9678
 21300. 15.92   0.11   0.23   1378.1   3354.7    392.2   2088.5   0.1541   1.6719   0.0783   1.6719
 21600. 16.00   0.12   0.25   1442.2   3478.3    404.6   2352.2   0.1504   2.0479   0.0770   2.0479
 21900. 16.08   0.12   0.24   1434.7   3654.1    452.5   2513.5   0.1813   1.9568   0.0953   1.9568
 22200. 16.17   0.13   0.26   1492.4   3637.2    507.7   2389.5   0.2029   2.4434   0.1064   2.4434
 22500. 16.25   0.15   0.28   1531.4   3635.5    501.8   2186.7   0.1959   1.7593   0.1139   1.7593
 22800. 16.33   0.15   0.27   1563.2   3838.2    534.0   2584.9   0.2237   2.0153   0.1278   2.0153
 23100. 16.42   0.16   0.29   1588.9   3779.1    558.6   2330.9   0.1917   1.7191   0.1118   1.7191
 23400. 16.50   0.17   0.30   1565.4   3352.6    554.3   1967.9   0.2074   1.6562   0.1271   1.6562
 23700. 16.58   0.19   0.31   1642.1   3637.6    597.5   2307.2   0.2506   1.9453   0.1580   1.9453
 24000. 16.67   0.19   0.32   1692.3   4010.0    661.9   2511.3   0.2812   2.9866   0.1758   2.9866
 24300. 16.75   0.20   0.32   1736.0   4010.0    619.4   2712.9   0.2414   2.4991   0.1510   2.4991
 24600. 16.83   0.18   0.30   1725.6   4010.0    607.6   2598.5   0.2365   1.7692   0.1479   1.7692
 24900. 16.92   0.18   0.31   1785.3   3956.7    620.6   2135.3   0.2433   1.8621   0.1457   1.8621
 25200. 17.00   0.18   0.31   1794.2   3955.4    612.1   2592.3   0.2251   2.8472   0.1338   2.8472
 25500. 17.08   0.17   0.29   1760.6   4010.0    615.5   2624.4   0.2402   2.5979   0.1419   2.5979
 25800. 17.17   0.19   0.31   1809.9   4010.0    659.7   2662.7   0.2817   3.1074   0.1721   3.1074
 26100. 17.25   0.20   0.33   1828.6   4010.0    701.1   2615.1   0.2949   3.2962   0.1868   3.2962
 26400. 17.33   0.21   0.33   1855.6   4010.0    727.8   2615.0   0.3345   3.9296   0.2155   3.9296
 26700. 17.42   0.23   0.34   1890.9   4010.0    755.3   2650.2   0.3200   2.5295   0.2175   2.5295
 27000. 17.50   0.22   0.35   1944.7   4010.0    715.8   2597.2   0.3119   2.8629   0.2010   2.8629
 27300. 17.58   0.19   0.33   1993.9   4010.0    677.3   2573.3   0.2790   2.9287   0.1679   2.9287
 27600. 17.67   0.19   0.32   1911.7   4010.0    627.5   2538.8   0.2330   2.2463   0.1403   2.2463
 27900. 17.75   0.19   0.31   1902.3   4010.0    639.5   2495.1   0.2616   2.4719   0.1606   2.4719
 28200. 17.83   0.19   0.32   1959.9   4010.0    698.5   2504.3   0.2715   3.0262   0.1684   3.0262
 28500. 17.92   0.20   0.32   1969.3   4010.0    660.0   2554.0   0.2414   2.6608   0.1500   2.6608
 28800. 18.00   0.19   0.31   1931.6   4010.0    671.6   2515.4   0.2581   2.0020   0.1658   2.0020
 29100. 18.08   0.20   0.32   2010.2   4010.0    691.8   2474.1   0.2896   2.3914   0.1886   2.3914
 29400. 18.17   0.20   0.32   2069.6   4010.0    721.3   2518.9   0.2841   2.9874   0.1825   2.9874
 29700. 18.25   0.17   0.29   2088.5   4010.0    691.9   2490.2   0.2965   4.0341   0.1746   4.0341
 30000. 18.33   0.16   0.27   2085.2   4010.0    756.4   2530.8   0.2849   2.3569   0.1687   2.3569
 30300. 18.42   0.14   0.26   2046.2   4010.0    725.6   2480.0   0.2623   2.3867   0.1471   2.3867
 30600. 18.50   0.14   0.25   1998.1   4010.0    723.1   2490.0   0.2862   3.9308   0.1660   3.9308
 30900. 18.58   0.16   0.28   2037.6   4010.0    728.4   2470.3   0.2698   2.5634   0.1610   2.5634
 31200. 18.67   0.17   0.28   2083.3   4010.0    679.6   2446.3   0.2639   2.8136   0.1656   2.8136
 31500. 18.75   0.17   0.28   2120.3   4010.0    737.5   2451.7   0.3221   3.0524   0.1994   3.0524
 31800. 18.83   0.18   0.28   2153.4   4010.0    791.4   2470.7   0.3229   3.0225   0.2099   3.0225
 32100. 18.92   0.17   0.27   2126.5   4010.0    894.0   2470.7   0.3199   2.9075   0.2063   2.9075
 32400. 19.00   0.16   0.28   2165.6   4010.0    793.9   2433.9   0.2789   2.1619   0.1698   2.1619
 32700. 19.08   0.15   0.25   2155.0   4010.0    739.9   2423.9   0.2745   1.9460   0.1636   1.9460
 33000. 19.17   0.13   0.24   2174.0   4010.0    728.2   2443.6   0.2518   2.5341   0.1439   2.5341
 33300. 19.25   0.12   0.23   2221.1   4010.0    643.0   2450.7   0.1914   1.9102   0.1066   1.9102
 33600. 19.33   0.11   0.21   2106.7   4010.0    615.9   2431.3   0.2546   2.5230   0.1360   2.5230
 33900. 19.42   0.12   0.23   2230.1   4010.0    707.7   2410.1   0.2703   2.3615   0.1514   2.3615
 34200. 19.50   0.12   0.22   2235.3   4010.0    707.1   2398.8   0.2864   2.5958   0.1591   2.5958
 34500. 19.58   0.13   0.23   2292.5   4010.0    627.5   2450.6   0.2139   2.0980   0.1252   2.0980
 34800. 19.67   0.11   0.22   2176.4   4010.0    627.9   2392.1   0.2041   1.6529   0.1089   1.6529
 35100. 19.75   0.11   0.21   2203.7   4010.0    587.5   2379.0   0.2010   1.8899   0.1094   1.8899
 35400. 19.83   0.09   0.19   2216.2   4010.0    537.9   2365.0   0.1863   1.1967   0.0924   1.1967
 35700. 19.92   0.07   0.16   2225.9   4010.0    594.5   2389.5   0.2462   2.8231   0.1092   2.8231
 36000. 20.00   0.07   0.15   2225.4   4010.0    673.9   2412.5   0.2261   2.5076   0.1100   2.5076
 36300. 20.08   0.07   0.16   2197.8   4010.0    593.3   2410.8   0.2285   2.2501   0.1084   2.2501
 36600. 20.17   0.09   0.16   2293.0   4010.0    617.0   2410.8   0.2512   2.5422   0.1346   2.5422
 36900. 20.25   0.09   0.18   2370.9   4010.0    732.7   2430.4   0.2425   1.7681   0.1270   1.7681
 37200. 20.33   0.09   0.17   2499.1   4010.0    648.0   2404.9   0.2181   1.5702   0.1163   1.5702
 37500. 20.42   0.06   0.15   2491.8   4010.0    601.2   2374.5   0.1864   1.4804   0.0874   1.4804
 37800. 20.50   0.04   0.11   2356.6   4010.0    590.8   2392.4   0.2147   1.3141   0.0860   1.3141
 38100. 20.58   0.03   0.08   2490.7   4010.0    550.3   2387.4   0.1734   1.4376   0.0709   1.4376
 38400. 20.67   0.02   0.06   2319.6   4010.0    547.6   2410.3   0.1552   1.3813   0.0488   1.3813
 38700. 20.75   0.01   0.03   2342.5   4010.0    464.9   2391.2   0.1215   0.4988   0.0403   0.4988
 39000. 20.83   0.00   0.02   2245.9   3736.2    274.9    750.3   0.1053   0.4737   0.0272   0.4737
 39300. 20.92   0.00   0.02   2736.9   3792.0    228.7    630.6   0.0840   0.2109   0.0141   0.2109
 39600. 21.00   0.00   0.01   2126.3   3598.1    151.2    173.6   0.0357   0.0414   0.0037   0.0414
 39900. 21.08   0.00   0.00   1724.3   1837.4    113.1    113.1   0.0336   0.0336   0.0028   0.0336
 40200. 21.17   0.00   0.00      0.0      0.0      0.0      0.0   0.0000   0.0000   0.0015   0.0141
 40500. 21.25   0.00   0.00      0.0      0.0      0.0      0.0   0.0000   0.0000   0.0020   0.0199
 40800. 21.33   0.00   0.00      0.0      0.0      0.0      0.0   0.0000   0.0000   0.0011   0.0056
 41100. 21.42   0.00   0.00      0.0      0.0      0.0      0.0   0.0000   0.0000   0.0010   0.0024
 41400. 21.50   0.00   0.00      0.0      0.0      0.0      0.0   0.0000   0.0000   0.0004   0.0008
 41700. 21.58   0.00   0.00      0.0      0.0      0.0      0.0   0.0000   0.0000   0.0006   0.0018
 42000. 21.67   0.00   0.00      0.0      0.0      0.0      0.0   0.0000   0.0000   0.0003   0.0006
 42300. 21.75   0.00   0.00      0.0      0.0      0.0      0.0   0.0000   0.0000   0.0006   0.0012
 42600. 21.83   0.00   0.00      0.0      0.0      0.0      0.0   0.0000   0.0000   0.0000   0.0000
 42900. 21.92   0.00   0.00      0.0      0.0      0.0      0.0   0.0000   0.0000   0.0000   0.0000
 43200. 22.00   0.00   0.00      0.0      0.0      0.0      0.0   0.0000   0.0000   0.0000   0.0000
