#     time      Qnet        H          LE         G0     tendskin     rs         ra        tskin        cliq      Wl          rssoil     rsveg       Resp       wco2       An   gcco2
#      [s]     [W/m2]     [W/m2]     [W/m2]     [W/m2]   [W/m2]      [s/m]       [s/m]     [K]          [-]      [m]          [s/m]      [s/m]   [mgCm2/s]               [mgCm2/s]    [m/s]
    300.00    -37.653    -74.004    -10.726     47.078      0.000      0.000     22.213    295.279      0.001    0.508E-06      0.000      0.000      0.348      0.157     -0.070    0.940E-03
    600.00    -27.999    -55.688    -13.451     41.140      0.000      0.000     27.762    295.215      0.002    0.202E-05      0.000      0.000      0.350      0.149     -0.086    0.117E-02
    900.00    -15.961    -42.949    -10.818     37.806      0.000      0.000     32.853    295.207      0.003    0.350E-05      0.000      0.000      0.352      0.139     -0.106    0.145E-02
   1200.00     -2.428    -33.501     -5.632     36.705      0.000      0.000     37.262    295.250      0.004    0.449E-05      0.000      0.000      0.354      0.125     -0.133    0.186E-02
   1500.00     12.094    -25.931      0.250     37.774      0.000    222.011     40.687    295.346      0.005    0.479E-05     88.744    265.209      0.355      0.107     -0.167    0.236E-02
   1800.00     27.069    -18.459      2.772     42.757      0.000    189.117     42.228    295.544      0.005    0.479E-05     88.746    216.864      0.357      0.087     -0.203    0.288E-02
   2100.00     42.627    -12.022      6.232     48.418      0.000    165.075     42.306    295.769      0.005    0.477E-05     88.749    184.028      0.359      0.068     -0.240    0.340E-02
   2400.00     58.670     -5.929     10.421     54.178      0.000    147.467     42.044    296.005      0.005    0.475E-05     88.754    161.048      0.362      0.049     -0.276    0.388E-02
   2700.00     75.081     -0.047     15.218     59.911      0.000    134.255     41.734    296.249      0.005    0.473E-05     88.761    144.339      0.365      0.031     -0.310    0.433E-02
   3000.00     91.793      5.703     20.603     65.488      0.000    124.003     40.789    296.498      0.005    0.469E-05     88.771    131.711      0.368      0.014     -0.343    0.475E-02
   3300.00    108.748     11.422     26.490     70.836      0.000    115.846     39.825    296.750      0.005    0.464E-05     88.783    121.838      0.371     -0.003     -0.376    0.513E-02
   3600.00    125.894     16.944     32.872     76.078      0.000    109.225     39.104    297.007      0.005    0.459E-05     88.799    113.924      0.374     -0.019     -0.407    0.549E-02
   3900.00    143.163     21.896     39.933     81.334      0.000    103.770     38.465    297.273      0.005    0.452E-05     88.817    107.471      0.378     -0.034     -0.438    0.582E-02
   4200.00    160.544     26.960     47.400     86.184      0.000     99.103     37.531    297.535      0.004    0.444E-05     88.839    102.013      0.382     -0.049     -0.468    0.613E-02
   4500.00    177.995     32.016     55.198     90.780      0.000     95.090     36.683    297.798      0.004    0.436E-05     88.864     97.352      0.386     -0.064     -0.498    0.642E-02
   4800.00    195.484     36.992     63.365     95.127      0.000     91.612     35.902    298.061      0.004    0.426E-05     88.894     93.336      0.390     -0.078     -0.528    0.670E-02
   5100.00    212.982     42.070     71.761     99.151      0.000     88.542     35.125    298.321      0.004    0.415E-05     88.927     89.812      0.395     -0.092     -0.557    0.696E-02
   5400.00    230.470     47.264     80.296    102.910      0.000     85.809     34.396    298.580      0.004    0.403E-05     88.964     86.687      0.400     -0.106     -0.586    0.721E-02
   5700.00    247.938     52.495     89.052    106.391      0.000     83.371     33.660    298.836      0.004    0.391E-05     89.005     83.912      0.405     -0.119     -0.615    0.745E-02
   6000.00    265.421     57.943     98.334    109.143      0.000     81.171     32.563    299.077      0.004    0.377E-05     89.050     81.427      0.410     -0.133     -0.645    0.768E-02
   6300.00    283.045     64.544    108.688    109.813      0.000     79.085     30.343    299.267      0.004    0.363E-05     89.100     79.109      0.415     -0.150     -0.679    0.790E-02
   6600.00    300.910     72.765    120.609    107.536      0.000     77.091     26.917    299.380      0.003    0.347E-05     89.155     76.935      0.420     -0.170     -0.720    0.812E-02
   6900.00    318.547     78.043    133.483    107.021      0.000     75.618     24.882    299.531      0.003    0.328E-05     89.216     75.298      0.425     -0.188     -0.755    0.830E-02
   7200.00    335.639     79.883    145.186    110.570      0.000     74.569     24.969    299.785      0.003    0.309E-05     89.282     74.069      0.431     -0.199     -0.780    0.844E-02
   7500.00    352.504     82.303    155.885    114.316      0.000     73.569     25.285    300.049      0.003    0.290E-05     89.354     72.897      0.436     -0.209     -0.803    0.857E-02
   7800.00    369.324     86.105    166.658    116.561      0.000     72.565     25.062    300.278      0.003    0.271E-05     89.431     71.741      0.441     -0.221     -0.828    0.871E-02
   8100.00    386.008     90.238    177.563    118.207      0.000     71.649     24.684    300.494      0.003    0.252E-05     89.513     70.690      0.447     -0.232     -0.853    0.884E-02
   8400.00    402.492     94.161    188.360    119.971      0.000     70.855     24.431    300.713      0.002    0.233E-05     89.600     69.772      0.453     -0.242     -0.877    0.896E-02
   8700.00    418.760     98.032    198.962    121.765      0.000     70.149     24.248    300.935      0.002    0.215E-05     89.692     68.954      0.459     -0.252     -0.900    0.906E-02
   9000.00    434.794    101.834    209.336    123.624      0.000     69.539     24.162    301.159      0.002    0.197E-05     89.790     68.240      0.464     -0.261     -0.922    0.916E-02
   9300.00    450.604    105.747    219.629    125.227      0.000     69.002     24.052    301.377      0.002    0.181E-05     89.892     67.610      0.470     -0.270     -0.943    0.924E-02
   9600.00    466.195    109.674    229.837    126.684      0.000     68.533     23.932    301.593      0.002    0.165E-05     89.999     67.057      0.477     -0.278     -0.963    0.932E-02
   9900.00    481.518    113.568    239.931    128.019      0.000     68.148     23.838    301.805      0.001    0.149E-05     90.112     66.598      0.483     -0.286     -0.982    0.939E-02
  10200.00    496.613    117.515    249.979    129.119      0.000     67.811     23.683    302.012      0.001    0.135E-05     90.229     66.193      0.489     -0.293     -1.001    0.944E-02
  10500.00    511.428    121.230    259.820    130.379      0.000     67.548     23.591    302.223      0.001    0.121E-05     90.351     65.869      0.495     -0.300     -1.019    0.949E-02
  10800.00    525.941    124.905    269.473    131.562      0.000     67.349     23.519    302.432      0.001    0.109E-05     90.479     65.618      0.502     -0.306     -1.036    0.953E-02
  11100.00    540.181    128.637    278.902    132.643      0.000     67.192     23.438    302.639      0.001    0.969E-06     90.611     65.412      0.508     -0.312     -1.053    0.956E-02
  11400.00    554.142    132.417    288.271    133.454      0.000     67.082     23.315    302.838      0.001    0.861E-06     90.747     65.260      0.515     -0.318     -1.068    0.958E-02
  11700.00    567.776    136.065    297.507    134.203      0.000     67.039     23.218    303.035      0.001    0.762E-06     90.889     65.182      0.521     -0.323     -1.083    0.959E-02
  12000.00    581.116    139.536    306.589    134.991      0.000     67.044     23.119    303.232      0.001    0.671E-06     91.035     65.156      0.528     -0.327     -1.097    0.959E-02
  12300.00    594.113    142.979    315.342    135.793      0.000     67.082     23.030    303.429      0.001    0.589E-06     91.187     65.166      0.535     -0.331     -1.111    0.959E-02
  12600.00    606.789    146.378    323.970    136.441      0.000     67.172     22.942    303.622      0.001    0.515E-06     91.342     65.234      0.542     -0.334     -1.123    0.958E-02
  12900.00    619.117    149.806    332.422    136.889      0.000     67.290     22.819    303.808      0.000    0.448E-06     91.503     65.333      0.548     -0.337     -1.135    0.957E-02
  13200.00    631.106    152.910    340.670    137.526      0.000     67.479     22.756    303.998      0.000    0.388E-06     91.667     65.509      0.555     -0.340     -1.146    0.954E-02
  13500.00    642.740    156.123    348.683    137.933      0.000     67.684     22.656    304.181      0.000    0.335E-06     91.837     65.703      0.562     -0.342     -1.156    0.951E-02
  13800.00    654.007    159.192    356.504    138.311      0.000     67.939     22.572    304.363      0.000    0.288E-06     92.011     65.951      0.569     -0.343     -1.165    0.948E-02
  14100.00    664.916    162.193    364.185    138.538      0.000     68.236     22.477    304.539      0.000    0.246E-06     92.189     66.245      0.576     -0.344     -1.173    0.944E-02
  14400.00    675.425    164.949    371.534    138.943      0.000     68.582     22.416    304.718      0.000    0.210E-06     92.371     66.591      0.583     -0.345     -1.181    0.939E-02
  14700.00    685.577    167.746    378.751    139.080      0.000     68.949     22.305    304.890      0.000    0.178E-06     92.558     66.961      0.590     -0.345     -1.187    0.934E-02
  15000.00    695.349    170.470    385.830    139.049      0.000     69.355     22.181    305.055      0.000    0.150E-06     92.749     67.374      0.597     -0.344     -1.194    0.928E-02
  15300.00    704.698    172.924    392.577    139.197      0.000     69.823     22.112    305.223      0.000    0.126E-06     92.945     67.853      0.604     -0.343     -1.198    0.921E-02
  15600.00    713.667    175.384    399.205    139.078      0.000     70.321     22.016    305.383      0.000    0.106E-06     93.144     68.364      0.611     -0.342     -1.203    0.915E-02
  15900.00    722.218    177.626    405.596    138.996      0.000     70.875     21.948    305.542      0.000    0.879E-07     93.347     68.935      0.617     -0.340     -1.206    0.907E-02
  16200.00    730.370    179.836    411.701    138.834      0.000     71.450     21.839    305.697      0.000    0.729E-07     93.555     69.530      0.624     -0.338     -1.209    0.899E-02
  16500.00    738.131    182.181    417.649    138.300      0.000     72.027     21.686    305.840      0.000    0.602E-07     93.766     70.128      0.631     -0.335     -1.211    0.892E-02
  16800.00    745.479    184.346    423.472    137.660      0.000     72.657     21.528    305.978      0.000    0.494E-07     93.982     70.781      0.638     -0.333     -1.213    0.883E-02
  17100.00    752.387    186.308    428.999    137.080      0.000     73.339     21.399    306.115      0.000    0.404E-07     94.201     71.492      0.645     -0.329     -1.214    0.875E-02
  17400.00    758.877    188.164    434.371    136.342      0.000     74.060     21.252    306.244      0.000    0.328E-07     94.424     72.245      0.652     -0.326     -1.215    0.865E-02
  17700.00    764.901    189.733    439.302    135.866      0.000     74.845     21.164    306.378      0.000    0.265E-07     94.651     73.067      0.658     -0.322     -1.214    0.856E-02
  18000.00    770.537    191.575    444.104    134.858      0.000     75.602     20.995    306.496      0.000    0.213E-07     94.881     73.860      0.665     -0.318     -1.213    0.847E-02
  18300.00    775.722    193.333    448.527    133.862      0.000     76.377     20.837    306.611      0.000    0.171E-07     95.115     74.672      0.671     -0.313     -1.212    0.837E-02
  18600.00    780.443    194.651    452.782    133.010      0.000     77.250     20.728    306.727      0.000    0.136E-07     95.352     75.590      0.678     -0.309     -1.210    0.827E-02
  18900.00    784.720    196.007    456.620    132.094      0.000     78.125     20.605    306.838      0.000    0.108E-07     95.593     76.511      0.684     -0.304     -1.208    0.817E-02
  19200.00    788.523    197.190    459.965    131.367      0.000     79.026     20.505    306.951      0.000    0.847E-08     95.837     77.461      0.690     -0.298     -1.205    0.807E-02
  19500.00    791.869    198.259    463.033    130.577      0.000     79.962     20.431    307.059      0.000    0.664E-08     96.084     78.449      0.697     -0.292     -1.201    0.797E-02
  19800.00    794.777    199.242    465.983    129.552      0.000     80.919     20.338    307.159      0.000    0.518E-08     96.333     79.460      0.703     -0.287     -1.197    0.787E-02
  20100.00    797.212    199.977    468.534    128.701      0.000     81.933     20.261    307.261      0.000    0.402E-08     96.586     80.535      0.709     -0.281     -1.192    0.777E-02
  20400.00    799.222    200.933    470.874    127.415      0.000     82.889     20.149    307.348      0.000    0.311E-08     96.841     81.547      0.715     -0.275     -1.188    0.767E-02
  20700.00    800.715    201.398    472.681    126.637      0.000     83.933     20.116    307.446      0.000    0.239E-08     97.099     82.657      0.721     -0.268     -1.182    0.757E-02
  21000.00    801.740    201.796    474.104    125.841      0.000     84.984     20.090    307.540      0.000    0.183E-08     97.359     83.774      0.726     -0.262     -1.177    0.747E-02
  21300.00    802.321    202.154    475.375    124.791      0.000     86.035     20.055    307.626      0.000    0.140E-08     97.621     84.893      0.732     -0.255     -1.171    0.737E-02
  21600.00    802.470    202.418    476.587    123.465      0.000     87.111     19.971    307.701      0.000    0.107E-08     97.886     86.040      0.737     -0.248     -1.165    0.727E-02
  21900.00    802.103    202.226    477.298    122.579      0.000     88.263     19.965    307.785      0.000    0.807E-09     98.152     87.271      0.743     -0.241     -1.158    0.717E-02
  22200.00    801.286    202.168    477.662    121.456      0.000     89.346     19.963    307.860      0.000    0.609E-09     98.421     88.429      0.748     -0.234     -1.151    0.707E-02
  22500.00    800.035    202.139    477.783    120.113      0.000     90.404     19.913    307.926      0.000    0.458E-09     98.691     89.561      0.753     -0.227     -1.144    0.698E-02
  22800.00    798.253    201.319    477.536    119.399      0.000     91.647     19.965    308.006      0.000    0.344E-09     98.962     90.896      0.758     -0.220     -1.136    0.688E-02
  23100.00    796.034    200.514    477.069    118.451      0.000     92.866     20.006    308.077      0.000    0.257E-09     99.235     92.206      0.763     -0.212     -1.128    0.678E-02
  23400.00    793.384    199.749    476.364    117.271      0.000     94.047     20.003    308.140      0.000    0.192E-09     99.510     93.478      0.768     -0.204     -1.119    0.669E-02
  23700.00    790.282    198.847    475.496    115.939      0.000     95.240     19.990    308.196      0.000    0.143E-09     99.785     94.763      0.773     -0.197     -1.111    0.660E-02
  24000.00    786.726    197.717    474.388    114.621      0.000     96.465     20.000    308.250      0.000    0.106E-09    100.061     96.085      0.778     -0.189     -1.103    0.651E-02
  24300.00    782.697    196.238    472.924    113.535      0.000     97.734     20.058    308.306      0.000    0.787E-10    100.339     97.459      0.782     -0.181     -1.094    0.642E-02
  24600.00    778.234    194.810    471.120    112.304      0.000     98.944     20.103    308.357      0.000    0.583E-10    100.616     98.768      0.786     -0.174     -1.085    0.633E-02
  24900.00    773.276    192.787    469.031    111.458      0.000    100.274     20.248    308.414      0.000    0.431E-10    100.895    100.212      0.791     -0.165     -1.075    0.624E-02
  25200.00    767.923    190.703    466.879    110.340      0.000    101.667     20.322    308.463      0.000    0.318E-10    101.174    101.729      0.795     -0.157     -1.064    0.615E-02
  25500.00    762.189    188.856    464.794    108.539      0.000    102.901     20.341    308.491      0.000    0.235E-10    101.453    103.072      0.799     -0.149     -1.055    0.607E-02
  25800.00    755.970    186.581    462.236    107.153      0.000    104.222     20.407    308.527      0.000    0.173E-10    101.732    104.511      0.803     -0.141     -1.045    0.598E-02
  26100.00    749.355    184.449    459.537    105.369      0.000    105.435     20.434    308.549      0.000    0.127E-10    102.012    105.834      0.806     -0.134     -1.036    0.591E-02
  26400.00    742.327    182.199    456.734    103.394      0.000    106.615     20.452    308.562      0.000    0.938E-11    102.291    107.121      0.810     -0.126     -1.026    0.584E-02
  26700.00    734.806    179.360    453.413    102.033      0.000    107.924     20.575    308.588      0.000    0.690E-11    102.570    108.555      0.813     -0.118     -1.016    0.576E-02
  27000.00    726.911    176.520    450.102    100.290      0.000    109.204     20.646    308.601      0.000    0.508E-11    102.848    109.958      0.816     -0.110     -1.005    0.569E-02
  27300.00    718.656    173.654    446.816     98.185      0.000    110.448     20.678    308.601      0.000    0.374E-11    103.127    111.323      0.819     -0.103     -0.995    0.562E-02
  27600.00    709.942    170.333    442.958     96.652      0.000    111.802     20.772    308.612      0.000    0.275E-11    103.404    112.813      0.822     -0.094     -0.984    0.554E-02
  27900.00    700.865    167.057    439.149     94.659      0.000    113.060     20.855    308.608      0.000    0.203E-11    103.681    114.197      0.825     -0.087     -0.973    0.548E-02
  28200.00    691.356    163.318    435.064     92.975      0.000    114.425     21.018    308.609      0.000    0.150E-11    103.956    115.704      0.827     -0.079     -0.962    0.541E-02
  28500.00    681.523    159.735    430.977     90.811      0.000    115.751     21.039    308.594      0.000    0.110E-11    104.231    117.170      0.829     -0.071     -0.951    0.534E-02
  28800.00    671.239    155.659    426.419     89.161      0.000    117.170     21.195    308.588      0.000    0.815E-12    104.504    118.744      0.831     -0.063     -0.939    0.527E-02
  29100.00    660.598    151.643    421.808     87.148      0.000    118.457     21.355    308.570      0.000    0.604E-12    104.776    120.169      0.833     -0.055     -0.928    0.520E-02
  29400.00    649.588    147.429    416.913     85.245      0.000    119.803     21.510    308.551      0.000    0.448E-12    105.046    121.664      0.835     -0.047     -0.916    0.514E-02
  29700.00    638.200    142.950    411.814     83.437      0.000    121.215     21.715    308.532      0.000    0.334E-12    105.314    123.237      0.836     -0.039     -0.904    0.507E-02
  30000.00    626.523    138.752    406.793     80.978      0.000    122.454     21.825    308.492      0.000    0.249E-12    105.581    124.615      0.837     -0.032     -0.892    0.502E-02
  30300.00    614.473    134.250    401.507     78.716      0.000    123.759     21.995    308.453      0.000    0.186E-12    105.845    126.070      0.838     -0.025     -0.880    0.496E-02
  30600.00    602.045    129.220    395.856     76.969      0.000    125.291     22.263    308.424      0.000    0.140E-12    106.108    127.787      0.839     -0.016     -0.867    0.489E-02
  30900.00    589.318    124.409    390.302     74.607      0.000    126.697     22.453    308.376      0.000    0.105E-12    106.367    129.363      0.840     -0.009     -0.855    0.483E-02
  31200.00    576.281    119.553    384.611     72.116      0.000    128.087     22.601    308.321      0.000    0.797E-13    106.625    130.924      0.840     -0.001     -0.843    0.478E-02
  31500.00    562.908    114.556    378.609     69.743      0.000    129.496     22.799    308.264      0.000    0.605E-13    106.879    132.509      0.840      0.006     -0.830    0.472E-02
  31800.00    549.221    109.379    372.434     67.407      0.000    130.971     23.040    308.205      0.000    0.461E-13    107.131    134.174      0.840      0.014     -0.817    0.466E-02
  32100.00    535.247    104.153    366.181     64.913      0.000    132.477     23.253    308.137      0.000    0.352E-13    107.380    135.877      0.840      0.021     -0.803    0.460E-02
  32400.00    520.987     98.871    359.739     62.377      0.000    133.982     23.501    308.065      0.000    0.271E-13    107.626    137.582      0.840      0.029     -0.790    0.454E-02
  32700.00    506.469     93.564    353.134     59.770      0.000    135.520     23.704    307.986      0.000    0.209E-13    107.868    139.330      0.839      0.036     -0.777    0.449E-02
  33000.00    491.669     88.100    346.354     57.214      0.000    137.148     23.972    307.905      0.000    0.162E-13    108.107    141.186      0.838      0.044     -0.763    0.443E-02
  33300.00    476.613     82.540    339.412     54.661      0.000    138.859     24.282    307.820      0.000    0.126E-13    108.342    143.141      0.837      0.052     -0.748    0.437E-02
  33600.00    461.321     77.021    332.377     51.923      0.000    140.588     24.560    307.726      0.000    0.987E-14    108.573    145.124      0.835      0.059     -0.734    0.431E-02
  33900.00    445.782     71.471    325.148     49.163      0.000    142.367     24.872    307.627      0.000    0.776E-14    108.801    147.169      0.833      0.066     -0.720    0.425E-02
  34200.00    430.000     65.837    317.665     46.498      0.000    144.251     25.255    307.527      0.000    0.614E-14    109.024    149.341      0.832      0.074     -0.705    0.419E-02
  34500.00    413.989     60.183    309.977     43.829      0.000    146.237     25.653    307.422      0.000    0.488E-14    109.243    151.640      0.829      0.082     -0.689    0.412E-02
  34800.00    397.799     54.562    302.103     41.133      0.000    148.300     26.086    307.313      0.000    0.391E-14    109.457    154.036      0.827      0.090     -0.674    0.406E-02
  35100.00    381.411     48.926    294.053     38.432      0.000    150.500     26.568    307.200      0.000    0.315E-14    109.666    156.601      0.824      0.097     -0.658    0.399E-02
  35400.00    364.843     43.285    285.914     35.643      0.000    152.870     27.087    307.080      0.000    0.255E-14    109.871    159.375      0.822      0.105     -0.641    0.392E-02
  35700.00    348.114     37.703    277.639     32.772      0.000    155.382     27.653    306.954      0.000    0.208E-14    110.070    162.328      0.819      0.113     -0.625    0.385E-02
  36000.00    331.224     32.173    269.122     29.929      0.000    158.054     28.272    306.825      0.000    0.171E-14    110.264    165.481      0.815      0.121     -0.607    0.378E-02
  36300.00    314.200     26.727    260.465     27.008      0.000    160.887     28.903    306.689      0.000    0.142E-14    110.453    168.840      0.812      0.130     -0.590    0.370E-02
  36600.00    297.041     21.385    251.542     24.113      0.000    163.935     29.691    306.551      0.000    0.118E-14    110.636    172.468      0.808      0.138     -0.572    0.362E-02
  36900.00    279.763     16.206    242.302     21.255      0.000    167.198     30.650    306.409      0.000    0.992E-15    110.813    176.367      0.804      0.146     -0.554    0.354E-02
  37200.00    262.408     11.164    232.957     18.287      0.000    170.723     31.656    306.260      0.000    0.841E-15    110.984    180.603      0.800      0.155     -0.535    0.346E-02
  37500.00    244.984      6.283    223.456     15.246      0.000    174.561     32.782    306.105      0.000    0.718E-15    111.149    185.237      0.796      0.164     -0.516    0.337E-02
  37800.00    227.509      1.606    213.780     12.123      0.000    178.741     34.069    305.944      0.000    0.618E-15    111.307    190.310      0.791      0.172     -0.496    0.328E-02
  38100.00    210.000     -2.803    203.885      8.919      0.000    183.294     35.565    305.776      0.000    0.537E-15    111.458    195.864      0.787      0.181     -0.476    0.319E-02
  38400.00    192.481     -6.874    193.702      5.653      0.000    188.312     37.412    305.603      0.000    0.471E-15    111.602    202.014      0.782      0.191     -0.455    0.309E-02
  38700.00    174.975    -10.569    183.227      2.317      0.000    193.879     39.676    305.423      0.000    0.416E-15    111.739    208.869      0.776      0.200     -0.434    0.299E-02
  39000.00    157.515    -13.896    172.553     -1.143      0.000    200.097     42.325    305.235      0.000    0.372E-15    111.868    216.570      0.771      0.210     -0.412    0.289E-02
  39300.00    140.128    -16.780    161.634     -4.727      0.000    207.091     45.468    305.040      0.000    0.335E-15    111.990    225.278      0.765      0.220     -0.389    0.277E-02
  39600.00    122.838    -19.081    150.355     -8.436      0.000    215.054     49.381    304.836      0.000    0.306E-15    112.103    235.241      0.760      0.230     -0.366    0.266E-02
  39900.00    105.673    -20.199    138.082    -12.210      0.000    224.162     55.283    304.625      0.000    0.281E-15    112.207    246.622      0.754      0.241     -0.341    0.253E-02
  40200.00     88.676    -20.279    124.987    -16.032      0.000    234.964     63.879    304.408      0.000    0.262E-15    112.302    260.095      0.747      0.252     -0.315    0.240E-02
  40500.00     71.893    -19.519    111.286    -19.874      0.000    248.195     76.155    304.185      0.000    0.247E-15    112.386    276.572      0.741      0.265     -0.286    0.226E-02
  40800.00     55.359    -17.813     96.750    -23.578      0.000    264.896     95.660    303.961      0.000    0.235E-15    112.459    297.244      0.734      0.279     -0.256    0.210E-02
  41100.00     39.133    -15.329     81.472    -27.011      0.000    286.872    128.713    303.738      0.000    0.226E-15    112.520    324.172      0.727      0.294     -0.223    0.193E-02
  41400.00     23.329    -12.558     66.018    -30.131      0.000    316.789    186.893    303.518      0.000    0.220E-15    112.570    360.412      0.720      0.310     -0.188    0.173E-02
  41700.00      8.157     -9.987     51.535    -33.391      0.000    357.647    283.932    303.290      0.000    0.215E-15    112.608    409.508      0.713      0.326     -0.154    0.153E-02
  42000.00     -6.074     -7.966     39.469    -37.577      0.000    411.309    419.237    303.033      0.000    0.211E-15    112.636    473.932      0.705      0.339     -0.123    0.132E-02
  42300.00    -18.998     -6.654     30.868    -43.212      0.000    474.374    540.610    302.734      0.000    0.208E-15    112.655    550.262      0.698      0.347     -0.101    0.114E-02
  42600.00    -30.243     -5.683     25.055    -49.616      0.000    537.098    529.204    302.408      0.000    0.207E-15    112.665    625.710      0.690      0.351     -0.087    0.999E-03
  42900.00    -39.578     -4.551     19.208    -54.235      0.000    602.831    723.969    302.120      0.000    0.206E-15    112.668    700.140      0.681      0.355     -0.072    0.893E-03
  43200.00    -45.441     -3.805     15.180    -56.815      0.000    686.242    918.219    301.879      0.000    0.205E-15    112.667    797.853      0.673      0.357     -0.060    0.783E-03
