#  time      cc     z_cbase    z_ctop_avg  z_ctop_max      zi         we   <<ql>>  <<ql>>_max   w_max   tke     ql_max
    300.00 0.000       0.000       0.000       0.000    1302.183    0.0000    0.000    0.000    0.305  145.751    0.000
    600.00 0.000       0.000       0.000       0.000    1382.171    0.2666    0.000    0.000    0.301  104.458    0.000
    900.00 0.000       0.000       0.000       0.000    1486.199    0.3468    0.000    0.000    0.256   73.954    0.000
   1200.00 0.000       0.000       0.000       0.000    1616.724    0.4351    0.000    0.000    0.218   57.609    0.000
   1500.00 0.000       0.000       0.000       0.000    1550.601   -0.2204    0.000    0.000    0.240   48.808    0.000
   1800.00 0.000       0.000       0.000       0.000    1517.899   -0.1090    0.000    0.000    0.222   45.647    0.000
   2100.00 0.000       0.000       0.000       0.000    1537.061    0.0639    0.000    0.000    0.209   47.062    0.000
   2400.00 0.000       0.000       0.000       0.000    1557.600    0.0685    0.000    0.000    0.190   44.896    0.000
   2700.00 0.000       0.000       0.000       0.000    1536.601   -0.0700    0.000    0.000    0.195   39.763    0.000
   3000.00 0.000       0.000       0.000       0.000    1543.309    0.0224    0.000    0.000    0.205   36.045    0.000
   3300.00 0.000     110.000     110.000     110.000    1505.550   -0.1259    0.000    0.085    0.297   35.737    0.004
   3600.00 0.008     130.000     130.000     130.000    1321.719   -0.6128    0.004    2.667    0.501   40.102    0.116
   3900.00 0.006     130.000     130.000     130.000    1325.746    0.0134    0.002    1.753    0.520   38.926    0.076
   4200.00 0.000     148.000     148.000     150.000    1289.263   -0.1216    0.000    1.120    0.474   38.760    0.049
   4500.00 0.000       0.000       0.000       0.000    1239.960   -0.1643    0.000    0.000    0.476   39.985    0.000
   4800.00 0.000     150.000     150.000     150.000    1247.345    0.0246    0.000    0.691    0.470   41.053    0.030
   5100.00 0.000       0.000       0.000       0.000    1240.891   -0.0215    0.000    0.000    0.480   42.145    0.000
   5400.00 0.000       0.000       0.000       0.000    1110.443   -0.4348    0.000    0.000    0.475   44.812    0.000
   5700.00 0.000     170.000     170.000     170.000     837.453   -0.9100    0.000    0.893    0.578   51.815    0.039
   6000.00 0.000     170.000     170.000     170.000     636.617   -0.6695    0.000    0.152    0.671   67.971    0.007
   6300.00 0.000       0.000       0.000       0.000     457.425   -0.5973    0.000    0.000    1.001  113.484    0.000
   6600.00 0.000     238.889     238.889     250.000     340.327   -0.3903    0.000    2.530    1.423  183.901    0.112
   6900.00 0.001     257.045     257.273     290.000     302.575   -0.1258    0.001    3.502    1.556  196.589    0.123
   7200.00 0.000     273.333     273.333     310.000     315.217    0.0421    0.001    5.110    1.605  173.448    0.227
   7500.00 0.000     288.125     288.750     330.000     326.197    0.0366    0.000    3.486    1.732  171.944    0.152
   7800.00 0.000     303.714     303.714     330.000     333.937    0.0258    0.000    3.088    1.671  192.081    0.138
   8100.00 0.000     326.087     326.087     350.000     339.290    0.0178    0.000    2.802    1.870  214.877    0.125
   8400.00 0.001     349.143     349.714     390.000     350.537    0.0375    0.001    3.199    2.023  228.195    0.144
   8700.00 0.000     350.426     350.426     390.000     364.660    0.0471    0.000    4.533    2.182  236.282    0.203
   9000.00 0.000     372.500     372.500     410.000     371.654    0.0233    0.000    2.414    2.231  247.094    0.109
   9300.00 0.000     392.727     392.727     430.000     387.693    0.0535    0.000    3.510    2.369  263.431    0.157
   9600.00 0.000     399.600     399.600     450.000     402.878    0.0506    0.000    2.384    2.549  282.356    0.106
   9900.00 0.000     418.000     418.000     470.000     422.173    0.0643    0.000    4.078    2.598  303.826    0.184
  10200.00 0.000     418.333     418.889     470.000     423.771    0.0053    0.000    4.708    2.647  323.289    0.212
  10500.00 0.001     443.750     444.250     490.000     431.715    0.0265    0.001    5.178    2.986  340.945    0.234
  10800.00 0.000     451.923     452.308     490.000     436.335    0.0154    0.000    3.976    2.981  357.788    0.165
  11100.00 0.000     465.926     466.296     510.000     463.121    0.0893    0.000    4.599    3.197  376.579    0.208
  11400.00 0.000     487.288     487.966     530.000     465.482    0.0079    0.000    4.793    3.192  400.120    0.219
  11700.00 0.000     499.677     500.323     550.000     486.228    0.0692    0.000    2.941    3.276  421.068    0.134
  12000.00 0.001     502.424     502.424     550.000     493.306    0.0236    0.001    3.908    3.159  443.024    0.179
  12300.00 0.001     546.531     548.367     610.000     515.805    0.0750    0.001    6.399    3.400  465.181    0.272
  12600.00 0.001     545.059     545.059     610.000     518.919    0.0104    0.001    3.855    3.457  491.306    0.177
  12900.00 0.001     562.727     563.131     630.000     537.687    0.0626    0.001    4.638    3.745  516.457    0.214
  13200.00 0.001     595.621     596.275     670.000     552.974    0.0510    0.001    5.120    3.616  543.106    0.237
  13500.00 0.001     596.400     597.200     650.000     559.367    0.0213    0.001    4.283    4.360  560.073    0.198
  13800.00 0.001     625.532     627.447     710.000     571.829    0.0415    0.002    8.703    4.051  588.149    0.273
  14100.00 0.001     638.343     639.829     690.000     574.534    0.0090    0.002    8.569    4.062  624.319    0.288
  14400.00 0.002     659.114     661.646     750.000     590.252    0.0524    0.003    7.787    3.993  659.711    0.286
  14700.00 0.003     684.556     688.166     770.000     605.502    0.0508    0.004    8.942    3.926  687.664    0.266
  15000.00 0.003     687.644     688.908     750.000     616.145    0.0355    0.003    6.149    4.396  727.651    0.285
  15300.00 0.004     717.949     721.111     810.000     632.384    0.0541    0.006    7.973    4.599  777.250    0.291
  15600.00 0.004     746.848     751.479     850.000     666.269    0.1130    0.007   14.064    4.694  826.547    0.480
  15900.00 0.006     771.836     777.676     910.000     667.740    0.0049    0.012   11.375    4.849  876.072    0.300
  16200.00 0.010     800.919     812.029     930.000     658.588   -0.0305    0.026   16.655    5.331  921.167    0.443
  16500.00 0.011     822.543     834.928     970.000     680.274    0.0723    0.031   23.727    5.249  989.615    0.610
  16800.00 0.018     855.747     873.620    1030.000     713.768    0.1116    0.064   26.896    4.725 1068.466    0.542
  17100.00 0.025     878.819     901.802    1110.000     730.160    0.0546    0.113   54.104    5.085 1143.899    0.558
  17400.00 0.036     899.721     930.671    1150.000     745.576    0.0514    0.212   73.396    5.376 1231.017    0.776
  17700.00 0.044     930.173     969.641    1230.000     768.277    0.0757    0.332   95.278    5.237 1302.748    0.824
  18000.00 0.053     952.010     994.114    1310.000     786.187    0.0597    0.469  148.886    5.481 1386.415    1.178
  18300.00 0.058     981.638    1035.633    1450.000     819.062    0.1096    0.672  131.333    6.357 1477.837    1.075
  18600.00 0.081    1010.860    1079.954    1550.000     839.240    0.0673    1.376  317.334    6.222 1570.891    1.822
  18900.00 0.094    1038.960    1114.984    1990.000     868.239    0.0967    1.754  364.793    5.520 1672.776    2.055
  19200.00 0.107    1064.112    1150.606    1990.000     879.824    0.0386    2.345  398.317    6.436 1763.213    2.114
  19500.00 0.129    1099.429    1200.636    2290.000     908.258    0.0948    3.535  722.462    8.010 1844.480    3.141
  19800.00 0.133    1127.603    1235.906    2610.000     924.962    0.0557    3.955  834.808    8.037 1948.595    2.661
  20100.00 0.156    1160.690    1280.279    2690.000     959.884    0.1164    5.353  653.860    7.225 2042.581    2.762
  20400.00 0.174    1194.961    1343.121    2750.000     953.563   -0.0211    7.761 1107.605    7.100 2163.434    2.853
  20700.00 0.194    1231.279    1397.749    2770.000     968.516    0.0498   10.128 1204.310    9.298 2281.704    3.473
  21000.00 0.207    1285.023    1482.146    3370.000     993.182    0.0822   13.541  967.827    8.842 2391.973    3.499
  21300.00 0.230    1322.444    1545.309    3350.000    1016.810    0.0788   18.050 1671.852    9.564 2523.571    4.098
  21600.00 0.250    1378.755    1611.370    3470.000    1028.330    0.0384   19.242 2047.944   12.181 2655.051    4.018
  21900.00 0.242    1392.357    1654.152    3650.000    1061.129    0.1093   23.045 1956.770   11.378 2794.813    4.232
  22200.00 0.265    1440.291    1733.506    3630.000    1073.698    0.0419   28.160 2443.448   10.857 2945.815    4.140
  22500.00 0.277    1485.968    1802.832    3630.000    1101.663    0.0932   31.606 1759.339   10.605 3031.256    3.684
  22800.00 0.275    1519.404    1848.578    3830.000    1130.561    0.0963   35.127 2015.299   11.348 3193.750    3.791
  23100.00 0.293    1551.876    1903.762    3770.000    1143.824    0.0442   32.778 1719.118   11.868 3292.982    4.105
  23400.00 0.296    1541.410    1906.263    3350.000    1156.061    0.0408   37.617 1656.192   11.064 3417.204    3.743
  23700.00 0.313    1619.862    2020.667    3630.000    1181.423    0.0845   49.408 1945.347   10.921 3595.603    4.146
  24000.00 0.316    1651.960    2091.051    3990.000    1234.617    0.1773   55.490 2986.554   14.673 3783.375    4.297
  24300.00 0.322    1705.478    2119.577    3990.000    1245.422    0.0360   48.608 2499.063   11.854 3783.814    4.572
  24600.00 0.304    1708.658    2113.946    3990.000    1244.873   -0.0018   45.025 1769.219   10.695 3794.401    3.841
  24900.00 0.315    1753.594    2156.396    3950.000    1266.198    0.0711   45.851 1862.076   11.788 3775.574    3.966
  25200.00 0.314    1756.553    2148.149    3950.000    1245.173   -0.0701   42.044 2847.219   12.369 3741.589    3.777
  25500.00 0.294    1739.625    2134.528    3990.000    1266.808    0.0721   41.698 2597.901   13.504 3836.481    4.526
  25800.00 0.314    1770.521    2201.665    3990.000    1279.112    0.0410   54.069 3107.403   13.686 3935.918    4.624
  26100.00 0.329    1808.852    2279.483    3990.000    1285.852    0.0225   61.448 3296.229   14.031 4124.663    3.984
  26400.00 0.329    1833.624    2329.502    3990.000    1364.405    0.2618   70.883 3929.572   13.720 4402.837    5.172
  26700.00 0.339    1870.239    2405.634    3990.000    1338.422   -0.0866   73.741 2529.511   13.642 4366.817    4.670
  27000.00 0.345    1915.787    2405.083    3990.000    1378.736    0.1344   69.432 2862.929   12.999 4426.852    4.330
  27300.00 0.330    1947.851    2387.996    3990.000    1357.278   -0.0715   55.490 2928.688   13.680 4315.755    4.475
  27600.00 0.318    1886.259    2297.645    3990.000    1349.165   -0.0270   44.689 2246.260   11.441 4189.077    3.565
  27900.00 0.314    1881.900    2302.823    3990.000    1337.625   -0.0385   50.368 2471.946   12.039 4108.098    4.440
  28200.00 0.321    1939.189    2404.772    3990.000    1341.652    0.0134   54.112 3026.211   12.843 4099.251    4.187
  28500.00 0.324    1958.138    2400.908    3990.000    1322.037   -0.0654   48.645 2660.798   13.524 4024.497    4.134
  28800.00 0.311    1926.147    2386.967    3990.000    1362.302    0.1342   51.483 2001.968   11.989 4009.254    3.933
  29100.00 0.320    1983.432    2459.716    3990.000    1359.282   -0.0101   60.353 2391.447   12.093 4064.732    4.257
  29400.00 0.315    2035.259    2528.524    3990.000    1369.120    0.0328   57.488 2987.374   14.965 3953.696    4.658
  29700.00 0.291    2051.969    2493.934    3990.000    1388.235    0.0637   50.857 4034.091   14.841 3935.652    4.370
  30000.00 0.271    2021.807    2499.908    3990.000    1342.104   -0.1538   45.794 2356.913   12.473 3731.606    4.068
  30300.00 0.262    2007.203    2448.013    3990.000    1297.156   -0.1498   38.537 2386.734   11.545 3640.395    3.743
  30600.00 0.255    1943.324    2392.949    3990.000    1326.686    0.0984   42.294 3930.768   13.234 3627.896    3.979
  30900.00 0.280    2016.574    2481.316    3990.000    1324.535   -0.0072   45.066 2563.395   13.535 3551.578    3.773
  31200.00 0.285    2037.454    2491.364    3990.000    1291.354   -0.1106   47.143 2813.556   12.390 3568.352    4.004
  31500.00 0.277    2058.115    2545.362    3990.000    1381.925    0.3019   55.183 3052.433   14.866 3684.540    4.327
  31800.00 0.279    2108.709    2651.344    3990.000    1369.718   -0.0407   58.484 3022.462   16.061 3654.766    4.615
  32100.00 0.268    2099.070    2706.043    3990.000    1369.040   -0.0023   55.178 2907.456   11.903 3578.747    3.699
  32400.00 0.278    2128.940    2646.566    3990.000    1361.373   -0.0256   47.149 2161.908   13.584 3415.845    3.925
  32700.00 0.251    2095.312    2568.285    3990.000    1366.232    0.0162   41.083 1946.011   11.541 3303.643    3.542
  33000.00 0.244    2101.578    2553.449    3990.000    1348.506   -0.0591   35.073 2534.054    9.754 3178.038    3.632
  33300.00 0.232    2114.324    2507.253    3990.000    1333.324   -0.0506   24.689 1910.182    9.415 2952.542    3.727
  33600.00 0.214    2015.079    2376.231    3990.000    1325.932   -0.0246   29.071 2522.961   12.406 2907.215    4.412
  33900.00 0.229    2121.292    2551.173    3990.000    1314.970   -0.0365   34.597 2361.453   12.212 2859.279    3.776
  34200.00 0.216    2129.817    2550.466    3990.000    1326.799    0.0394   34.316 2595.846   11.645 2808.063    4.344
  34500.00 0.229    2179.814    2573.043    3990.000    1306.763   -0.0668   28.671 2097.959   10.521 2623.092    3.953
  34800.00 0.223    2146.480    2523.649    3990.000    1281.623   -0.0838   24.298 1652.898   10.491 2487.406    3.706
  35100.00 0.206    2092.821    2447.057    3990.000    1305.611    0.0800   22.558 1889.889    9.407 2346.504    3.466
  35400.00 0.193    2135.532    2443.448    3990.000    1308.798    0.0106   17.780 1196.717    8.567 2205.349    3.767
  35700.00 0.157    2055.508    2356.965    3990.000    1301.717   -0.0236   17.190 2823.060   11.081 2144.893    3.961
  36000.00 0.150    2108.533    2463.079    3990.000    1268.875   -0.1095   16.488 2507.604   11.296 2026.526    3.008
  36300.00 0.163    2086.374    2395.385    3990.000    1271.973    0.0103   17.690 2250.101   11.132 1942.865    3.508
  36600.00 0.165    2156.375    2514.729    3990.000    1290.483    0.0617   22.191 2542.175   12.954 1889.015    3.894
  36900.00 0.177    2309.686    2732.666    3990.000    1320.375    0.0996   22.437 1768.137   11.732 1765.941    3.404
  37200.00 0.167    2417.754    2808.304    3990.000    1329.989    0.0320   19.395 1570.157    9.113 1640.184    3.781
  37500.00 0.146    2515.707    2845.687    3990.000    1324.978   -0.0167   12.751 1480.436   10.412 1467.181    3.479
  37800.00 0.112    2363.783    2647.593    3990.000    1319.036   -0.0198    9.617 1314.078    7.676 1336.463    3.066
  38100.00 0.081    2278.207    2529.136    3990.000    1317.313   -0.0057    5.717 1437.573   10.224 1187.485    3.419
  38400.00 0.059    2210.183    2417.049    3990.000    1317.107   -0.0007    2.875 1381.281    7.017 1057.523    2.687
  38700.00 0.035    2025.580    2204.371    3990.000    1315.186   -0.0064    1.403  498.815    5.427  940.771    2.652
  39000.00 0.024    1948.676    2043.657    3990.000    1323.932    0.0292    0.654  473.695    6.220  838.748    2.627
  39300.00 0.017    1886.363    1942.234    3790.000    1375.009    0.1703    0.244  210.889    4.052  743.964    1.440
  39600.00 0.009    1698.897    1725.797    3590.000    1421.681    0.1556    0.032   41.364    2.325  659.266    0.655
  39900.00 0.003    1664.090    1683.144    1910.000    1479.104    0.1914    0.009   33.585    2.031  579.835    0.516
  40200.00 0.002    1651.364    1662.727    3150.000    1492.066    0.0432    0.002   14.068    1.813  510.762    0.404
  40500.00 0.001    1657.385    1669.692    1770.000    1564.204    0.2405    0.001   19.881    1.507  455.084    0.396
  40800.00 0.000    1693.889    1701.667    1770.000    1605.948    0.1391    0.000    5.563    1.412  409.394    0.140
  41100.00 0.000    1647.037    1650.000    1710.000    1611.802    0.0195    0.000    2.387    1.137  371.540    0.121
  41400.00 0.000    1630.000    1630.000    1690.000    1638.153    0.0878    0.000    0.793    1.049  342.056    0.040
  41700.00 0.000    1678.421    1678.421    1770.000    1645.874    0.0257    0.000    1.793    1.143  316.346    0.091
  42000.00 0.000    1677.500    1677.500    1690.000    1635.211   -0.0355    0.000    0.614    1.004  293.660    0.031
  42300.00 0.000    1690.000    1690.000    1690.000    1655.244    0.0668    0.000    1.219    0.886  274.399    0.062
  42600.00 0.000       0.000       0.000       0.000    1658.362    0.0104    0.000    0.000    1.001  257.170    0.000
  42900.00 0.000       0.000       0.000       0.000    1702.530    0.1472    0.000    0.000    0.727  242.596    0.000
  43200.00 0.000    1670.000    1670.000    1670.000    1685.393   -0.0571    0.000    0.008    0.814  228.801    0.000
