#  time        ust        tst        qst         obukh      thls        z0        wthls      wthvs      wqls 
    300.00  0.549E+00  0.124E+00  0.714E-05  0.181E+03    295.279  0.350E-01 -0.678E-01 -0.692E-01 -0.392E-05
    600.00  0.449E+00  0.114E+00  0.107E-04  0.130E+03    295.215  0.350E-01 -0.512E-01 -0.526E-01 -0.479E-05
    900.00  0.385E+00  0.103E+00  0.100E-04  0.106E+03    295.207  0.350E-01 -0.398E-01 -0.408E-01 -0.386E-05
   1200.00  0.343E+00  0.912E-01  0.604E-05  0.960E+02    295.250  0.350E-01 -0.313E-01 -0.320E-01 -0.207E-05
   1500.00  0.314E+00  0.782E-01 -0.199E-06  0.952E+02    295.346  0.350E-01 -0.246E-01 -0.248E-01  0.626E-07
   1800.00  0.299E+00  0.606E-01 -0.307E-05  0.112E+03    295.544  0.350E-01 -0.181E-01 -0.181E-01  0.916E-06
   2100.00  0.291E+00  0.432E-01 -0.717E-05  0.152E+03    295.769  0.350E-01 -0.126E-01 -0.123E-01  0.209E-05
   2400.00  0.285E+00  0.259E-01 -0.123E-04  0.259E+03    296.005  0.350E-01 -0.738E-02 -0.682E-02  0.351E-05
   2700.00  0.279E+00  0.847E-02 -0.184E-04  0.113E+04    296.249  0.350E-01 -0.236E-02 -0.146E-02  0.514E-05
   3000.00  0.272E+00 -0.925E-02 -0.256E-04 -0.404E+03    296.498  0.350E-01  0.251E-02  0.380E-02  0.697E-05
   3300.00  0.266E+00 -0.277E-01 -0.338E-04 -0.158E+03    296.750  0.350E-01  0.736E-02  0.905E-02  0.897E-05
   3600.00  0.260E+00 -0.465E-01 -0.430E-04 -0.943E+02    297.007  0.350E-01  0.120E-01  0.142E-01  0.111E-04
   3900.00  0.254E+00 -0.639E-01 -0.532E-04 -0.668E+02    297.273  0.350E-01  0.163E-01  0.189E-01  0.135E-04
   4200.00  0.253E+00 -0.811E-01 -0.635E-04 -0.526E+02    297.535  0.350E-01  0.205E-01  0.237E-01  0.161E-04
   4500.00  0.253E+00 -0.984E-01 -0.743E-04 -0.434E+02    297.798  0.350E-01  0.248E-01  0.285E-01  0.187E-04
   4800.00  0.252E+00 -0.115E+00 -0.855E-04 -0.370E+02    298.061  0.350E-01  0.291E-01  0.333E-01  0.215E-04
   5100.00  0.252E+00 -0.132E+00 -0.967E-04 -0.324E+02    298.321  0.350E-01  0.334E-01  0.382E-01  0.244E-04
   5400.00  0.253E+00 -0.150E+00 -0.108E-03 -0.289E+02    298.580  0.350E-01  0.378E-01  0.432E-01  0.273E-04
   5700.00  0.255E+00 -0.166E+00 -0.119E-03 -0.264E+02    298.836  0.350E-01  0.423E-01  0.482E-01  0.303E-04
   6000.00  0.264E+00 -0.179E+00 -0.129E-03 -0.263E+02    299.077  0.350E-01  0.469E-01  0.535E-01  0.335E-04
   6300.00  0.296E+00 -0.182E+00 -0.130E-03 -0.330E+02    299.267  0.350E-01  0.523E-01  0.596E-01  0.371E-04
   6600.00  0.358E+00 -0.171E+00 -0.120E-03 -0.511E+02    299.380  0.350E-01  0.590E-01  0.671E-01  0.411E-04
   6900.00  0.397E+00 -0.163E+00 -0.118E-03 -0.651E+02    299.531  0.350E-01  0.633E-01  0.723E-01  0.455E-04
   7200.00  0.391E+00 -0.169E+00 -0.129E-03 -0.604E+02    299.785  0.350E-01  0.649E-01  0.747E-01  0.496E-04
   7500.00  0.380E+00 -0.179E+00 -0.143E-03 -0.532E+02    300.049  0.350E-01  0.671E-01  0.776E-01  0.533E-04
   7800.00  0.381E+00 -0.187E+00 -0.152E-03 -0.510E+02    300.278  0.350E-01  0.704E-01  0.816E-01  0.570E-04
   8100.00  0.386E+00 -0.194E+00 -0.160E-03 -0.504E+02    300.494  0.350E-01  0.740E-01  0.859E-01  0.608E-04
   8400.00  0.389E+00 -0.201E+00 -0.168E-03 -0.490E+02    300.713  0.350E-01  0.773E-01  0.900E-01  0.645E-04
   8700.00  0.390E+00 -0.210E+00 -0.177E-03 -0.471E+02    300.935  0.350E-01  0.807E-01  0.941E-01  0.681E-04
   9000.00  0.389E+00 -0.219E+00 -0.188E-03 -0.445E+02    301.159  0.350E-01  0.840E-01  0.981E-01  0.717E-04
   9300.00  0.388E+00 -0.229E+00 -0.198E-03 -0.424E+02    301.377  0.350E-01  0.874E-01  0.102E+00  0.753E-04
   9600.00  0.388E+00 -0.238E+00 -0.207E-03 -0.405E+02    301.593  0.350E-01  0.909E-01  0.106E+00  0.789E-04
   9900.00  0.387E+00 -0.248E+00 -0.217E-03 -0.386E+02    301.805  0.350E-01  0.943E-01  0.110E+00  0.824E-04
  10200.00  0.388E+00 -0.257E+00 -0.226E-03 -0.373E+02    302.012  0.350E-01  0.977E-01  0.115E+00  0.858E-04
  10500.00  0.387E+00 -0.266E+00 -0.236E-03 -0.358E+02    302.223  0.350E-01  0.101E+00  0.119E+00  0.893E-04
  10800.00  0.386E+00 -0.276E+00 -0.246E-03 -0.343E+02    302.432  0.350E-01  0.104E+00  0.122E+00  0.926E-04
  11100.00  0.385E+00 -0.286E+00 -0.256E-03 -0.329E+02    302.639  0.350E-01  0.107E+00  0.126E+00  0.959E-04
  11400.00  0.385E+00 -0.295E+00 -0.265E-03 -0.319E+02    302.838  0.350E-01  0.111E+00  0.130E+00  0.992E-04
  11700.00  0.385E+00 -0.304E+00 -0.275E-03 -0.308E+02    303.035  0.350E-01  0.114E+00  0.134E+00  0.102E-03
  12000.00  0.385E+00 -0.313E+00 -0.284E-03 -0.299E+02    303.232  0.350E-01  0.117E+00  0.138E+00  0.106E-03
  12300.00  0.385E+00 -0.322E+00 -0.293E-03 -0.290E+02    303.429  0.350E-01  0.120E+00  0.142E+00  0.109E-03
  12600.00  0.384E+00 -0.330E+00 -0.301E-03 -0.282E+02    303.622  0.350E-01  0.123E+00  0.145E+00  0.112E-03
  12900.00  0.385E+00 -0.338E+00 -0.309E-03 -0.276E+02    303.808  0.350E-01  0.126E+00  0.149E+00  0.115E-03
  13200.00  0.385E+00 -0.346E+00 -0.318E-03 -0.269E+02    303.998  0.350E-01  0.129E+00  0.152E+00  0.118E-03
  13500.00  0.385E+00 -0.354E+00 -0.326E-03 -0.262E+02    304.181  0.350E-01  0.132E+00  0.155E+00  0.120E-03
  13800.00  0.385E+00 -0.362E+00 -0.334E-03 -0.256E+02    304.363  0.350E-01  0.134E+00  0.159E+00  0.123E-03
  14100.00  0.386E+00 -0.370E+00 -0.341E-03 -0.251E+02    304.539  0.350E-01  0.137E+00  0.162E+00  0.126E-03
  14400.00  0.385E+00 -0.377E+00 -0.349E-03 -0.247E+02    304.718  0.350E-01  0.139E+00  0.165E+00  0.128E-03
  14700.00  0.387E+00 -0.383E+00 -0.356E-03 -0.245E+02    304.890  0.350E-01  0.142E+00  0.168E+00  0.131E-03
  15000.00  0.389E+00 -0.387E+00 -0.360E-03 -0.244E+02    305.055  0.350E-01  0.144E+00  0.171E+00  0.134E-03
  15300.00  0.389E+00 -0.393E+00 -0.367E-03 -0.240E+02    305.223  0.350E-01  0.147E+00  0.174E+00  0.136E-03
  15600.00  0.391E+00 -0.399E+00 -0.373E-03 -0.237E+02    305.383  0.350E-01  0.149E+00  0.176E+00  0.138E-03
  15900.00  0.391E+00 -0.405E+00 -0.379E-03 -0.236E+02    305.542  0.350E-01  0.151E+00  0.179E+00  0.141E-03
  16200.00  0.393E+00 -0.408E+00 -0.384E-03 -0.236E+02    305.697  0.350E-01  0.153E+00  0.181E+00  0.143E-03
  16500.00  0.397E+00 -0.409E+00 -0.385E-03 -0.239E+02    305.840  0.350E-01  0.155E+00  0.184E+00  0.145E-03
  16800.00  0.402E+00 -0.409E+00 -0.386E-03 -0.244E+02    305.978  0.350E-01  0.157E+00  0.186E+00  0.147E-03
  17100.00  0.406E+00 -0.411E+00 -0.389E-03 -0.248E+02    306.115  0.350E-01  0.158E+00  0.188E+00  0.149E-03
  17400.00  0.410E+00 -0.410E+00 -0.389E-03 -0.253E+02    306.244  0.350E-01  0.160E+00  0.190E+00  0.151E-03
  17700.00  0.412E+00 -0.412E+00 -0.392E-03 -0.255E+02    306.378  0.350E-01  0.162E+00  0.192E+00  0.153E-03
  18000.00  0.418E+00 -0.412E+00 -0.392E-03 -0.262E+02    306.496  0.350E-01  0.163E+00  0.194E+00  0.154E-03
  18300.00  0.423E+00 -0.410E+00 -0.391E-03 -0.271E+02    306.611  0.350E-01  0.165E+00  0.196E+00  0.156E-03
  18600.00  0.427E+00 -0.408E+00 -0.390E-03 -0.276E+02    306.727  0.350E-01  0.166E+00  0.197E+00  0.157E-03
  18900.00  0.431E+00 -0.408E+00 -0.391E-03 -0.280E+02    306.838  0.350E-01  0.167E+00  0.199E+00  0.159E-03
  19200.00  0.434E+00 -0.407E+00 -0.390E-03 -0.285E+02    306.951  0.350E-01  0.168E+00  0.200E+00  0.160E-03
  19500.00  0.437E+00 -0.407E+00 -0.390E-03 -0.287E+02    307.059  0.350E-01  0.169E+00  0.201E+00  0.161E-03
  19800.00  0.440E+00 -0.406E+00 -0.389E-03 -0.292E+02    307.159  0.350E-01  0.170E+00  0.202E+00  0.162E-03
  20100.00  0.443E+00 -0.405E+00 -0.390E-03 -0.296E+02    307.261  0.350E-01  0.171E+00  0.203E+00  0.163E-03
  20400.00  0.447E+00 -0.403E+00 -0.388E-03 -0.303E+02    307.348  0.350E-01  0.172E+00  0.204E+00  0.164E-03
  20700.00  0.448E+00 -0.403E+00 -0.388E-03 -0.305E+02    307.446  0.350E-01  0.172E+00  0.205E+00  0.165E-03
  21000.00  0.449E+00 -0.403E+00 -0.389E-03 -0.308E+02    307.540  0.350E-01  0.172E+00  0.205E+00  0.165E-03
  21300.00  0.451E+00 -0.402E+00 -0.388E-03 -0.308E+02    307.626  0.350E-01  0.173E+00  0.206E+00  0.166E-03
  21600.00  0.454E+00 -0.400E+00 -0.387E-03 -0.315E+02    307.701  0.350E-01  0.173E+00  0.206E+00  0.166E-03
  21900.00  0.454E+00 -0.401E+00 -0.388E-03 -0.316E+02    307.785  0.350E-01  0.173E+00  0.206E+00  0.166E-03
  22200.00  0.455E+00 -0.400E+00 -0.388E-03 -0.315E+02    307.860  0.350E-01  0.173E+00  0.206E+00  0.167E-03
  22500.00  0.457E+00 -0.398E+00 -0.386E-03 -0.319E+02    307.926  0.350E-01  0.173E+00  0.206E+00  0.167E-03
  22800.00  0.455E+00 -0.400E+00 -0.390E-03 -0.316E+02    308.006  0.350E-01  0.172E+00  0.205E+00  0.167E-03
  23100.00  0.454E+00 -0.399E+00 -0.390E-03 -0.314E+02    308.077  0.350E-01  0.172E+00  0.205E+00  0.167E-03
  23400.00  0.455E+00 -0.396E+00 -0.388E-03 -0.316E+02    308.140  0.350E-01  0.171E+00  0.204E+00  0.166E-03
  23700.00  0.456E+00 -0.392E+00 -0.385E-03 -0.320E+02    308.196  0.350E-01  0.170E+00  0.203E+00  0.166E-03
  24000.00  0.456E+00 -0.392E+00 -0.387E-03 -0.321E+02    308.250  0.350E-01  0.169E+00  0.202E+00  0.166E-03
  24300.00  0.454E+00 -0.389E+00 -0.386E-03 -0.320E+02    308.306  0.350E-01  0.168E+00  0.201E+00  0.165E-03
  24600.00  0.453E+00 -0.388E+00 -0.386E-03 -0.320E+02    308.357  0.350E-01  0.167E+00  0.200E+00  0.165E-03
  24900.00  0.448E+00 -0.389E+00 -0.389E-03 -0.313E+02    308.414  0.350E-01  0.165E+00  0.198E+00  0.164E-03
  25200.00  0.446E+00 -0.386E+00 -0.388E-03 -0.311E+02    308.463  0.350E-01  0.163E+00  0.196E+00  0.163E-03
  25500.00  0.447E+00 -0.381E+00 -0.386E-03 -0.314E+02    308.491  0.350E-01  0.162E+00  0.194E+00  0.163E-03
  25800.00  0.446E+00 -0.378E+00 -0.385E-03 -0.315E+02    308.527  0.350E-01  0.160E+00  0.192E+00  0.162E-03
  26100.00  0.446E+00 -0.373E+00 -0.383E-03 -0.319E+02    308.549  0.350E-01  0.158E+00  0.190E+00  0.161E-03
  26400.00  0.447E+00 -0.367E+00 -0.379E-03 -0.325E+02    308.562  0.350E-01  0.156E+00  0.188E+00  0.160E-03
  26700.00  0.444E+00 -0.365E+00 -0.380E-03 -0.322E+02    308.588  0.350E-01  0.153E+00  0.185E+00  0.159E-03
  27000.00  0.443E+00 -0.359E+00 -0.378E-03 -0.322E+02    308.601  0.350E-01  0.151E+00  0.182E+00  0.158E-03
  27300.00  0.444E+00 -0.353E+00 -0.374E-03 -0.329E+02    308.601  0.350E-01  0.148E+00  0.179E+00  0.156E-03
  27600.00  0.442E+00 -0.347E+00 -0.372E-03 -0.334E+02    308.612  0.350E-01  0.146E+00  0.176E+00  0.155E-03
  27900.00  0.442E+00 -0.341E+00 -0.370E-03 -0.340E+02    308.608  0.350E-01  0.143E+00  0.173E+00  0.154E-03
  28200.00  0.438E+00 -0.337E+00 -0.371E-03 -0.338E+02    308.609  0.350E-01  0.139E+00  0.170E+00  0.152E-03
  28500.00  0.439E+00 -0.328E+00 -0.366E-03 -0.349E+02    308.594  0.350E-01  0.136E+00  0.166E+00  0.151E-03
  28800.00  0.437E+00 -0.321E+00 -0.363E-03 -0.351E+02    308.588  0.350E-01  0.133E+00  0.162E+00  0.149E-03
  29100.00  0.433E+00 -0.314E+00 -0.362E-03 -0.351E+02    308.570  0.350E-01  0.129E+00  0.158E+00  0.148E-03
  29400.00  0.431E+00 -0.307E+00 -0.359E-03 -0.352E+02    308.551  0.350E-01  0.126E+00  0.154E+00  0.146E-03
  29700.00  0.427E+00 -0.300E+00 -0.358E-03 -0.352E+02    308.532  0.350E-01  0.122E+00  0.150E+00  0.144E-03
  30000.00  0.426E+00 -0.292E+00 -0.355E-03 -0.361E+02    308.492  0.350E-01  0.118E+00  0.146E+00  0.143E-03
  30300.00  0.424E+00 -0.285E+00 -0.353E-03 -0.367E+02    308.453  0.350E-01  0.114E+00  0.142E+00  0.141E-03
  30600.00  0.418E+00 -0.278E+00 -0.353E-03 -0.365E+02    308.424  0.350E-01  0.110E+00  0.137E+00  0.139E-03
  30900.00  0.416E+00 -0.269E+00 -0.351E-03 -0.371E+02    308.376  0.350E-01  0.106E+00  0.132E+00  0.137E-03
  31200.00  0.415E+00 -0.256E+00 -0.344E-03 -0.383E+02    308.321  0.350E-01  0.101E+00  0.128E+00  0.135E-03
  31500.00  0.413E+00 -0.247E+00 -0.340E-03 -0.391E+02    308.264  0.350E-01  0.969E-01  0.123E+00  0.133E-03
  31800.00  0.409E+00 -0.238E+00 -0.338E-03 -0.399E+02    308.205  0.350E-01  0.924E-01  0.118E+00  0.131E-03
  32100.00  0.407E+00 -0.227E+00 -0.333E-03 -0.410E+02    308.137  0.350E-01  0.878E-01  0.113E+00  0.128E-03
  32400.00  0.404E+00 -0.216E+00 -0.329E-03 -0.423E+02    308.065  0.350E-01  0.832E-01  0.108E+00  0.126E-03
  32700.00  0.403E+00 -0.204E+00 -0.324E-03 -0.441E+02    307.986  0.350E-01  0.785E-01  0.103E+00  0.124E-03
  33000.00  0.400E+00 -0.193E+00 -0.319E-03 -0.457E+02    307.905  0.350E-01  0.738E-01  0.973E-01  0.121E-03
  33300.00  0.397E+00 -0.181E+00 -0.315E-03 -0.473E+02    307.820  0.350E-01  0.689E-01  0.919E-01  0.119E-03
  33600.00  0.395E+00 -0.170E+00 -0.310E-03 -0.494E+02    307.726  0.350E-01  0.641E-01  0.866E-01  0.117E-03
  33900.00  0.392E+00 -0.158E+00 -0.305E-03 -0.516E+02    307.627  0.350E-01  0.592E-01  0.812E-01  0.114E-03
  34200.00  0.388E+00 -0.146E+00 -0.301E-03 -0.538E+02    307.527  0.350E-01  0.543E-01  0.757E-01  0.111E-03
  34500.00  0.384E+00 -0.134E+00 -0.296E-03 -0.565E+02    307.422  0.350E-01  0.494E-01  0.702E-01  0.109E-03
  34800.00  0.380E+00 -0.122E+00 -0.292E-03 -0.597E+02    307.313  0.350E-01  0.444E-01  0.647E-01  0.106E-03
  35100.00  0.375E+00 -0.110E+00 -0.287E-03 -0.628E+02    307.200  0.350E-01  0.395E-01  0.592E-01  0.103E-03
  35400.00  0.371E+00 -0.978E-01 -0.282E-03 -0.667E+02    307.080  0.350E-01  0.346E-01  0.537E-01  0.100E-03
  35700.00  0.365E+00 -0.852E-01 -0.277E-03 -0.714E+02    306.954  0.350E-01  0.298E-01  0.482E-01  0.973E-04
  36000.00  0.360E+00 -0.724E-01 -0.272E-03 -0.773E+02    306.825  0.350E-01  0.249E-01  0.428E-01  0.943E-04
  36300.00  0.356E+00 -0.595E-01 -0.266E-03 -0.852E+02    306.689  0.350E-01  0.202E-01  0.374E-01  0.913E-04
  36600.00  0.349E+00 -0.469E-01 -0.261E-03 -0.944E+02    306.551  0.350E-01  0.156E-01  0.322E-01  0.882E-04
  36900.00  0.342E+00 -0.345E-01 -0.257E-03 -0.105E+03    306.409  0.350E-01  0.111E-01  0.270E-01  0.849E-04
  37200.00  0.334E+00 -0.218E-01 -0.252E-03 -0.122E+03    306.260  0.350E-01  0.675E-02  0.220E-01  0.816E-04
  37500.00  0.327E+00 -0.905E-02 -0.246E-03 -0.146E+03    306.105  0.350E-01  0.254E-02  0.171E-01  0.783E-04
  37800.00  0.320E+00  0.357E-02 -0.241E-03 -0.188E+03    305.944  0.350E-01 -0.148E-02  0.124E-01  0.749E-04
  38100.00  0.312E+00  0.160E-01 -0.235E-03 -0.269E+03    305.776  0.350E-01 -0.525E-02  0.797E-02  0.714E-04
  38400.00  0.303E+00  0.280E-01 -0.229E-03 -0.496E+03    305.603  0.350E-01 -0.871E-02  0.380E-02  0.679E-04
  38700.00  0.293E+00  0.397E-01 -0.224E-03 -0.541E+04    305.423  0.350E-01 -0.118E-01 -0.374E-04  0.642E-04
  39000.00  0.282E+00  0.512E-01 -0.219E-03  0.536E+03    305.235  0.350E-01 -0.146E-01 -0.355E-02  0.604E-04
  39300.00  0.270E+00  0.624E-01 -0.214E-03  0.237E+03    305.040  0.350E-01 -0.170E-01 -0.669E-02  0.566E-04
  39600.00  0.256E+00  0.730E-01 -0.209E-03  0.144E+03    304.836  0.350E-01 -0.189E-01 -0.931E-02  0.526E-04
  39900.00  0.237E+00  0.821E-01 -0.208E-03  0.972E+02    304.625  0.350E-01 -0.196E-01 -0.109E-01  0.483E-04
  40200.00  0.216E+00  0.895E-01 -0.207E-03  0.684E+02    304.408  0.350E-01 -0.195E-01 -0.116E-01  0.437E-04
  40500.00  0.193E+00  0.950E-01 -0.206E-03  0.490E+02    304.185  0.350E-01 -0.186E-01 -0.116E-01  0.389E-04
  40800.00  0.170E+00  0.974E-01 -0.204E-03  0.353E+02    303.961  0.350E-01 -0.168E-01 -0.108E-01  0.338E-04
  41100.00  0.145E+00  0.963E-01 -0.201E-03  0.249E+02    303.738  0.350E-01 -0.144E-01 -0.930E-02  0.285E-04
  41400.00  0.122E+00  0.920E-01 -0.195E-03  0.171E+02    303.518  0.350E-01 -0.117E-01 -0.762E-02  0.231E-04
  41700.00  0.100E+00  0.861E-01 -0.184E-03  0.115E+02    303.290  0.350E-01 -0.929E-02 -0.609E-02  0.180E-04
  42000.00  0.836E-01  0.810E-01 -0.168E-03  0.798E+01    303.033  0.350E-01 -0.738E-02 -0.493E-02  0.138E-04
  42300.00  0.718E-01  0.790E-01 -0.152E-03  0.616E+01    302.734  0.350E-01 -0.613E-02 -0.423E-02  0.108E-04
  42600.00  0.631E-01  0.796E-01 -0.141E-03  0.543E+01    302.408  0.350E-01 -0.522E-02 -0.367E-02  0.875E-05
  42900.00  0.538E-01  0.744E-01 -0.126E-03  0.409E+01    302.120  0.350E-01 -0.416E-02 -0.299E-02  0.670E-05
  43200.00  0.476E-01  0.702E-01 -0.112E-03  0.329E+01    301.879  0.350E-01 -0.347E-02 -0.255E-02  0.530E-05
