#Input file large scale forcing
#height ug    vg    wfls   dqtdxls   dqtdyls  dqtdtls   dthlrad
  12.0  0.0  0.0  0.0  0.0  0.0  0.0  0.0
  36.0  0.0  0.0  0.0  0.0  0.0  0.0  0.0
  60.0  0.0  0.0  0.0  0.0  0.0  0.0  0.0
  84.0  0.0  0.0  0.0  0.0  0.0  0.0  0.0
  108.0  0.0  0.0  0.0  0.0  0.0  0.0  0.0
  132.0  0.0  0.0  0.0  0.0  0.0  0.0  0.0
  156.0  0.0  0.0  0.0  0.0  0.0  0.0  0.0
  180.0  0.0  0.0  0.0  0.0  0.0  0.0  0.0
  204.0  0.0  0.0  0.0  0.0  0.0  0.0  0.0
  228.0  0.0  0.0  0.0  0.0  0.0  0.0  0.0
  252.0  0.0  0.0  0.0  0.0  0.0  0.0  0.0
  276.0  0.0  0.0  0.0  0.0  0.0  0.0  0.0
  300.0  0.0  0.0  0.0  0.0  0.0  0.0  0.0
  324.0  0.0  0.0  0.0  0.0  0.0  0.0  0.0
  348.0  0.0  0.0  0.0  0.0  0.0  0.0  0.0
  372.0  0.0  0.0  0.0  0.0  0.0  0.0  0.0
  396.0  0.0  0.0  0.0  0.0  0.0  0.0  0.0
  420.0  0.0  0.0  0.0  0.0  0.0  0.0  0.0
  444.0  0.0  0.0  0.0  0.0  0.0  0.0  0.0
  468.0  0.0  0.0  0.0  0.0  0.0  0.0  0.0
  492.0  0.0  0.0  0.0  0.0  0.0  0.0  0.0
  516.0  0.0  0.0  0.0  0.0  0.0  0.0  0.0
  540.0  0.0  0.0  0.0  0.0  0.0  0.0  0.0
  564.0  0.0  0.0  0.0  0.0  0.0  0.0  0.0
  588.0  0.0  0.0  0.0  0.0  0.0  0.0  0.0
  612.0  0.0  0.0  0.0  0.0  0.0  0.0  0.0
  636.0  0.0  0.0  0.0  0.0  0.0  0.0  0.0
  660.0  0.0  0.0  0.0  0.0  0.0  0.0  0.0
  684.0  0.0  0.0  0.0  0.0  0.0  0.0  0.0
  708.0  0.0  0.0  0.0  0.0  0.0  0.0  0.0
  732.0  0.0  0.0  0.0  0.0  0.0  0.0  0.0
  756.0  0.0  0.0  0.0  0.0  0.0  0.0  0.0
  780.0  0.0  0.0  0.0  0.0  0.0  0.0  0.0
  804.0  0.0  0.0  0.0  0.0  0.0  0.0  0.0
  828.0  0.0  0.0  0.0  0.0  0.0  0.0  0.0
  852.0  0.0  0.0  0.0  0.0  0.0  0.0  0.0
  876.0  0.0  0.0  0.0  0.0  0.0  0.0  0.0
  900.0  0.0  0.0  0.0  0.0  0.0  0.0  0.0
  924.0  0.0  0.0  0.0  0.0  0.0  0.0  0.0
  948.0  0.0  0.0  0.0  0.0  0.0  0.0  0.0
  972.0  0.0  0.0  0.0  0.0  0.0  0.0  0.0
  996.0  0.0  0.0  0.0  0.0  0.0  0.0  0.0
  1020.0  0.0  0.0  0.0  0.0  0.0  0.0  0.0
  1044.0  0.0  0.0  0.0  0.0  0.0  0.0  0.0
  1068.0  0.0  0.0  0.0  0.0  0.0  0.0  0.0
  1092.0  0.0  0.0  0.0  0.0  0.0  0.0  0.0
  1116.0  0.0  0.0  0.0  0.0  0.0  0.0  0.0
  1140.0  0.0  0.0  0.0  0.0  0.0  0.0  0.0
  1164.0  0.0  0.0  0.0  0.0  0.0  0.0  0.0
  1188.0  0.0  0.0  0.0  0.0  0.0  0.0  0.0
  1212.0  0.0  0.0  0.0  0.0  0.0  0.0  0.0
  1236.0  0.0  0.0  0.0  0.0  0.0  0.0  0.0
  1260.0  0.0  0.0  0.0  0.0  0.0  0.0  0.0
  1284.0  0.0  0.0  0.0  0.0  0.0  0.0  0.0
  1308.0  0.0  0.0  0.0  0.0  0.0  0.0  0.0
  1332.0  0.0  0.0  0.0  0.0  0.0  0.0  0.0
  1356.0  0.0  0.0  0.0  0.0  0.0  0.0  0.0
  1380.0  0.0  0.0  0.0  0.0  0.0  0.0  0.0
  1404.0  0.0  0.0  0.0  0.0  0.0  0.0  0.0
  1428.0  0.0  0.0  0.0  0.0  0.0  0.0  0.0
  1452.0  0.0  0.0  0.0  0.0  0.0  0.0  0.0
  1476.0  0.0  0.0  0.0  0.0  0.0  0.0  0.0
  1500.0  0.0  0.0  0.0  0.0  0.0  0.0  0.0
  1524.0  0.0  0.0  0.0  0.0  0.0  0.0  0.0
  1548.0  0.0  0.0  0.0  0.0  0.0  0.0  0.0
  1572.0  0.0  0.0  0.0  0.0  0.0  0.0  0.0
  1596.0  0.0  0.0  0.0  0.0  0.0  0.0  0.0
  1620.0  0.0  0.0  0.0  0.0  0.0  0.0  0.0
  1644.0  0.0  0.0  0.0  0.0  0.0  0.0  0.0
  1668.0  0.0  0.0  0.0  0.0  0.0  0.0  0.0
  1692.0  0.0  0.0  0.0  0.0  0.0  0.0  0.0
  1716.0  0.0  0.0  0.0  0.0  0.0  0.0  0.0
  1740.0  0.0  0.0  0.0  0.0  0.0  0.0  0.0
  1764.0  0.0  0.0  0.0  0.0  0.0  0.0  0.0
  1788.0  0.0  0.0  0.0  0.0  0.0  0.0  0.0
  1812.0  0.0  0.0  0.0  0.0  0.0  0.0  0.0
  1836.0  0.0  0.0  0.0  0.0  0.0  0.0  0.0
  1860.0  0.0  0.0  0.0  0.0  0.0  0.0  0.0
  1884.0  0.0  0.0  0.0  0.0  0.0  0.0  0.0
  1908.0  0.0  0.0  0.0  0.0  0.0  0.0  0.0
  1932.0  0.0  0.0  0.0  0.0  0.0  0.0  0.0
  1956.0  0.0  0.0  0.0  0.0  0.0  0.0  0.0
  1980.0  0.0  0.0  0.0  0.0  0.0  0.0  0.0
  2004.0  0.0  0.0  0.0  0.0  0.0  0.0  0.0
  2028.0  0.0  0.0  0.0  0.0  0.0  0.0  0.0
  2052.0  0.0  0.0  0.0  0.0  0.0  0.0  0.0
  2076.0  0.0  0.0  0.0  0.0  0.0  0.0  0.0
  2100.0  0.0  0.0  0.0  0.0  0.0  0.0  0.0
  2124.0  0.0  0.0  0.0  0.0  0.0  0.0  0.0
  2148.0  0.0  0.0  0.0  0.0  0.0  0.0  0.0
  2172.0  0.0  0.0  0.0  0.0  0.0  0.0  0.0
  2196.0  0.0  0.0  0.0  0.0  0.0  0.0  0.0
  2220.0  0.0  0.0  0.0  0.0  0.0  0.0  0.0
  2244.0  0.0  0.0  0.0  0.0  0.0  0.0  0.0
  2268.0  0.0  0.0  0.0  0.0  0.0  0.0  0.0
  2292.0  0.0  0.0  0.0  0.0  0.0  0.0  0.0
  2316.0  0.0  0.0  0.0  0.0  0.0  0.0  0.0
  2340.0  0.0  0.0  0.0  0.0  0.0  0.0  0.0
  2364.0  0.0  0.0  0.0  0.0  0.0  0.0  0.0
  2388.0  0.0  0.0  0.0  0.0  0.0  0.0  0.0
  2412.0  0.0  0.0  0.0  0.0  0.0  0.0  0.0
  2436.0  0.0  0.0  0.0  0.0  0.0  0.0  0.0
  2460.0  0.0  0.0  0.0  0.0  0.0  0.0  0.0
  2484.0  0.0  0.0  0.0  0.0  0.0  0.0  0.0
  2508.0  0.0  0.0  0.0  0.0  0.0  0.0  0.0
  2532.0  0.0  0.0  0.0  0.0  0.0  0.0  0.0
  2556.0  0.0  0.0  0.0  0.0  0.0  0.0  0.0
  2580.0  0.0  0.0  0.0  0.0  0.0  0.0  0.0
  2604.0  0.0  0.0  0.0  0.0  0.0  0.0  0.0
  2628.0  0.0  0.0  0.0  0.0  0.0  0.0  0.0
  2652.0  0.0  0.0  0.0  0.0  0.0  0.0  0.0
  2676.0  0.0  0.0  0.0  0.0  0.0  0.0  0.0
  2700.0  0.0  0.0  0.0  0.0  0.0  0.0  0.0
  2724.0  0.0  0.0  0.0  0.0  0.0  0.0  0.0
  2748.0  0.0  0.0  0.0  0.0  0.0  0.0  0.0
  2772.0  0.0  0.0  0.0  0.0  0.0  0.0  0.0
  2796.0  0.0  0.0  0.0  0.0  0.0  0.0  0.0
  2820.0  0.0  0.0  0.0  0.0  0.0  0.0  0.0
  2844.0  0.0  0.0  0.0  0.0  0.0  0.0  0.0
  2868.0  0.0  0.0  0.0  0.0  0.0  0.0  0.0
  2892.0  0.0  0.0  0.0  0.0  0.0  0.0  0.0
  2916.0  0.0  0.0  0.0  0.0  0.0  0.0  0.0
  2940.0  0.0  0.0  0.0  0.0  0.0  0.0  0.0
  2964.0  0.0  0.0  0.0  0.0  0.0  0.0  0.0
  2988.0  0.0  0.0  0.0  0.0  0.0  0.0  0.0
  3012.0  0.0  0.0  0.0  0.0  0.0  0.0  0.0
  3036.0  0.0  0.0  0.0  0.0  0.0  0.0  0.0
  3060.0  0.0  0.0  0.0  0.0  0.0  0.0  0.0
  3084.0  0.0  0.0  0.0  0.0  0.0  0.0  0.0
  3108.0  0.0  0.0  0.0  0.0  0.0  0.0  0.0
  3132.0  0.0  0.0  0.0  0.0  0.0  0.0  0.0
  3156.0  0.0  0.0  0.0  0.0  0.0  0.0  0.0
  3180.0  0.0  0.0  0.0  0.0  0.0  0.0  0.0
  3204.0  0.0  0.0  0.0  0.0  0.0  0.0  0.0
  3228.0  0.0  0.0  0.0  0.0  0.0  0.0  0.0
  3252.0  0.0  0.0  0.0  0.0  0.0  0.0  0.0
  3276.0  0.0  0.0  0.0  0.0  0.0  0.0  0.0
  3300.0  0.0  0.0  0.0  0.0  0.0  0.0  0.0
  3324.0  0.0  0.0  0.0  0.0  0.0  0.0  0.0
  3348.0  0.0  0.0  0.0  0.0  0.0  0.0  0.0
  3372.0  0.0  0.0  0.0  0.0  0.0  0.0  0.0
  3396.0  0.0  0.0  0.0  0.0  0.0  0.0  0.0
  3420.0  0.0  0.0  0.0  0.0  0.0  0.0  0.0
  3444.0  0.0  0.0  0.0  0.0  0.0  0.0  0.0
  3468.0  0.0  0.0  0.0  0.0  0.0  0.0  0.0
  3492.0  0.0  0.0  0.0  0.0  0.0  0.0  0.0
  3516.0  0.0  0.0  0.0  0.0  0.0  0.0  0.0
  3540.0  0.0  0.0  0.0  0.0  0.0  0.0  0.0
  3564.0  0.0  0.0  0.0  0.0  0.0  0.0  0.0
  3588.0  0.0  0.0  0.0  0.0  0.0  0.0  0.0
  3612.0  0.0  0.0  0.0  0.0  0.0  0.0  0.0
  3636.0  0.0  0.0  0.0  0.0  0.0  0.0  0.0
  3660.0  0.0  0.0  0.0  0.0  0.0  0.0  0.0
  3684.0  0.0  0.0  0.0  0.0  0.0  0.0  0.0
  3708.0  0.0  0.0  0.0  0.0  0.0  0.0  0.0
  3732.0  0.0  0.0  0.0  0.0  0.0  0.0  0.0
  3756.0  0.0  0.0  0.0  0.0  0.0  0.0  0.0
  3780.0  0.0  0.0  0.0  0.0  0.0  0.0  0.0
  3804.0  0.0  0.0  0.0  0.0  0.0  0.0  0.0
  3828.0  0.0  0.0  0.0  0.0  0.0  0.0  0.0
  3852.0  0.0  0.0  0.0  0.0  0.0  0.0  0.0
  3876.0  0.0  0.0  0.0  0.0  0.0  0.0  0.0
  3900.0  0.0  0.0  0.0  0.0  0.0  0.0  0.0
  3924.0  0.0  0.0  0.0  0.0  0.0  0.0  0.0
  3948.0  0.0  0.0  0.0  0.0  0.0  0.0  0.0
  3972.0  0.0  0.0  0.0  0.0  0.0  0.0  0.0
  3996.0  0.0  0.0  0.0  0.0  0.0  0.0  0.0
  4020.0  0.0  0.0  0.0  0.0  0.0  0.0  0.0
  4044.0  0.0  0.0  0.0  0.0  0.0  0.0  0.0
  4068.0  0.0  0.0  0.0  0.0  0.0  0.0  0.0
  4092.0  0.0  0.0  0.0  0.0  0.0  0.0  0.0
  4116.0  0.0  0.0  0.0  0.0  0.0  0.0  0.0
  4140.0  0.0  0.0  0.0  0.0  0.0  0.0  0.0
  4164.0  0.0  0.0  0.0  0.0  0.0  0.0  0.0
  4188.0  0.0  0.0  0.0  0.0  0.0  0.0  0.0
  4212.0  0.0  0.0  0.0  0.0  0.0  0.0  0.0
  4236.0  0.0  0.0  0.0  0.0  0.0  0.0  0.0
  4260.0  0.0  0.0  0.0  0.0  0.0  0.0  0.0
  4284.0  0.0  0.0  0.0  0.0  0.0  0.0  0.0
  4308.0  0.0  0.0  0.0  0.0  0.0  0.0  0.0
  4332.0  0.0  0.0  0.0  0.0  0.0  0.0  0.0
  4356.0  0.0  0.0  0.0  0.0  0.0  0.0  0.0
  4380.0  0.0  0.0  0.0  0.0  0.0  0.0  0.0
  4404.0  0.0  0.0  0.0  0.0  0.0  0.0  0.0
  4428.0  0.0  0.0  0.0  0.0  0.0  0.0  0.0
  4452.0  0.0  0.0  0.0  0.0  0.0  0.0  0.0
  4476.0  0.0  0.0  0.0  0.0  0.0  0.0  0.0
  4500.0  0.0  0.0  0.0  0.0  0.0  0.0  0.0
  4524.0  0.0  0.0  0.0  0.0  0.0  0.0  0.0
  4548.0  0.0  0.0  0.0  0.0  0.0  0.0  0.0
  4572.0  0.0  0.0  0.0  0.0  0.0  0.0  0.0
  4596.0  0.0  0.0  0.0  0.0  0.0  0.0  0.0
  4620.0  0.0  0.0  0.0  0.0  0.0  0.0  0.0
  4644.0  0.0  0.0  0.0  0.0  0.0  0.0  0.0
  4668.0  0.0  0.0  0.0  0.0  0.0  0.0  0.0
  4692.0  0.0  0.0  0.0  0.0  0.0  0.0  0.0
  4716.0  0.0  0.0  0.0  0.0  0.0  0.0  0.0
  4740.0  0.0  0.0  0.0  0.0  0.0  0.0  0.0
  4764.0  0.0  0.0  0.0  0.0  0.0  0.0  0.0
  4788.0  0.0  0.0  0.0  0.0  0.0  0.0  0.0
  4812.0  0.0  0.0  0.0  0.0  0.0  0.0  0.0
  4836.0  0.0  0.0  0.0  0.0  0.0  0.0  0.0
  4860.0  0.0  0.0  0.0  0.0  0.0  0.0  0.0
  4884.0  0.0  0.0  0.0  0.0  0.0  0.0  0.0
  4908.0  0.0  0.0  0.0  0.0  0.0  0.0  0.0
  4932.0  0.0  0.0  0.0  0.0  0.0  0.0  0.0
  4956.0  0.0  0.0  0.0  0.0  0.0  0.0  0.0
  4980.0  0.0  0.0  0.0  0.0  0.0  0.0  0.0
  5004.0  0.0  0.0  0.0  0.0  0.0  0.0  0.0
  5028.0  0.0  0.0  0.0  0.0  0.0  0.0  0.0
  5052.0  0.0  0.0  0.0  0.0  0.0  0.0  0.0
  5076.0  0.0  0.0  0.0  0.0  0.0  0.0  0.0
  5100.0  0.0  0.0  0.0  0.0  0.0  0.0  0.0
  5124.0  0.0  0.0  0.0  0.0  0.0  0.0  0.0
  5148.0  0.0  0.0  0.0  0.0  0.0  0.0  0.0
  5172.0  0.0  0.0  0.0  0.0  0.0  0.0  0.0
  5196.0  0.0  0.0  0.0  0.0  0.0  0.0  0.0
  5220.0  0.0  0.0  0.0  0.0  0.0  0.0  0.0
  5244.0  0.0  0.0  0.0  0.0  0.0  0.0  0.0
  5268.0  0.0  0.0  0.0  0.0  0.0  0.0  0.0
  5292.0  0.0  0.0  0.0  0.0  0.0  0.0  0.0
  5316.0  0.0  0.0  0.0  0.0  0.0  0.0  0.0
  5340.0  0.0  0.0  0.0  0.0  0.0  0.0  0.0
  5364.0  0.0  0.0  0.0  0.0  0.0  0.0  0.0
  5388.0  0.0  0.0  0.0  0.0  0.0  0.0  0.0
  5412.0  0.0  0.0  0.0  0.0  0.0  0.0  0.0
  5436.0  0.0  0.0  0.0  0.0  0.0  0.0  0.0
  5460.0  0.0  0.0  0.0  0.0  0.0  0.0  0.0
  5484.0  0.0  0.0  0.0  0.0  0.0  0.0  0.0
  5508.0  0.0  0.0  0.0  0.0  0.0  0.0  0.0
  5532.0  0.0  0.0  0.0  0.0  0.0  0.0  0.0
  5556.0  0.0  0.0  0.0  0.0  0.0  0.0  0.0
  5580.0  0.0  0.0  0.0  0.0  0.0  0.0  0.0
  5604.0  0.0  0.0  0.0  0.0  0.0  0.0  0.0
  5628.0  0.0  0.0  0.0  0.0  0.0  0.0  0.0
  5652.0  0.0  0.0  0.0  0.0  0.0  0.0  0.0
  5676.0  0.0  0.0  0.0  0.0  0.0  0.0  0.0
  5700.0  0.0  0.0  0.0  0.0  0.0  0.0  0.0
  5724.0  0.0  0.0  0.0  0.0  0.0  0.0  0.0
  5748.0  0.0  0.0  0.0  0.0  0.0  0.0  0.0
  5772.0  0.0  0.0  0.0  0.0  0.0  0.0  0.0
  5796.0  0.0  0.0  0.0  0.0  0.0  0.0  0.0
  5820.0  0.0  0.0  0.0  0.0  0.0  0.0  0.0
  5844.0  0.0  0.0  0.0  0.0  0.0  0.0  0.0
  5868.0  0.0  0.0  0.0  0.0  0.0  0.0  0.0
  5892.0  0.0  0.0  0.0  0.0  0.0  0.0  0.0
  5916.0  0.0  0.0  0.0  0.0  0.0  0.0  0.0
  5940.0  0.0  0.0  0.0  0.0  0.0  0.0  0.0
  5964.0  0.0  0.0  0.0  0.0  0.0  0.0  0.0
  5988.0  0.0  0.0  0.0  0.0  0.0  0.0  0.0
  6012.0  0.0  0.0  0.0  0.0  0.0  0.0  0.0
  6036.0  0.0  0.0  0.0  0.0  0.0  0.0  0.0
  6060.0  0.0  0.0  0.0  0.0  0.0  0.0  0.0
  6084.0  0.0  0.0  0.0  0.0  0.0  0.0  0.0
  6108.0  0.0  0.0  0.0  0.0  0.0  0.0  0.0
  6132.0  0.0  0.0  0.0  0.0  0.0  0.0  0.0
  6156.0  0.0  0.0  0.0  0.0  0.0  0.0  0.0
  6180.0  0.0  0.0  0.0  0.0  0.0  0.0  0.0
  6204.0  0.0  0.0  0.0  0.0  0.0  0.0  0.0
  6228.0  0.0  0.0  0.0  0.0  0.0  0.0  0.0
  6252.0  0.0  0.0  0.0  0.0  0.0  0.0  0.0
  6276.0  0.0  0.0  0.0  0.0  0.0  0.0  0.0
  6300.0  0.0  0.0  0.0  0.0  0.0  0.0  0.0
  6324.0  0.0  0.0  0.0  0.0  0.0  0.0  0.0
  6348.0  0.0  0.0  0.0  0.0  0.0  0.0  0.0
  6372.0  0.0  0.0  0.0  0.0  0.0  0.0  0.0
  6396.0  0.0  0.0  0.0  0.0  0.0  0.0  0.0
  6420.0  0.0  0.0  0.0  0.0  0.0  0.0  0.0
  6444.0  0.0  0.0  0.0  0.0  0.0  0.0  0.0
  6468.0  0.0  0.0  0.0  0.0  0.0  0.0  0.0
  6492.0  0.0  0.0  0.0  0.0  0.0  0.0  0.0
  6516.0  0.0  0.0  0.0  0.0  0.0  0.0  0.0
  6540.0  0.0  0.0  0.0  0.0  0.0  0.0  0.0
  6564.0  0.0  0.0  0.0  0.0  0.0  0.0  0.0
  6588.0  0.0  0.0  0.0  0.0  0.0  0.0  0.0
  6612.0  0.0  0.0  0.0  0.0  0.0  0.0  0.0
  6636.0  0.0  0.0  0.0  0.0  0.0  0.0  0.0
  6660.0  0.0  0.0  0.0  0.0  0.0  0.0  0.0
  6684.0  0.0  0.0  0.0  0.0  0.0  0.0  0.0
  6708.0  0.0  0.0  0.0  0.0  0.0  0.0  0.0
  6732.0  0.0  0.0  0.0  0.0  0.0  0.0  0.0
  6756.0  0.0  0.0  0.0  0.0  0.0  0.0  0.0
  6780.0  0.0  0.0  0.0  0.0  0.0  0.0  0.0
  6804.0  0.0  0.0  0.0  0.0  0.0  0.0  0.0
  6828.0  0.0  0.0  0.0  0.0  0.0  0.0  0.0
  6852.0  0.0  0.0  0.0  0.0  0.0  0.0  0.0
  6876.0  0.0  0.0  0.0  0.0  0.0  0.0  0.0
  6900.0  0.0  0.0  0.0  0.0  0.0  0.0  0.0
  6924.0  0.0  0.0  0.0  0.0  0.0  0.0  0.0
  6948.0  0.0  0.0  0.0  0.0  0.0  0.0  0.0
  6972.0  0.0  0.0  0.0  0.0  0.0  0.0  0.0
  6996.0  0.0  0.0  0.0  0.0  0.0  0.0  0.0
  7020.0  0.0  0.0  0.0  0.0  0.0  0.0  0.0
  7044.0  0.0  0.0  0.0  0.0  0.0  0.0  0.0
