# prescribed surface conditions
#      time          wtsurf         wqsurf           thls            qts            ps     
#  [s]         [K m/s]    [kg/kg m/s]            [K]        [kg/kg]          [Pa]
+00000.0000000000   +00000.0000084550   +00000.0000000035   +00295.1662877254   +00000.0185000000   +99800.0000000000
+01800.0000000000   +00000.0000084550   +00000.0000000035   +00295.1662877254   +00000.0185000000   +99800.0000000000
+03600.0000000000   +00000.0000084550   +00000.0000000035   +00295.1662877254   +00000.0185000000   +99800.0000000000
+05400.0000000000   +00000.0000084550   +00000.0000000035   +00295.1662877254   +00000.0185000000   +99800.0000000000
+07200.0000000000   +00000.0000084550   +00000.0000000035   +00295.1662877254   +00000.0185000000   +99800.0000000000
+09000.0000000000   +00000.0000084550   +00000.0000000035   +00295.1662877254   +00000.0185000000   +99800.0000000000
+10800.0000000000   +00000.0000084550   +00000.0000000035   +00295.1662877254   +00000.0185000000   +99800.0000000000
+12600.0000000000   +00000.0184205247   +00000.0000057516   +00295.1662877254   +00000.0185000000   +99800.0000000000
+14400.0000000000   +00000.0364979099   +00000.0000113961   +00295.1662877254   +00000.0185000000   +99800.0000000000
+16200.0000000000   +00000.0538954080   +00000.0000168283   +00295.1662877254   +00000.0185000000   +99800.0000000000
+18000.0000000000   +00000.0702889367   +00000.0000219470   +00295.1662877254   +00000.0185000000   +99800.0000000000
+19800.0000000000   +00000.0853731155   +00000.0000266569   +00295.1662877254   +00000.0185000000   +99800.0000000000
+21600.0000000000   +00000.0988669547   +00000.0000308702   +00295.1662877254   +00000.0185000000   +99800.0000000000
+23400.0000000000   +00000.1105190896   +00000.0000345084   +00295.1662877254   +00000.0185000000   +99800.0000000000
+25200.0000000000   +00000.1201124630   +00000.0000375039   +00295.1662877254   +00000.0185000000   +99800.0000000000
+27000.0000000000   +00000.1274683684   +00000.0000398007   +00295.1662877254   +00000.0185000000   +99800.0000000000
+28800.0000000000   +00000.1324497793   +00000.0000413561   +00295.1662877254   +00000.0185000000   +99800.0000000000
+30600.0000000000   +00000.1349639014   +00000.0000421411   +00295.1662877254   +00000.0185000000   +99800.0000000000
+32400.0000000000   +00000.1349639014   +00000.0000421411   +00295.1662877254   +00000.0185000000   +99800.0000000000
+34200.0000000000   +00000.1324497793   +00000.0000413561   +00295.1662877254   +00000.0185000000   +99800.0000000000
+36000.0000000000   +00000.1274683684   +00000.0000398007   +00295.1662877254   +00000.0185000000   +99800.0000000000
+37800.0000000000   +00000.1201124630   +00000.0000375039   +00295.1662877254   +00000.0185000000   +99800.0000000000
+39600.0000000000   +00000.1105190896   +00000.0000345084   +00295.1662877254   +00000.0185000000   +99800.0000000000
+41400.0000000000   +00000.0988669547   +00000.0000308702   +00295.1662877254   +00000.0185000000   +99800.0000000000
+43200.0000000000   +00000.0853731155   +00000.0000266569   +00295.1662877254   +00000.0185000000   +99800.0000000000
+45000.0000000000   +00000.0702889367   +00000.0000219470   +00295.1662877254   +00000.0185000000   +99800.0000000000
+46800.0000000000   +00000.0538954080   +00000.0000168283   +00295.1662877254   +00000.0185000000   +99800.0000000000
+48600.0000000000   +00000.0364979099   +00000.0000113961   +00295.1662877254   +00000.0185000000   +99800.0000000000
+50400.0000000000   +00000.0184205247   +00000.0000057516   +00295.1662877254   +00000.0185000000   +99800.0000000000
+52200.0000000000   +00000.0000084550   +00000.0000000035   +00295.1662877254   +00000.0185000000   +99800.0000000000
+54000.0000000000   +00000.0000084550   +00000.0000000035   +00295.1662877254   +00000.0185000000   +99800.0000000000
+55800.0000000000   +00000.0000084550   +00000.0000000035   +00295.1662877254   +00000.0185000000   +99800.0000000000
+57600.0000000000   +00000.0000084550   +00000.0000000035   +00295.1662877254   +00000.0185000000   +99800.0000000000
+59400.0000000000   +00000.0000084550   +00000.0000000035   +00295.1662877254   +00000.0185000000   +99800.0000000000
+61200.0000000000   +00000.0000084550   +00000.0000000035   +00295.1662877254   +00000.0185000000   +99800.0000000000
+63000.0000000000   +00000.0000084550   +00000.0000000035   +00295.1662877254   +00000.0185000000   +99800.0000000000
+64800.0000000000   +00000.0000084550   +00000.0000000035   +00295.1662877254   +00000.0185000000   +99800.0000000000
+66600.0000000000   +00000.0000084550   +00000.0000000035   +00295.1662877254   +00000.0185000000   +99800.0000000000
+68400.0000000000   +00000.0000084550   +00000.0000000035   +00295.1662877254   +00000.0185000000   +99800.0000000000
+70200.0000000000   +00000.0000084550   +00000.0000000035   +00295.1662877254   +00000.0185000000   +99800.0000000000
+72000.0000000000   +00000.0000084550   +00000.0000000035   +00295.1662877254   +00000.0185000000   +99800.0000000000
+73800.0000000000   +00000.0000084550   +00000.0000000035   +00295.1662877254   +00000.0185000000   +99800.0000000000
+75600.0000000000   +00000.0000084550   +00000.0000000035   +00295.1662877254   +00000.0185000000   +99800.0000000000
+77400.0000000000   +00000.0000084550   +00000.0000000035   +00295.1662877254   +00000.0185000000   +99800.0000000000
+79200.0000000000   +00000.0000084550   +00000.0000000035   +00295.1662877254   +00000.0185000000   +99800.0000000000
+81000.0000000000   +00000.0000084550   +00000.0000000035   +00295.1662877254   +00000.0185000000   +99800.0000000000
+82800.0000000000   +00000.0000084550   +00000.0000000035   +00295.1662877254   +00000.0185000000   +99800.0000000000
+84600.0000000000   +00000.0000084550   +00000.0000000035   +00295.1662877254   +00000.0185000000   +99800.0000000000
+86400.0000000000   +00000.0000084550   +00000.0000000035   +00295.1662877254   +00000.0185000000   +99800.0000000000

# #Input file large scale forcing 
#   #height ug    vg    wfls   dqtdxls   dqtdyls  dqtdtls   dthlrad
# 0
5.00000e+00   0.00000e+00   0.00000e+00   -2.09172e-04   0.00000e+00   0.00000e+00   7.26079e-10   0.00000e+00
1.50000e+01   0.00000e+00   0.00000e+00   -2.97952e-04   0.00000e+00   0.00000e+00   1.00296e-09   0.00000e+00
2.50000e+01   0.00000e+00   0.00000e+00   -4.01197e-04   0.00000e+00   0.00000e+00   1.33118e-09   0.00000e+00
3.50000e+01   0.00000e+00   0.00000e+00   -5.18433e-04   0.00000e+00   0.00000e+00   1.70892e-09   0.00000e+00
4.50000e+01   0.00000e+00   0.00000e+00   -6.49200e-04   0.00000e+00   0.00000e+00   2.13446e-09   0.00000e+00
5.50000e+01   0.00000e+00   0.00000e+00   -7.93056e-04   0.00000e+00   0.00000e+00   2.60612e-09   0.00000e+00
6.50000e+01   0.00000e+00   0.00000e+00   -9.40812e-04   0.00000e+00   0.00000e+00   3.04897e-09   0.00000e+00
7.50000e+01   0.00000e+00   0.00000e+00   -1.08372e-03   0.00000e+00   0.00000e+00   3.50374e-09   0.00000e+00
8.50000e+01   0.00000e+00   0.00000e+00   -1.22195e-03   0.00000e+00   0.00000e+00   3.96389e-09   0.00000e+00
9.50000e+01   0.00000e+00   0.00000e+00   -1.35564e-03   0.00000e+00   0.00000e+00   4.42313e-09   0.00000e+00
1.05000e+02   0.00000e+00   0.00000e+00   -1.48495e-03   0.00000e+00   0.00000e+00   4.87538e-09   0.00000e+00
1.15000e+02   0.00000e+00   0.00000e+00   -1.61003e-03   0.00000e+00   0.00000e+00   5.31480e-09   0.00000e+00
1.25000e+02   0.00000e+00   0.00000e+00   -1.73100e-03   0.00000e+00   0.00000e+00   5.73879e-09   0.00000e+00
1.35000e+02   0.00000e+00   0.00000e+00   -1.84800e-03   0.00000e+00   0.00000e+00   6.14792e-09   0.00000e+00
1.45000e+02   0.00000e+00   0.00000e+00   -1.96117e-03   0.00000e+00   0.00000e+00   6.54269e-09   0.00000e+00
1.55000e+02   0.00000e+00   0.00000e+00   -2.07063e-03   0.00000e+00   0.00000e+00   6.92360e-09   0.00000e+00
1.65000e+02   0.00000e+00   0.00000e+00   -2.17651e-03   0.00000e+00   0.00000e+00   7.29116e-09   0.00000e+00
1.75000e+02   0.00000e+00   0.00000e+00   -2.27891e-03   0.00000e+00   0.00000e+00   7.64582e-09   0.00000e+00
1.85000e+02   0.00000e+00   0.00000e+00   -2.37795e-03   0.00000e+00   0.00000e+00   7.98803e-09   0.00000e+00
1.95000e+02   0.00000e+00   0.00000e+00   -2.47374e-03   0.00000e+00   0.00000e+00   8.31824e-09   0.00000e+00
2.05000e+02   0.00000e+00   0.00000e+00   -2.56640e-03   0.00000e+00   0.00000e+00   8.63687e-09   0.00000e+00
2.15000e+02   0.00000e+00   0.00000e+00   -2.65602e-03   0.00000e+00   0.00000e+00   8.94431e-09   0.00000e+00
2.25000e+02   0.00000e+00   0.00000e+00   -2.74270e-03   0.00000e+00   0.00000e+00   9.24097e-09   0.00000e+00
2.35000e+02   0.00000e+00   0.00000e+00   -2.82654e-03   0.00000e+00   0.00000e+00   9.52723e-09   0.00000e+00
2.45000e+02   0.00000e+00   0.00000e+00   -2.90763e-03   0.00000e+00   0.00000e+00   9.80343e-09   0.00000e+00
2.55000e+02   0.00000e+00   0.00000e+00   -2.98606e-03   0.00000e+00   0.00000e+00   1.00700e-08   0.00000e+00
2.65000e+02   0.00000e+00   0.00000e+00   -3.06192e-03   0.00000e+00   0.00000e+00   1.03271e-08   0.00000e+00
2.75000e+02   0.00000e+00   0.00000e+00   -3.13529e-03   0.00000e+00   0.00000e+00   1.05753e-08   0.00000e+00
2.85000e+02   0.00000e+00   0.00000e+00   -3.20626e-03   0.00000e+00   0.00000e+00   1.08147e-08   0.00000e+00
2.95000e+02   0.00000e+00   0.00000e+00   -3.27490e-03   0.00000e+00   0.00000e+00   1.10457e-08   0.00000e+00
3.05000e+02   0.00000e+00   0.00000e+00   -3.34129e-03   0.00000e+00   0.00000e+00   1.12687e-08   0.00000e+00
3.15000e+02   0.00000e+00   0.00000e+00   -3.40550e-03   0.00000e+00   0.00000e+00   1.14838e-08   0.00000e+00
3.25000e+02   0.00000e+00   0.00000e+00   -3.46761e-03   0.00000e+00   0.00000e+00   1.16914e-08   0.00000e+00
3.35000e+02   0.00000e+00   0.00000e+00   -3.52769e-03   0.00000e+00   0.00000e+00   1.18916e-08   0.00000e+00
3.45000e+02   0.00000e+00   0.00000e+00   -3.58579e-03   0.00000e+00   0.00000e+00   1.20849e-08   0.00000e+00
3.55000e+02   0.00000e+00   0.00000e+00   -3.64199e-03   0.00000e+00   0.00000e+00   1.22714e-08   0.00000e+00
3.65000e+02   0.00000e+00   0.00000e+00   -3.69634e-03   0.00000e+00   0.00000e+00   1.24513e-08   0.00000e+00
3.75000e+02   0.00000e+00   0.00000e+00   -3.74892e-03   0.00000e+00   0.00000e+00   1.26249e-08   0.00000e+00
3.85000e+02   0.00000e+00   0.00000e+00   -3.79977e-03   0.00000e+00   0.00000e+00   1.27925e-08   0.00000e+00
3.95000e+02   0.00000e+00   0.00000e+00   -3.84895e-03   0.00000e+00   0.00000e+00   1.29541e-08   0.00000e+00
4.05000e+02   0.00000e+00   0.00000e+00   -3.89652e-03   0.00000e+00   0.00000e+00   1.31101e-08   0.00000e+00
4.15000e+02   0.00000e+00   0.00000e+00   -3.94253e-03   0.00000e+00   0.00000e+00   1.32606e-08   0.00000e+00
4.25000e+02   0.00000e+00   0.00000e+00   -3.98704e-03   0.00000e+00   0.00000e+00   1.34058e-08   0.00000e+00
4.35000e+02   0.00000e+00   0.00000e+00   -4.03008e-03   0.00000e+00   0.00000e+00   1.35459e-08   0.00000e+00
4.45000e+02   0.00000e+00   0.00000e+00   -4.07171e-03   0.00000e+00   0.00000e+00   1.36812e-08   0.00000e+00
4.55000e+02   0.00000e+00   0.00000e+00   -4.11198e-03   0.00000e+00   0.00000e+00   1.38116e-08   0.00000e+00
4.65000e+02   0.00000e+00   0.00000e+00   -4.15093e-03   0.00000e+00   0.00000e+00   1.39375e-08   0.00000e+00
4.75000e+02   0.00000e+00   0.00000e+00   -4.18860e-03   0.00000e+00   0.00000e+00   1.40590e-08   0.00000e+00
4.85000e+02   0.00000e+00   0.00000e+00   -4.22504e-03   0.00000e+00   0.00000e+00   1.41762e-08   0.00000e+00
4.95000e+02   0.00000e+00   0.00000e+00   -4.26028e-03   0.00000e+00   0.00000e+00   1.42893e-08   0.00000e+00
5.05000e+02   0.00000e+00   0.00000e+00   -4.29436e-03   0.00000e+00   0.00000e+00   1.43985e-08   0.00000e+00
5.15000e+02   0.00000e+00   0.00000e+00   -4.32733e-03   0.00000e+00   0.00000e+00   1.45038e-08   0.00000e+00
5.25000e+02   0.00000e+00   0.00000e+00   -4.35922e-03   0.00000e+00   0.00000e+00   1.46054e-08   0.00000e+00
5.35000e+02   0.00000e+00   0.00000e+00   -4.39006e-03   0.00000e+00   0.00000e+00   1.47034e-08   0.00000e+00
5.45000e+02   0.00000e+00   0.00000e+00   -4.41990e-03   0.00000e+00   0.00000e+00   1.47980e-08   0.00000e+00
5.55000e+02   0.00000e+00   0.00000e+00   -4.44875e-03   0.00000e+00   0.00000e+00   1.48893e-08   0.00000e+00
5.65000e+02   0.00000e+00   0.00000e+00   -4.47666e-03   0.00000e+00   0.00000e+00   1.49774e-08   0.00000e+00
5.75000e+02   0.00000e+00   0.00000e+00   -4.50365e-03   0.00000e+00   0.00000e+00   1.50624e-08   0.00000e+00
5.85000e+02   0.00000e+00   0.00000e+00   -4.52976e-03   0.00000e+00   0.00000e+00   1.51444e-08   0.00000e+00
5.95000e+02   0.00000e+00   0.00000e+00   -4.55501e-03   0.00000e+00   0.00000e+00   1.52235e-08   0.00000e+00
6.05000e+02   0.00000e+00   0.00000e+00   -4.57943e-03   0.00000e+00   0.00000e+00   1.52999e-08   0.00000e+00
6.15000e+02   0.00000e+00   0.00000e+00   -4.60305e-03   0.00000e+00   0.00000e+00   1.53736e-08   0.00000e+00
6.25000e+02   0.00000e+00   0.00000e+00   -4.62590e-03   0.00000e+00   0.00000e+00   1.54447e-08   0.00000e+00
6.35000e+02   0.00000e+00   0.00000e+00   -4.64800e-03   0.00000e+00   0.00000e+00   1.55133e-08   0.00000e+00
6.45000e+02   0.00000e+00   0.00000e+00   -4.66938e-03   0.00000e+00   0.00000e+00   1.55795e-08   0.00000e+00
6.55000e+02   0.00000e+00   0.00000e+00   -4.69005e-03   0.00000e+00   0.00000e+00   1.56433e-08   0.00000e+00
6.65000e+02   0.00000e+00   0.00000e+00   -4.71005e-03   0.00000e+00   0.00000e+00   1.57050e-08   0.00000e+00
6.75000e+02   0.00000e+00   0.00000e+00   -4.72939e-03   0.00000e+00   0.00000e+00   1.57644e-08   0.00000e+00
6.85000e+02   0.00000e+00   0.00000e+00   -4.74810e-03   0.00000e+00   0.00000e+00   1.58218e-08   0.00000e+00
6.95000e+02   0.00000e+00   0.00000e+00   -4.76619e-03   0.00000e+00   0.00000e+00   1.58772e-08   0.00000e+00
7.05000e+02   0.00000e+00   0.00000e+00   -4.78369e-03   0.00000e+00   0.00000e+00   1.59306e-08   0.00000e+00
7.15000e+02   0.00000e+00   0.00000e+00   -4.80062e-03   0.00000e+00   0.00000e+00   1.59822e-08   0.00000e+00
7.25000e+02   0.00000e+00   0.00000e+00   -4.81699e-03   0.00000e+00   0.00000e+00   1.60319e-08   0.00000e+00
7.35000e+02   0.00000e+00   0.00000e+00   -4.83282e-03   0.00000e+00   0.00000e+00   1.60799e-08   0.00000e+00
7.45000e+02   0.00000e+00   0.00000e+00   -4.84814e-03   0.00000e+00   0.00000e+00   1.61262e-08   0.00000e+00
7.55000e+02   0.00000e+00   0.00000e+00   -4.86295e-03   0.00000e+00   0.00000e+00   1.61709e-08   0.00000e+00
7.65000e+02   0.00000e+00   0.00000e+00   -4.87728e-03   0.00000e+00   0.00000e+00   1.62140e-08   0.00000e+00
7.75000e+02   0.00000e+00   0.00000e+00   -4.89114e-03   0.00000e+00   0.00000e+00   1.62556e-08   0.00000e+00
7.85000e+02   0.00000e+00   0.00000e+00   -4.90454e-03   0.00000e+00   0.00000e+00   1.62958e-08   0.00000e+00
7.95000e+02   0.00000e+00   0.00000e+00   -4.91751e-03   0.00000e+00   0.00000e+00   1.63345e-08   0.00000e+00
8.05000e+02   0.00000e+00   0.00000e+00   -4.93005e-03   0.00000e+00   0.00000e+00   1.63719e-08   0.00000e+00
8.15000e+02   0.00000e+00   0.00000e+00   -4.94218e-03   0.00000e+00   0.00000e+00   1.64080e-08   0.00000e+00
8.25000e+02   0.00000e+00   0.00000e+00   -4.95391e-03   0.00000e+00   0.00000e+00   1.64428e-08   0.00000e+00
8.35000e+02   0.00000e+00   0.00000e+00   -4.96525e-03   0.00000e+00   0.00000e+00   1.64764e-08   0.00000e+00
8.45000e+02   0.00000e+00   0.00000e+00   -4.97623e-03   0.00000e+00   0.00000e+00   1.65088e-08   0.00000e+00
8.55000e+02   0.00000e+00   0.00000e+00   -4.98684e-03   0.00000e+00   0.00000e+00   1.65400e-08   0.00000e+00
8.65000e+02   0.00000e+00   0.00000e+00   -4.99711e-03   0.00000e+00   0.00000e+00   1.65702e-08   0.00000e+00
8.75000e+02   0.00000e+00   0.00000e+00   -5.00704e-03   0.00000e+00   0.00000e+00   1.65993e-08   0.00000e+00
8.85000e+02   0.00000e+00   0.00000e+00   -5.01664e-03   0.00000e+00   0.00000e+00   1.66274e-08   0.00000e+00
8.95000e+02   0.00000e+00   0.00000e+00   -5.02593e-03   0.00000e+00   0.00000e+00   1.66545e-08   0.00000e+00
9.05000e+02   0.00000e+00   0.00000e+00   -5.03492e-03   0.00000e+00   0.00000e+00   1.66807e-08   0.00000e+00
9.15000e+02   0.00000e+00   0.00000e+00   -5.04361e-03   0.00000e+00   0.00000e+00   1.67059e-08   0.00000e+00
9.25000e+02   0.00000e+00   0.00000e+00   -5.05201e-03   0.00000e+00   0.00000e+00   1.67303e-08   0.00000e+00
9.35000e+02   0.00000e+00   0.00000e+00   -5.06014e-03   0.00000e+00   0.00000e+00   1.67538e-08   0.00000e+00
9.45000e+02   0.00000e+00   0.00000e+00   -5.06801e-03   0.00000e+00   0.00000e+00   1.67764e-08   0.00000e+00
9.55000e+02   0.00000e+00   0.00000e+00   -5.07561e-03   0.00000e+00   0.00000e+00   1.67983e-08   0.00000e+00
9.65000e+02   0.00000e+00   0.00000e+00   -5.08297e-03   0.00000e+00   0.00000e+00   1.68194e-08   0.00000e+00
9.75000e+02   0.00000e+00   0.00000e+00   -5.09008e-03   0.00000e+00   0.00000e+00   1.68398e-08   0.00000e+00
9.85000e+02   0.00000e+00   0.00000e+00   -5.09697e-03   0.00000e+00   0.00000e+00   1.68594e-08   0.00000e+00
9.95000e+02   0.00000e+00   0.00000e+00   -5.10362e-03   0.00000e+00   0.00000e+00   1.68784e-08   0.00000e+00
1.00500e+03   0.00000e+00   0.00000e+00   -5.11006e-03   0.00000e+00   0.00000e+00   1.68967e-08   0.00000e+00
1.01500e+03   0.00000e+00   0.00000e+00   -5.11629e-03   0.00000e+00   0.00000e+00   1.69144e-08   0.00000e+00
1.02500e+03   0.00000e+00   0.00000e+00   -5.12231e-03   0.00000e+00   0.00000e+00   1.69314e-08   0.00000e+00
1.03500e+03   0.00000e+00   0.00000e+00   -5.12814e-03   0.00000e+00   0.00000e+00   1.69478e-08   0.00000e+00
1.04500e+03   0.00000e+00   0.00000e+00   -5.13377e-03   0.00000e+00   0.00000e+00   1.69637e-08   0.00000e+00
1.05500e+03   0.00000e+00   0.00000e+00   -5.13922e-03   0.00000e+00   0.00000e+00   1.69790e-08   0.00000e+00
1.06500e+03   0.00000e+00   0.00000e+00   -5.14449e-03   0.00000e+00   0.00000e+00   1.69938e-08   0.00000e+00
1.07500e+03   0.00000e+00   0.00000e+00   -5.14959e-03   0.00000e+00   0.00000e+00   1.70080e-08   0.00000e+00
1.08500e+03   0.00000e+00   0.00000e+00   -5.15452e-03   0.00000e+00   0.00000e+00   1.70218e-08   0.00000e+00
1.09500e+03   0.00000e+00   0.00000e+00   -5.15929e-03   0.00000e+00   0.00000e+00   1.70351e-08   0.00000e+00
1.10500e+03   0.00000e+00   0.00000e+00   -5.16390e-03   0.00000e+00   0.00000e+00   1.70479e-08   0.00000e+00
1.11500e+03   0.00000e+00   0.00000e+00   -5.16836e-03   0.00000e+00   0.00000e+00   1.70602e-08   0.00000e+00
1.12500e+03   0.00000e+00   0.00000e+00   -5.17268e-03   0.00000e+00   0.00000e+00   1.70721e-08   0.00000e+00
1.13500e+03   0.00000e+00   0.00000e+00   -5.17685e-03   0.00000e+00   0.00000e+00   1.70836e-08   0.00000e+00
1.14500e+03   0.00000e+00   0.00000e+00   -5.18089e-03   0.00000e+00   0.00000e+00   1.70947e-08   0.00000e+00
1.15500e+03   0.00000e+00   0.00000e+00   -5.18480e-03   0.00000e+00   0.00000e+00   1.71054e-08   0.00000e+00
1.16500e+03   0.00000e+00   0.00000e+00   -5.18857e-03   0.00000e+00   0.00000e+00   1.71158e-08   0.00000e+00
1.17500e+03   0.00000e+00   0.00000e+00   -5.19223e-03   0.00000e+00   0.00000e+00   1.71258e-08   0.00000e+00
1.18500e+03   0.00000e+00   0.00000e+00   -5.19576e-03   0.00000e+00   0.00000e+00   1.71354e-08   0.00000e+00
1.19500e+03   0.00000e+00   0.00000e+00   -5.19918e-03   0.00000e+00   0.00000e+00   1.71447e-08   0.00000e+00
1.20500e+03   0.00000e+00   0.00000e+00   -5.20248e-03   0.00000e+00   0.00000e+00   1.71536e-08   0.00000e+00
1.21500e+03   0.00000e+00   0.00000e+00   -5.20568e-03   0.00000e+00   0.00000e+00   1.71623e-08   0.00000e+00
1.22500e+03   0.00000e+00   0.00000e+00   -5.20877e-03   0.00000e+00   0.00000e+00   1.71706e-08   0.00000e+00
1.23500e+03   0.00000e+00   0.00000e+00   -5.21176e-03   0.00000e+00   0.00000e+00   1.71787e-08   0.00000e+00
1.24500e+03   0.00000e+00   0.00000e+00   -5.21465e-03   0.00000e+00   0.00000e+00   1.71864e-08   0.00000e+00
1.25500e+03   0.00000e+00   0.00000e+00   -5.21745e-03   0.00000e+00   0.00000e+00   1.71939e-08   0.00000e+00
1.26500e+03   0.00000e+00   0.00000e+00   -5.22016e-03   0.00000e+00   0.00000e+00   1.72011e-08   0.00000e+00
1.27500e+03   0.00000e+00   0.00000e+00   -5.22278e-03   0.00000e+00   0.00000e+00   1.72081e-08   0.00000e+00
1.28500e+03   0.00000e+00   0.00000e+00   -5.22531e-03   0.00000e+00   0.00000e+00   1.72149e-08   0.00000e+00
1.29500e+03   0.00000e+00   0.00000e+00   -5.22776e-03   0.00000e+00   0.00000e+00   1.72213e-08   0.00000e+00
1.30500e+03   0.00000e+00   0.00000e+00   -5.23013e-03   0.00000e+00   0.00000e+00   1.72276e-08   0.00000e+00
1.31500e+03   0.00000e+00   0.00000e+00   -5.23242e-03   0.00000e+00   0.00000e+00   1.72337e-08   0.00000e+00
1.32500e+03   0.00000e+00   0.00000e+00   -5.23463e-03   0.00000e+00   0.00000e+00   1.72395e-08   0.00000e+00
1.33500e+03   0.00000e+00   0.00000e+00   -5.23677e-03   0.00000e+00   0.00000e+00   1.72451e-08   0.00000e+00
1.34500e+03   0.00000e+00   0.00000e+00   -5.23885e-03   0.00000e+00   0.00000e+00   1.72506e-08   0.00000e+00
1.35500e+03   0.00000e+00   0.00000e+00   -5.24085e-03   0.00000e+00   0.00000e+00   1.72558e-08   0.00000e+00
1.36500e+03   0.00000e+00   0.00000e+00   -5.24279e-03   0.00000e+00   0.00000e+00   1.72609e-08   0.00000e+00
1.37500e+03   0.00000e+00   0.00000e+00   -5.24467e-03   0.00000e+00   0.00000e+00   1.72657e-08   0.00000e+00
1.38500e+03   0.00000e+00   0.00000e+00   -5.24648e-03   0.00000e+00   0.00000e+00   1.72705e-08   0.00000e+00
1.39500e+03   0.00000e+00   0.00000e+00   -5.24824e-03   0.00000e+00   0.00000e+00   1.72750e-08   0.00000e+00
1.40500e+03   0.00000e+00   0.00000e+00   -5.24993e-03   0.00000e+00   0.00000e+00   1.72794e-08   0.00000e+00
1.41500e+03   0.00000e+00   0.00000e+00   -5.25157e-03   0.00000e+00   0.00000e+00   1.72836e-08   0.00000e+00
1.42500e+03   0.00000e+00   0.00000e+00   -5.25316e-03   0.00000e+00   0.00000e+00   1.72877e-08   0.00000e+00
1.43500e+03   0.00000e+00   0.00000e+00   -5.25470e-03   0.00000e+00   0.00000e+00   1.72916e-08   0.00000e+00
1.44500e+03   0.00000e+00   0.00000e+00   -5.25618e-03   0.00000e+00   0.00000e+00   1.72954e-08   0.00000e+00
1.45500e+03   0.00000e+00   0.00000e+00   -5.25762e-03   0.00000e+00   0.00000e+00   1.72991e-08   0.00000e+00
1.46500e+03   0.00000e+00   0.00000e+00   -5.25901e-03   0.00000e+00   0.00000e+00   1.73027e-08   0.00000e+00
1.47500e+03   0.00000e+00   0.00000e+00   -5.26035e-03   0.00000e+00   0.00000e+00   1.73061e-08   0.00000e+00
1.48500e+03   0.00000e+00   0.00000e+00   -5.26165e-03   0.00000e+00   0.00000e+00   1.73094e-08   0.00000e+00
1.49500e+03   0.00000e+00   0.00000e+00   -5.26291e-03   0.00000e+00   0.00000e+00   1.73125e-08   0.00000e+00
1.50500e+03   0.00000e+00   0.00000e+00   -5.26412e-03   0.00000e+00   0.00000e+00   1.73156e-08   0.00000e+00
1.51500e+03   0.00000e+00   0.00000e+00   -5.26530e-03   0.00000e+00   0.00000e+00   1.73186e-08   0.00000e+00
1.52500e+03   0.00000e+00   0.00000e+00   -5.26644e-03   0.00000e+00   0.00000e+00   1.73214e-08   0.00000e+00
1.53500e+03   0.00000e+00   0.00000e+00   -5.26754e-03   0.00000e+00   0.00000e+00   1.73242e-08   0.00000e+00
1.54500e+03   0.00000e+00   0.00000e+00   -5.26860e-03   0.00000e+00   0.00000e+00   1.73268e-08   0.00000e+00
1.55500e+03   0.00000e+00   0.00000e+00   -5.26963e-03   0.00000e+00   0.00000e+00   1.73294e-08   0.00000e+00
1.56500e+03   0.00000e+00   0.00000e+00   -5.27063e-03   0.00000e+00   0.00000e+00   1.73319e-08   0.00000e+00
1.57500e+03   0.00000e+00   0.00000e+00   -5.27159e-03   0.00000e+00   0.00000e+00   1.73343e-08   0.00000e+00
1.58500e+03   0.00000e+00   0.00000e+00   -5.27252e-03   0.00000e+00   0.00000e+00   1.73366e-08   0.00000e+00
1.59500e+03   0.00000e+00   0.00000e+00   -5.27342e-03   0.00000e+00   0.00000e+00   1.73388e-08   0.00000e+00
1.60500e+03   0.00000e+00   0.00000e+00   -5.27429e-03   0.00000e+00   0.00000e+00   1.73410e-08   0.00000e+00
1.61500e+03   0.00000e+00   0.00000e+00   -5.27514e-03   0.00000e+00   0.00000e+00   1.73430e-08   0.00000e+00
1.62500e+03   0.00000e+00   0.00000e+00   -5.27595e-03   0.00000e+00   0.00000e+00   1.73450e-08   0.00000e+00
1.63500e+03   0.00000e+00   0.00000e+00   -5.27674e-03   0.00000e+00   0.00000e+00   1.73470e-08   0.00000e+00
1.64500e+03   0.00000e+00   0.00000e+00   -5.27750e-03   0.00000e+00   0.00000e+00   1.73488e-08   0.00000e+00
1.65500e+03   0.00000e+00   0.00000e+00   -5.27824e-03   0.00000e+00   0.00000e+00   1.73506e-08   0.00000e+00
1.66500e+03   0.00000e+00   0.00000e+00   -5.27895e-03   0.00000e+00   0.00000e+00   1.73523e-08   0.00000e+00
1.67500e+03   0.00000e+00   0.00000e+00   -5.27964e-03   0.00000e+00   0.00000e+00   1.73540e-08   0.00000e+00
1.68500e+03   0.00000e+00   0.00000e+00   -5.28031e-03   0.00000e+00   0.00000e+00   1.73556e-08   0.00000e+00
1.69500e+03   0.00000e+00   0.00000e+00   -5.28096e-03   0.00000e+00   0.00000e+00   1.73572e-08   0.00000e+00
1.70500e+03   0.00000e+00   0.00000e+00   -5.28158e-03   0.00000e+00   0.00000e+00   1.73587e-08   0.00000e+00
1.71500e+03   0.00000e+00   0.00000e+00   -5.28218e-03   0.00000e+00   0.00000e+00   1.73601e-08   0.00000e+00
1.72500e+03   0.00000e+00   0.00000e+00   -5.28277e-03   0.00000e+00   0.00000e+00   1.73615e-08   0.00000e+00
1.73500e+03   0.00000e+00   0.00000e+00   -5.28333e-03   0.00000e+00   0.00000e+00   1.73629e-08   0.00000e+00
1.74500e+03   0.00000e+00   0.00000e+00   -5.28388e-03   0.00000e+00   0.00000e+00   1.73642e-08   0.00000e+00
1.75500e+03   0.00000e+00   0.00000e+00   -5.28441e-03   0.00000e+00   0.00000e+00   1.73654e-08   0.00000e+00
1.76500e+03   0.00000e+00   0.00000e+00   -5.28492e-03   0.00000e+00   0.00000e+00   1.73667e-08   0.00000e+00
1.77500e+03   0.00000e+00   0.00000e+00   -5.28541e-03   0.00000e+00   0.00000e+00   1.73678e-08   0.00000e+00
1.78500e+03   0.00000e+00   0.00000e+00   -5.28589e-03   0.00000e+00   0.00000e+00   1.73690e-08   0.00000e+00
1.79500e+03   0.00000e+00   0.00000e+00   -5.28635e-03   0.00000e+00   0.00000e+00   1.73700e-08   0.00000e+00
1.80500e+03   0.00000e+00   0.00000e+00   -5.28680e-03   0.00000e+00   0.00000e+00   1.73711e-08   0.00000e+00
1.81500e+03   0.00000e+00   0.00000e+00   -5.28723e-03   0.00000e+00   0.00000e+00   1.73721e-08   0.00000e+00
1.82500e+03   0.00000e+00   0.00000e+00   -5.28765e-03   0.00000e+00   0.00000e+00   1.73731e-08   0.00000e+00
1.83500e+03   0.00000e+00   0.00000e+00   -5.28806e-03   0.00000e+00   0.00000e+00   1.73740e-08   0.00000e+00
1.84500e+03   0.00000e+00   0.00000e+00   -5.28845e-03   0.00000e+00   0.00000e+00   1.73749e-08   0.00000e+00
1.85500e+03   0.00000e+00   0.00000e+00   -5.28883e-03   0.00000e+00   0.00000e+00   1.73758e-08   0.00000e+00
1.86500e+03   0.00000e+00   0.00000e+00   -5.28919e-03   0.00000e+00   0.00000e+00   1.73767e-08   0.00000e+00
1.87500e+03   0.00000e+00   0.00000e+00   -5.28955e-03   0.00000e+00   0.00000e+00   1.73775e-08   0.00000e+00
1.88500e+03   0.00000e+00   0.00000e+00   -5.28989e-03   0.00000e+00   0.00000e+00   1.73783e-08   0.00000e+00
1.89500e+03   0.00000e+00   0.00000e+00   -5.29022e-03   0.00000e+00   0.00000e+00   1.73790e-08   0.00000e+00
1.90500e+03   0.00000e+00   0.00000e+00   -5.29054e-03   0.00000e+00   0.00000e+00   1.73798e-08   0.00000e+00
1.91500e+03   0.00000e+00   0.00000e+00   -5.29085e-03   0.00000e+00   0.00000e+00   1.73805e-08   0.00000e+00
1.92500e+03   0.00000e+00   0.00000e+00   -5.29115e-03   0.00000e+00   0.00000e+00   1.73812e-08   0.00000e+00
1.93500e+03   0.00000e+00   0.00000e+00   -5.29144e-03   0.00000e+00   0.00000e+00   1.73818e-08   0.00000e+00
1.94500e+03   0.00000e+00   0.00000e+00   -5.29172e-03   0.00000e+00   0.00000e+00   1.73825e-08   0.00000e+00
1.95500e+03   0.00000e+00   0.00000e+00   -5.29200e-03   0.00000e+00   0.00000e+00   1.73831e-08   0.00000e+00
1.96500e+03   0.00000e+00   0.00000e+00   -5.29226e-03   0.00000e+00   0.00000e+00   1.73837e-08   0.00000e+00
1.97500e+03   0.00000e+00   0.00000e+00   -5.29251e-03   0.00000e+00   0.00000e+00   1.73842e-08   0.00000e+00
1.98500e+03   0.00000e+00   0.00000e+00   -5.29276e-03   0.00000e+00   0.00000e+00   1.73848e-08   0.00000e+00
1.99500e+03   0.00000e+00   0.00000e+00   -5.29299e-03   0.00000e+00   0.00000e+00   1.73853e-08   0.00000e+00
2.00500e+03   0.00000e+00   0.00000e+00   -5.29322e-03   0.00000e+00   0.00000e+00   1.73858e-08   0.00000e+00
2.01500e+03   0.00000e+00   0.00000e+00   -5.29345e-03   0.00000e+00   0.00000e+00   1.73863e-08   0.00000e+00
2.02500e+03   0.00000e+00   0.00000e+00   -5.29366e-03   0.00000e+00   0.00000e+00   1.73868e-08   0.00000e+00
2.03500e+03   0.00000e+00   0.00000e+00   -5.29387e-03   0.00000e+00   0.00000e+00   1.73873e-08   0.00000e+00
2.04500e+03   0.00000e+00   0.00000e+00   -5.29407e-03   0.00000e+00   0.00000e+00   1.73877e-08   0.00000e+00
2.05500e+03   0.00000e+00   0.00000e+00   -5.29426e-03   0.00000e+00   0.00000e+00   1.73882e-08   0.00000e+00
2.06500e+03   0.00000e+00   0.00000e+00   -5.29445e-03   0.00000e+00   0.00000e+00   1.73886e-08   0.00000e+00
2.07500e+03   0.00000e+00   0.00000e+00   -5.29463e-03   0.00000e+00   0.00000e+00   1.73890e-08   0.00000e+00
2.08500e+03   0.00000e+00   0.00000e+00   -5.29481e-03   0.00000e+00   0.00000e+00   1.73894e-08   0.00000e+00
2.09500e+03   0.00000e+00   0.00000e+00   -5.29498e-03   0.00000e+00   0.00000e+00   1.73897e-08   0.00000e+00
2.10500e+03   0.00000e+00   0.00000e+00   -5.29514e-03   0.00000e+00   0.00000e+00   1.73901e-08   0.00000e+00
2.11500e+03   0.00000e+00   0.00000e+00   -5.29530e-03   0.00000e+00   0.00000e+00   1.73904e-08   0.00000e+00
2.12500e+03   0.00000e+00   0.00000e+00   -5.29546e-03   0.00000e+00   0.00000e+00   1.73908e-08   0.00000e+00
2.13500e+03   0.00000e+00   0.00000e+00   -5.29561e-03   0.00000e+00   0.00000e+00   1.73911e-08   0.00000e+00
2.14500e+03   0.00000e+00   0.00000e+00   -5.29575e-03   0.00000e+00   0.00000e+00   1.73914e-08   0.00000e+00
2.15500e+03   0.00000e+00   0.00000e+00   -5.29589e-03   0.00000e+00   0.00000e+00   1.73917e-08   0.00000e+00
2.16500e+03   0.00000e+00   0.00000e+00   -5.29602e-03   0.00000e+00   0.00000e+00   1.73920e-08   0.00000e+00
2.17500e+03   0.00000e+00   0.00000e+00   -5.29616e-03   0.00000e+00   0.00000e+00   1.73923e-08   0.00000e+00
2.18500e+03   0.00000e+00   0.00000e+00   -5.29628e-03   0.00000e+00   0.00000e+00   1.73926e-08   0.00000e+00
2.19500e+03   0.00000e+00   0.00000e+00   -5.29640e-03   0.00000e+00   0.00000e+00   1.73928e-08   0.00000e+00
2.20500e+03   0.00000e+00   0.00000e+00   -5.29652e-03   0.00000e+00   0.00000e+00   1.73931e-08   0.00000e+00
2.21500e+03   0.00000e+00   0.00000e+00   -5.29664e-03   0.00000e+00   0.00000e+00   1.73933e-08   0.00000e+00
2.22500e+03   0.00000e+00   0.00000e+00   -5.29675e-03   0.00000e+00   0.00000e+00   1.73884e-08   0.00000e+00
2.23500e+03   0.00000e+00   0.00000e+00   -5.29685e-03   0.00000e+00   0.00000e+00   1.73802e-08   0.00000e+00
2.24500e+03   0.00000e+00   0.00000e+00   -5.29696e-03   0.00000e+00   0.00000e+00   1.73699e-08   0.00000e+00
2.25500e+03   0.00000e+00   0.00000e+00   -5.29706e-03   0.00000e+00   0.00000e+00   1.73587e-08   0.00000e+00
2.26500e+03   0.00000e+00   0.00000e+00   -5.28965e-03   0.00000e+00   0.00000e+00   1.73475e-08   0.00000e+00
2.27500e+03   0.00000e+00   0.00000e+00   -5.29159e-03   0.00000e+00   0.00000e+00   1.73368e-08   0.00000e+00
2.28500e+03   0.00000e+00   0.00000e+00   -5.29738e-03   0.00000e+00   0.00000e+00   1.73270e-08   0.00000e+00
2.29500e+03   0.00000e+00   0.00000e+00   -5.30342e-03   0.00000e+00   0.00000e+00   1.73182e-08   0.00000e+00
2.30500e+03   0.00000e+00   0.00000e+00   -5.30756e-03   0.00000e+00   0.00000e+00   1.73104e-08   0.00000e+00
2.31500e+03   0.00000e+00   0.00000e+00   -5.30873e-03   0.00000e+00   0.00000e+00   1.73033e-08   0.00000e+00
2.32500e+03   0.00000e+00   0.00000e+00   -5.30658e-03   0.00000e+00   0.00000e+00   1.73067e-08   0.00000e+00
2.33500e+03   0.00000e+00   0.00000e+00   -5.30125e-03   0.00000e+00   0.00000e+00   1.73168e-08   0.00000e+00
2.34500e+03   0.00000e+00   0.00000e+00   -5.29315e-03   0.00000e+00   0.00000e+00   1.73301e-08   0.00000e+00
2.35500e+03   0.00000e+00   0.00000e+00   -5.28286e-03   0.00000e+00   0.00000e+00   1.73436e-08   0.00000e+00
2.36500e+03   0.00000e+00   0.00000e+00   -5.27847e-03   0.00000e+00   0.00000e+00   1.73548e-08   0.00000e+00
2.37500e+03   0.00000e+00   0.00000e+00   -5.26365e-03   0.00000e+00   0.00000e+00   1.73617e-08   0.00000e+00
2.38500e+03   0.00000e+00   0.00000e+00   -5.24434e-03   0.00000e+00   0.00000e+00   1.73627e-08   0.00000e+00
2.39500e+03   0.00000e+00   0.00000e+00   -5.22445e-03   0.00000e+00   0.00000e+00   1.73565e-08   0.00000e+00
2.40500e+03   0.00000e+00   0.00000e+00   -5.20627e-03   0.00000e+00   0.00000e+00   1.73423e-08   0.00000e+00
2.41500e+03   0.00000e+00   0.00000e+00   -5.19092e-03   0.00000e+00   0.00000e+00   1.73194e-08   0.00000e+00
2.42500e+03   0.00000e+00   0.00000e+00   -5.17867e-03   0.00000e+00   0.00000e+00   1.72826e-08   0.00000e+00
2.43500e+03   0.00000e+00   0.00000e+00   -5.16919e-03   0.00000e+00   0.00000e+00   1.72336e-08   0.00000e+00
2.44500e+03   0.00000e+00   0.00000e+00   -5.16180e-03   0.00000e+00   0.00000e+00   1.71740e-08   0.00000e+00
2.45500e+03   0.00000e+00   0.00000e+00   -5.15563e-03   0.00000e+00   0.00000e+00   1.71057e-08   0.00000e+00
2.46500e+03   0.00000e+00   0.00000e+00   -5.14976e-03   0.00000e+00   0.00000e+00   1.70301e-08   0.00000e+00
2.47500e+03   0.00000e+00   0.00000e+00   -5.14335e-03   0.00000e+00   0.00000e+00   1.69487e-08   0.00000e+00
2.48500e+03   0.00000e+00   0.00000e+00   -5.13568e-03   0.00000e+00   0.00000e+00   1.68631e-08   0.00000e+00
2.49500e+03   0.00000e+00   0.00000e+00   -5.12620e-03   0.00000e+00   0.00000e+00   1.67746e-08   0.00000e+00
2.50500e+03   0.00000e+00   0.00000e+00   -5.11456e-03   0.00000e+00   0.00000e+00   1.66845e-08   0.00000e+00
2.51500e+03   0.00000e+00   0.00000e+00   -5.10062e-03   0.00000e+00   0.00000e+00   1.65940e-08   0.00000e+00
2.52500e+03   0.00000e+00   0.00000e+00   -5.08443e-03   0.00000e+00   0.00000e+00   1.65043e-08   0.00000e+00
2.53500e+03   0.00000e+00   0.00000e+00   -5.06622e-03   0.00000e+00   0.00000e+00   1.64165e-08   0.00000e+00
2.54500e+03   0.00000e+00   0.00000e+00   -5.04633e-03   0.00000e+00   0.00000e+00   1.63314e-08   0.00000e+00
2.55500e+03   0.00000e+00   0.00000e+00   -5.02525e-03   0.00000e+00   0.00000e+00   1.62500e-08   0.00000e+00
2.56500e+03   0.00000e+00   0.00000e+00   -5.00349e-03   0.00000e+00   0.00000e+00   1.61729e-08   0.00000e+00
2.57500e+03   0.00000e+00   0.00000e+00   -4.98163e-03   0.00000e+00   0.00000e+00   1.61010e-08   0.00000e+00
2.58500e+03   0.00000e+00   0.00000e+00   -4.96021e-03   0.00000e+00   0.00000e+00   1.60346e-08   0.00000e+00
2.59500e+03   0.00000e+00   0.00000e+00   -4.93971e-03   0.00000e+00   0.00000e+00   1.59743e-08   0.00000e+00
2.60500e+03   0.00000e+00   0.00000e+00   -4.92056e-03   0.00000e+00   0.00000e+00   1.59204e-08   0.00000e+00
2.61500e+03   0.00000e+00   0.00000e+00   -4.90307e-03   0.00000e+00   0.00000e+00   1.58729e-08   0.00000e+00
2.62500e+03   0.00000e+00   0.00000e+00   -4.88741e-03   0.00000e+00   0.00000e+00   1.58321e-08   0.00000e+00
2.63500e+03   0.00000e+00   0.00000e+00   -4.87363e-03   0.00000e+00   0.00000e+00   1.57978e-08   0.00000e+00
2.64500e+03   0.00000e+00   0.00000e+00   -4.86161e-03   0.00000e+00   0.00000e+00   1.57699e-08   0.00000e+00
2.65500e+03   0.00000e+00   0.00000e+00   -4.85113e-03   0.00000e+00   0.00000e+00   1.57479e-08   0.00000e+00
2.66500e+03   0.00000e+00   0.00000e+00   -4.84179e-03   0.00000e+00   0.00000e+00   1.57313e-08   0.00000e+00
2.67500e+03   0.00000e+00   0.00000e+00   -4.83313e-03   0.00000e+00   0.00000e+00   1.57196e-08   0.00000e+00
2.68500e+03   0.00000e+00   0.00000e+00   -4.82455e-03   0.00000e+00   0.00000e+00   1.57118e-08   0.00000e+00
2.69500e+03   0.00000e+00   0.00000e+00   -4.81544e-03   0.00000e+00   0.00000e+00   1.57071e-08   0.00000e+00
2.70500e+03   0.00000e+00   0.00000e+00   -4.80514e-03   0.00000e+00   0.00000e+00   1.57042e-08   0.00000e+00
2.71500e+03   0.00000e+00   0.00000e+00   -4.79301e-03   0.00000e+00   0.00000e+00   1.57019e-08   0.00000e+00
2.72500e+03   0.00000e+00   0.00000e+00   -4.77850e-03   0.00000e+00   0.00000e+00   1.56986e-08   0.00000e+00
2.73500e+03   0.00000e+00   0.00000e+00   -4.76110e-03   0.00000e+00   0.00000e+00   1.56927e-08   0.00000e+00
2.74500e+03   0.00000e+00   0.00000e+00   -4.74050e-03   0.00000e+00   0.00000e+00   1.56822e-08   0.00000e+00
2.75500e+03   0.00000e+00   0.00000e+00   -4.71653e-03   0.00000e+00   0.00000e+00   1.56651e-08   0.00000e+00
2.76500e+03   0.00000e+00   0.00000e+00   -4.68919e-03   0.00000e+00   0.00000e+00   1.56390e-08   0.00000e+00
2.77500e+03   0.00000e+00   0.00000e+00   -4.65875e-03   0.00000e+00   0.00000e+00   1.56016e-08   0.00000e+00
2.78500e+03   0.00000e+00   0.00000e+00   -4.62563e-03   0.00000e+00   0.00000e+00   1.55501e-08   0.00000e+00
2.79500e+03   0.00000e+00   0.00000e+00   -4.59049e-03   0.00000e+00   0.00000e+00   1.54814e-08   0.00000e+00
2.80500e+03   0.00000e+00   0.00000e+00   -4.55411e-03   0.00000e+00   0.00000e+00   1.53926e-08   0.00000e+00
2.81500e+03   0.00000e+00   0.00000e+00   -4.51740e-03   0.00000e+00   0.00000e+00   1.52801e-08   0.00000e+00
2.82500e+03   0.00000e+00   0.00000e+00   -4.48124e-03   0.00000e+00   0.00000e+00   1.51403e-08   0.00000e+00
2.83500e+03   0.00000e+00   0.00000e+00   -4.44641e-03   0.00000e+00   0.00000e+00   1.49693e-08   0.00000e+00
2.84500e+03   0.00000e+00   0.00000e+00   -4.41337e-03   0.00000e+00   0.00000e+00   1.47630e-08   0.00000e+00
2.85500e+03   0.00000e+00   0.00000e+00   -4.38212e-03   0.00000e+00   0.00000e+00   1.45169e-08   0.00000e+00
2.86500e+03   0.00000e+00   0.00000e+00   -4.35186e-03   0.00000e+00   0.00000e+00   1.42263e-08   0.00000e+00
2.87500e+03   0.00000e+00   0.00000e+00   -4.32077e-03   0.00000e+00   0.00000e+00   1.38863e-08   0.00000e+00
2.88500e+03   0.00000e+00   0.00000e+00   -4.28554e-03   0.00000e+00   0.00000e+00   1.34916e-08   0.00000e+00
2.89500e+03   0.00000e+00   0.00000e+00   -4.24099e-03   0.00000e+00   0.00000e+00   1.30366e-08   0.00000e+00
2.90500e+03   0.00000e+00   0.00000e+00   -4.17956e-03   0.00000e+00   0.00000e+00   1.25155e-08   0.00000e+00
2.91500e+03   0.00000e+00   0.00000e+00   -4.09068e-03   0.00000e+00   0.00000e+00   1.19222e-08   0.00000e+00
2.92500e+03   0.00000e+00   0.00000e+00   -3.96011e-03   0.00000e+00   0.00000e+00   1.12326e-08   0.00000e+00
2.93500e+03   0.00000e+00   0.00000e+00   -3.76916e-03   0.00000e+00   0.00000e+00   1.04581e-08   0.00000e+00
2.94500e+03   0.00000e+00   0.00000e+00   -3.49382e-03   0.00000e+00   0.00000e+00   9.61124e-09   0.00000e+00
2.95500e+03   0.00000e+00   0.00000e+00   -3.10377e-03   0.00000e+00   0.00000e+00   8.70608e-09   0.00000e+00
2.96500e+03   0.00000e+00   0.00000e+00   -2.68044e-03   0.00000e+00   0.00000e+00   7.45252e-09   0.00000e+00
2.97500e+03   0.00000e+00   0.00000e+00   -2.26213e-03   0.00000e+00   0.00000e+00   6.25941e-09   0.00000e+00
2.98500e+03   0.00000e+00   0.00000e+00   -1.85199e-03   0.00000e+00   0.00000e+00   5.13484e-09   0.00000e+00
2.99500e+03   0.00000e+00   0.00000e+00   0.00000e+00   0.00000e+00   0.00000e+00   0.00000e+00   0.00000e+00 

# #Input file large scale forcing 
#   #height ug    vg    wfls   dqtdxls   dqtdyls  dqtdtls   dthlrad
# 86400
5.00000e+00   0.00000e+00   0.00000e+00   -2.09172e-04   0.00000e+00   0.00000e+00   7.26079e-10   0.00000e+00
1.50000e+01   0.00000e+00   0.00000e+00   -2.97952e-04   0.00000e+00   0.00000e+00   1.00296e-09   0.00000e+00
2.50000e+01   0.00000e+00   0.00000e+00   -4.01197e-04   0.00000e+00   0.00000e+00   1.33118e-09   0.00000e+00
3.50000e+01   0.00000e+00   0.00000e+00   -5.18433e-04   0.00000e+00   0.00000e+00   1.70892e-09   0.00000e+00
4.50000e+01   0.00000e+00   0.00000e+00   -6.49200e-04   0.00000e+00   0.00000e+00   2.13446e-09   0.00000e+00
5.50000e+01   0.00000e+00   0.00000e+00   -7.93056e-04   0.00000e+00   0.00000e+00   2.60612e-09   0.00000e+00
6.50000e+01   0.00000e+00   0.00000e+00   -9.40812e-04   0.00000e+00   0.00000e+00   3.04897e-09   0.00000e+00
7.50000e+01   0.00000e+00   0.00000e+00   -1.08372e-03   0.00000e+00   0.00000e+00   3.50374e-09   0.00000e+00
8.50000e+01   0.00000e+00   0.00000e+00   -1.22195e-03   0.00000e+00   0.00000e+00   3.96389e-09   0.00000e+00
9.50000e+01   0.00000e+00   0.00000e+00   -1.35564e-03   0.00000e+00   0.00000e+00   4.42313e-09   0.00000e+00
1.05000e+02   0.00000e+00   0.00000e+00   -1.48495e-03   0.00000e+00   0.00000e+00   4.87538e-09   0.00000e+00
1.15000e+02   0.00000e+00   0.00000e+00   -1.61003e-03   0.00000e+00   0.00000e+00   5.31480e-09   0.00000e+00
1.25000e+02   0.00000e+00   0.00000e+00   -1.73100e-03   0.00000e+00   0.00000e+00   5.73879e-09   0.00000e+00
1.35000e+02   0.00000e+00   0.00000e+00   -1.84800e-03   0.00000e+00   0.00000e+00   6.14792e-09   0.00000e+00
1.45000e+02   0.00000e+00   0.00000e+00   -1.96117e-03   0.00000e+00   0.00000e+00   6.54269e-09   0.00000e+00
1.55000e+02   0.00000e+00   0.00000e+00   -2.07063e-03   0.00000e+00   0.00000e+00   6.92360e-09   0.00000e+00
1.65000e+02   0.00000e+00   0.00000e+00   -2.17651e-03   0.00000e+00   0.00000e+00   7.29116e-09   0.00000e+00
1.75000e+02   0.00000e+00   0.00000e+00   -2.27891e-03   0.00000e+00   0.00000e+00   7.64582e-09   0.00000e+00
1.85000e+02   0.00000e+00   0.00000e+00   -2.37795e-03   0.00000e+00   0.00000e+00   7.98803e-09   0.00000e+00
1.95000e+02   0.00000e+00   0.00000e+00   -2.47374e-03   0.00000e+00   0.00000e+00   8.31824e-09   0.00000e+00
2.05000e+02   0.00000e+00   0.00000e+00   -2.56640e-03   0.00000e+00   0.00000e+00   8.63687e-09   0.00000e+00
2.15000e+02   0.00000e+00   0.00000e+00   -2.65602e-03   0.00000e+00   0.00000e+00   8.94431e-09   0.00000e+00
2.25000e+02   0.00000e+00   0.00000e+00   -2.74270e-03   0.00000e+00   0.00000e+00   9.24097e-09   0.00000e+00
2.35000e+02   0.00000e+00   0.00000e+00   -2.82654e-03   0.00000e+00   0.00000e+00   9.52723e-09   0.00000e+00
2.45000e+02   0.00000e+00   0.00000e+00   -2.90763e-03   0.00000e+00   0.00000e+00   9.80343e-09   0.00000e+00
2.55000e+02   0.00000e+00   0.00000e+00   -2.98606e-03   0.00000e+00   0.00000e+00   1.00700e-08   0.00000e+00
2.65000e+02   0.00000e+00   0.00000e+00   -3.06192e-03   0.00000e+00   0.00000e+00   1.03271e-08   0.00000e+00
2.75000e+02   0.00000e+00   0.00000e+00   -3.13529e-03   0.00000e+00   0.00000e+00   1.05753e-08   0.00000e+00
2.85000e+02   0.00000e+00   0.00000e+00   -3.20626e-03   0.00000e+00   0.00000e+00   1.08147e-08   0.00000e+00
2.95000e+02   0.00000e+00   0.00000e+00   -3.27490e-03   0.00000e+00   0.00000e+00   1.10457e-08   0.00000e+00
3.05000e+02   0.00000e+00   0.00000e+00   -3.34129e-03   0.00000e+00   0.00000e+00   1.12687e-08   0.00000e+00
3.15000e+02   0.00000e+00   0.00000e+00   -3.40550e-03   0.00000e+00   0.00000e+00   1.14838e-08   0.00000e+00
3.25000e+02   0.00000e+00   0.00000e+00   -3.46761e-03   0.00000e+00   0.00000e+00   1.16914e-08   0.00000e+00
3.35000e+02   0.00000e+00   0.00000e+00   -3.52769e-03   0.00000e+00   0.00000e+00   1.18916e-08   0.00000e+00
3.45000e+02   0.00000e+00   0.00000e+00   -3.58579e-03   0.00000e+00   0.00000e+00   1.20849e-08   0.00000e+00
3.55000e+02   0.00000e+00   0.00000e+00   -3.64199e-03   0.00000e+00   0.00000e+00   1.22714e-08   0.00000e+00
3.65000e+02   0.00000e+00   0.00000e+00   -3.69634e-03   0.00000e+00   0.00000e+00   1.24513e-08   0.00000e+00
3.75000e+02   0.00000e+00   0.00000e+00   -3.74892e-03   0.00000e+00   0.00000e+00   1.26249e-08   0.00000e+00
3.85000e+02   0.00000e+00   0.00000e+00   -3.79977e-03   0.00000e+00   0.00000e+00   1.27925e-08   0.00000e+00
3.95000e+02   0.00000e+00   0.00000e+00   -3.84895e-03   0.00000e+00   0.00000e+00   1.29541e-08   0.00000e+00
4.05000e+02   0.00000e+00   0.00000e+00   -3.89652e-03   0.00000e+00   0.00000e+00   1.31101e-08   0.00000e+00
4.15000e+02   0.00000e+00   0.00000e+00   -3.94253e-03   0.00000e+00   0.00000e+00   1.32606e-08   0.00000e+00
4.25000e+02   0.00000e+00   0.00000e+00   -3.98704e-03   0.00000e+00   0.00000e+00   1.34058e-08   0.00000e+00
4.35000e+02   0.00000e+00   0.00000e+00   -4.03008e-03   0.00000e+00   0.00000e+00   1.35459e-08   0.00000e+00
4.45000e+02   0.00000e+00   0.00000e+00   -4.07171e-03   0.00000e+00   0.00000e+00   1.36812e-08   0.00000e+00
4.55000e+02   0.00000e+00   0.00000e+00   -4.11198e-03   0.00000e+00   0.00000e+00   1.38116e-08   0.00000e+00
4.65000e+02   0.00000e+00   0.00000e+00   -4.15093e-03   0.00000e+00   0.00000e+00   1.39375e-08   0.00000e+00
4.75000e+02   0.00000e+00   0.00000e+00   -4.18860e-03   0.00000e+00   0.00000e+00   1.40590e-08   0.00000e+00
4.85000e+02   0.00000e+00   0.00000e+00   -4.22504e-03   0.00000e+00   0.00000e+00   1.41762e-08   0.00000e+00
4.95000e+02   0.00000e+00   0.00000e+00   -4.26028e-03   0.00000e+00   0.00000e+00   1.42893e-08   0.00000e+00
5.05000e+02   0.00000e+00   0.00000e+00   -4.29436e-03   0.00000e+00   0.00000e+00   1.43985e-08   0.00000e+00
5.15000e+02   0.00000e+00   0.00000e+00   -4.32733e-03   0.00000e+00   0.00000e+00   1.45038e-08   0.00000e+00
5.25000e+02   0.00000e+00   0.00000e+00   -4.35922e-03   0.00000e+00   0.00000e+00   1.46054e-08   0.00000e+00
5.35000e+02   0.00000e+00   0.00000e+00   -4.39006e-03   0.00000e+00   0.00000e+00   1.47034e-08   0.00000e+00
5.45000e+02   0.00000e+00   0.00000e+00   -4.41990e-03   0.00000e+00   0.00000e+00   1.47980e-08   0.00000e+00
5.55000e+02   0.00000e+00   0.00000e+00   -4.44875e-03   0.00000e+00   0.00000e+00   1.48893e-08   0.00000e+00
5.65000e+02   0.00000e+00   0.00000e+00   -4.47666e-03   0.00000e+00   0.00000e+00   1.49774e-08   0.00000e+00
5.75000e+02   0.00000e+00   0.00000e+00   -4.50365e-03   0.00000e+00   0.00000e+00   1.50624e-08   0.00000e+00
5.85000e+02   0.00000e+00   0.00000e+00   -4.52976e-03   0.00000e+00   0.00000e+00   1.51444e-08   0.00000e+00
5.95000e+02   0.00000e+00   0.00000e+00   -4.55501e-03   0.00000e+00   0.00000e+00   1.52235e-08   0.00000e+00
6.05000e+02   0.00000e+00   0.00000e+00   -4.57943e-03   0.00000e+00   0.00000e+00   1.52999e-08   0.00000e+00
6.15000e+02   0.00000e+00   0.00000e+00   -4.60305e-03   0.00000e+00   0.00000e+00   1.53736e-08   0.00000e+00
6.25000e+02   0.00000e+00   0.00000e+00   -4.62590e-03   0.00000e+00   0.00000e+00   1.54447e-08   0.00000e+00
6.35000e+02   0.00000e+00   0.00000e+00   -4.64800e-03   0.00000e+00   0.00000e+00   1.55133e-08   0.00000e+00
6.45000e+02   0.00000e+00   0.00000e+00   -4.66938e-03   0.00000e+00   0.00000e+00   1.55795e-08   0.00000e+00
6.55000e+02   0.00000e+00   0.00000e+00   -4.69005e-03   0.00000e+00   0.00000e+00   1.56433e-08   0.00000e+00
6.65000e+02   0.00000e+00   0.00000e+00   -4.71005e-03   0.00000e+00   0.00000e+00   1.57050e-08   0.00000e+00
6.75000e+02   0.00000e+00   0.00000e+00   -4.72939e-03   0.00000e+00   0.00000e+00   1.57644e-08   0.00000e+00
6.85000e+02   0.00000e+00   0.00000e+00   -4.74810e-03   0.00000e+00   0.00000e+00   1.58218e-08   0.00000e+00
6.95000e+02   0.00000e+00   0.00000e+00   -4.76619e-03   0.00000e+00   0.00000e+00   1.58772e-08   0.00000e+00
7.05000e+02   0.00000e+00   0.00000e+00   -4.78369e-03   0.00000e+00   0.00000e+00   1.59306e-08   0.00000e+00
7.15000e+02   0.00000e+00   0.00000e+00   -4.80062e-03   0.00000e+00   0.00000e+00   1.59822e-08   0.00000e+00
7.25000e+02   0.00000e+00   0.00000e+00   -4.81699e-03   0.00000e+00   0.00000e+00   1.60319e-08   0.00000e+00
7.35000e+02   0.00000e+00   0.00000e+00   -4.83282e-03   0.00000e+00   0.00000e+00   1.60799e-08   0.00000e+00
7.45000e+02   0.00000e+00   0.00000e+00   -4.84814e-03   0.00000e+00   0.00000e+00   1.61262e-08   0.00000e+00
7.55000e+02   0.00000e+00   0.00000e+00   -4.86295e-03   0.00000e+00   0.00000e+00   1.61709e-08   0.00000e+00
7.65000e+02   0.00000e+00   0.00000e+00   -4.87728e-03   0.00000e+00   0.00000e+00   1.62140e-08   0.00000e+00
7.75000e+02   0.00000e+00   0.00000e+00   -4.89114e-03   0.00000e+00   0.00000e+00   1.62556e-08   0.00000e+00
7.85000e+02   0.00000e+00   0.00000e+00   -4.90454e-03   0.00000e+00   0.00000e+00   1.62958e-08   0.00000e+00
7.95000e+02   0.00000e+00   0.00000e+00   -4.91751e-03   0.00000e+00   0.00000e+00   1.63345e-08   0.00000e+00
8.05000e+02   0.00000e+00   0.00000e+00   -4.93005e-03   0.00000e+00   0.00000e+00   1.63719e-08   0.00000e+00
8.15000e+02   0.00000e+00   0.00000e+00   -4.94218e-03   0.00000e+00   0.00000e+00   1.64080e-08   0.00000e+00
8.25000e+02   0.00000e+00   0.00000e+00   -4.95391e-03   0.00000e+00   0.00000e+00   1.64428e-08   0.00000e+00
8.35000e+02   0.00000e+00   0.00000e+00   -4.96525e-03   0.00000e+00   0.00000e+00   1.64764e-08   0.00000e+00
8.45000e+02   0.00000e+00   0.00000e+00   -4.97623e-03   0.00000e+00   0.00000e+00   1.65088e-08   0.00000e+00
8.55000e+02   0.00000e+00   0.00000e+00   -4.98684e-03   0.00000e+00   0.00000e+00   1.65400e-08   0.00000e+00
8.65000e+02   0.00000e+00   0.00000e+00   -4.99711e-03   0.00000e+00   0.00000e+00   1.65702e-08   0.00000e+00
8.75000e+02   0.00000e+00   0.00000e+00   -5.00704e-03   0.00000e+00   0.00000e+00   1.65993e-08   0.00000e+00
8.85000e+02   0.00000e+00   0.00000e+00   -5.01664e-03   0.00000e+00   0.00000e+00   1.66274e-08   0.00000e+00
8.95000e+02   0.00000e+00   0.00000e+00   -5.02593e-03   0.00000e+00   0.00000e+00   1.66545e-08   0.00000e+00
9.05000e+02   0.00000e+00   0.00000e+00   -5.03492e-03   0.00000e+00   0.00000e+00   1.66807e-08   0.00000e+00
9.15000e+02   0.00000e+00   0.00000e+00   -5.04361e-03   0.00000e+00   0.00000e+00   1.67059e-08   0.00000e+00
9.25000e+02   0.00000e+00   0.00000e+00   -5.05201e-03   0.00000e+00   0.00000e+00   1.67303e-08   0.00000e+00
9.35000e+02   0.00000e+00   0.00000e+00   -5.06014e-03   0.00000e+00   0.00000e+00   1.67538e-08   0.00000e+00
9.45000e+02   0.00000e+00   0.00000e+00   -5.06801e-03   0.00000e+00   0.00000e+00   1.67764e-08   0.00000e+00
9.55000e+02   0.00000e+00   0.00000e+00   -5.07561e-03   0.00000e+00   0.00000e+00   1.67983e-08   0.00000e+00
9.65000e+02   0.00000e+00   0.00000e+00   -5.08297e-03   0.00000e+00   0.00000e+00   1.68194e-08   0.00000e+00
9.75000e+02   0.00000e+00   0.00000e+00   -5.09008e-03   0.00000e+00   0.00000e+00   1.68398e-08   0.00000e+00
9.85000e+02   0.00000e+00   0.00000e+00   -5.09697e-03   0.00000e+00   0.00000e+00   1.68594e-08   0.00000e+00
9.95000e+02   0.00000e+00   0.00000e+00   -5.10362e-03   0.00000e+00   0.00000e+00   1.68784e-08   0.00000e+00
1.00500e+03   0.00000e+00   0.00000e+00   -5.11006e-03   0.00000e+00   0.00000e+00   1.68967e-08   0.00000e+00
1.01500e+03   0.00000e+00   0.00000e+00   -5.11629e-03   0.00000e+00   0.00000e+00   1.69144e-08   0.00000e+00
1.02500e+03   0.00000e+00   0.00000e+00   -5.12231e-03   0.00000e+00   0.00000e+00   1.69314e-08   0.00000e+00
1.03500e+03   0.00000e+00   0.00000e+00   -5.12814e-03   0.00000e+00   0.00000e+00   1.69478e-08   0.00000e+00
1.04500e+03   0.00000e+00   0.00000e+00   -5.13377e-03   0.00000e+00   0.00000e+00   1.69637e-08   0.00000e+00
1.05500e+03   0.00000e+00   0.00000e+00   -5.13922e-03   0.00000e+00   0.00000e+00   1.69790e-08   0.00000e+00
1.06500e+03   0.00000e+00   0.00000e+00   -5.14449e-03   0.00000e+00   0.00000e+00   1.69938e-08   0.00000e+00
1.07500e+03   0.00000e+00   0.00000e+00   -5.14959e-03   0.00000e+00   0.00000e+00   1.70080e-08   0.00000e+00
1.08500e+03   0.00000e+00   0.00000e+00   -5.15452e-03   0.00000e+00   0.00000e+00   1.70218e-08   0.00000e+00
1.09500e+03   0.00000e+00   0.00000e+00   -5.15929e-03   0.00000e+00   0.00000e+00   1.70351e-08   0.00000e+00
1.10500e+03   0.00000e+00   0.00000e+00   -5.16390e-03   0.00000e+00   0.00000e+00   1.70479e-08   0.00000e+00
1.11500e+03   0.00000e+00   0.00000e+00   -5.16836e-03   0.00000e+00   0.00000e+00   1.70602e-08   0.00000e+00
1.12500e+03   0.00000e+00   0.00000e+00   -5.17268e-03   0.00000e+00   0.00000e+00   1.70721e-08   0.00000e+00
1.13500e+03   0.00000e+00   0.00000e+00   -5.17685e-03   0.00000e+00   0.00000e+00   1.70836e-08   0.00000e+00
1.14500e+03   0.00000e+00   0.00000e+00   -5.18089e-03   0.00000e+00   0.00000e+00   1.70947e-08   0.00000e+00
1.15500e+03   0.00000e+00   0.00000e+00   -5.18480e-03   0.00000e+00   0.00000e+00   1.71054e-08   0.00000e+00
1.16500e+03   0.00000e+00   0.00000e+00   -5.18857e-03   0.00000e+00   0.00000e+00   1.71158e-08   0.00000e+00
1.17500e+03   0.00000e+00   0.00000e+00   -5.19223e-03   0.00000e+00   0.00000e+00   1.71258e-08   0.00000e+00
1.18500e+03   0.00000e+00   0.00000e+00   -5.19576e-03   0.00000e+00   0.00000e+00   1.71354e-08   0.00000e+00
1.19500e+03   0.00000e+00   0.00000e+00   -5.19918e-03   0.00000e+00   0.00000e+00   1.71447e-08   0.00000e+00
1.20500e+03   0.00000e+00   0.00000e+00   -5.20248e-03   0.00000e+00   0.00000e+00   1.71536e-08   0.00000e+00
1.21500e+03   0.00000e+00   0.00000e+00   -5.20568e-03   0.00000e+00   0.00000e+00   1.71623e-08   0.00000e+00
1.22500e+03   0.00000e+00   0.00000e+00   -5.20877e-03   0.00000e+00   0.00000e+00   1.71706e-08   0.00000e+00
1.23500e+03   0.00000e+00   0.00000e+00   -5.21176e-03   0.00000e+00   0.00000e+00   1.71787e-08   0.00000e+00
1.24500e+03   0.00000e+00   0.00000e+00   -5.21465e-03   0.00000e+00   0.00000e+00   1.71864e-08   0.00000e+00
1.25500e+03   0.00000e+00   0.00000e+00   -5.21745e-03   0.00000e+00   0.00000e+00   1.71939e-08   0.00000e+00
1.26500e+03   0.00000e+00   0.00000e+00   -5.22016e-03   0.00000e+00   0.00000e+00   1.72011e-08   0.00000e+00
1.27500e+03   0.00000e+00   0.00000e+00   -5.22278e-03   0.00000e+00   0.00000e+00   1.72081e-08   0.00000e+00
1.28500e+03   0.00000e+00   0.00000e+00   -5.22531e-03   0.00000e+00   0.00000e+00   1.72149e-08   0.00000e+00
1.29500e+03   0.00000e+00   0.00000e+00   -5.22776e-03   0.00000e+00   0.00000e+00   1.72213e-08   0.00000e+00
1.30500e+03   0.00000e+00   0.00000e+00   -5.23013e-03   0.00000e+00   0.00000e+00   1.72276e-08   0.00000e+00
1.31500e+03   0.00000e+00   0.00000e+00   -5.23242e-03   0.00000e+00   0.00000e+00   1.72337e-08   0.00000e+00
1.32500e+03   0.00000e+00   0.00000e+00   -5.23463e-03   0.00000e+00   0.00000e+00   1.72395e-08   0.00000e+00
1.33500e+03   0.00000e+00   0.00000e+00   -5.23677e-03   0.00000e+00   0.00000e+00   1.72451e-08   0.00000e+00
1.34500e+03   0.00000e+00   0.00000e+00   -5.23885e-03   0.00000e+00   0.00000e+00   1.72506e-08   0.00000e+00
1.35500e+03   0.00000e+00   0.00000e+00   -5.24085e-03   0.00000e+00   0.00000e+00   1.72558e-08   0.00000e+00
1.36500e+03   0.00000e+00   0.00000e+00   -5.24279e-03   0.00000e+00   0.00000e+00   1.72609e-08   0.00000e+00
1.37500e+03   0.00000e+00   0.00000e+00   -5.24467e-03   0.00000e+00   0.00000e+00   1.72657e-08   0.00000e+00
1.38500e+03   0.00000e+00   0.00000e+00   -5.24648e-03   0.00000e+00   0.00000e+00   1.72705e-08   0.00000e+00
1.39500e+03   0.00000e+00   0.00000e+00   -5.24824e-03   0.00000e+00   0.00000e+00   1.72750e-08   0.00000e+00
1.40500e+03   0.00000e+00   0.00000e+00   -5.24993e-03   0.00000e+00   0.00000e+00   1.72794e-08   0.00000e+00
1.41500e+03   0.00000e+00   0.00000e+00   -5.25157e-03   0.00000e+00   0.00000e+00   1.72836e-08   0.00000e+00
1.42500e+03   0.00000e+00   0.00000e+00   -5.25316e-03   0.00000e+00   0.00000e+00   1.72877e-08   0.00000e+00
1.43500e+03   0.00000e+00   0.00000e+00   -5.25470e-03   0.00000e+00   0.00000e+00   1.72916e-08   0.00000e+00
1.44500e+03   0.00000e+00   0.00000e+00   -5.25618e-03   0.00000e+00   0.00000e+00   1.72954e-08   0.00000e+00
1.45500e+03   0.00000e+00   0.00000e+00   -5.25762e-03   0.00000e+00   0.00000e+00   1.72991e-08   0.00000e+00
1.46500e+03   0.00000e+00   0.00000e+00   -5.25901e-03   0.00000e+00   0.00000e+00   1.73027e-08   0.00000e+00
1.47500e+03   0.00000e+00   0.00000e+00   -5.26035e-03   0.00000e+00   0.00000e+00   1.73061e-08   0.00000e+00
1.48500e+03   0.00000e+00   0.00000e+00   -5.26165e-03   0.00000e+00   0.00000e+00   1.73094e-08   0.00000e+00
1.49500e+03   0.00000e+00   0.00000e+00   -5.26291e-03   0.00000e+00   0.00000e+00   1.73125e-08   0.00000e+00
1.50500e+03   0.00000e+00   0.00000e+00   -5.26412e-03   0.00000e+00   0.00000e+00   1.73156e-08   0.00000e+00
1.51500e+03   0.00000e+00   0.00000e+00   -5.26530e-03   0.00000e+00   0.00000e+00   1.73186e-08   0.00000e+00
1.52500e+03   0.00000e+00   0.00000e+00   -5.26644e-03   0.00000e+00   0.00000e+00   1.73214e-08   0.00000e+00
1.53500e+03   0.00000e+00   0.00000e+00   -5.26754e-03   0.00000e+00   0.00000e+00   1.73242e-08   0.00000e+00
1.54500e+03   0.00000e+00   0.00000e+00   -5.26860e-03   0.00000e+00   0.00000e+00   1.73268e-08   0.00000e+00
1.55500e+03   0.00000e+00   0.00000e+00   -5.26963e-03   0.00000e+00   0.00000e+00   1.73294e-08   0.00000e+00
1.56500e+03   0.00000e+00   0.00000e+00   -5.27063e-03   0.00000e+00   0.00000e+00   1.73319e-08   0.00000e+00
1.57500e+03   0.00000e+00   0.00000e+00   -5.27159e-03   0.00000e+00   0.00000e+00   1.73343e-08   0.00000e+00
1.58500e+03   0.00000e+00   0.00000e+00   -5.27252e-03   0.00000e+00   0.00000e+00   1.73366e-08   0.00000e+00
1.59500e+03   0.00000e+00   0.00000e+00   -5.27342e-03   0.00000e+00   0.00000e+00   1.73388e-08   0.00000e+00
1.60500e+03   0.00000e+00   0.00000e+00   -5.27429e-03   0.00000e+00   0.00000e+00   1.73410e-08   0.00000e+00
1.61500e+03   0.00000e+00   0.00000e+00   -5.27514e-03   0.00000e+00   0.00000e+00   1.73430e-08   0.00000e+00
1.62500e+03   0.00000e+00   0.00000e+00   -5.27595e-03   0.00000e+00   0.00000e+00   1.73450e-08   0.00000e+00
1.63500e+03   0.00000e+00   0.00000e+00   -5.27674e-03   0.00000e+00   0.00000e+00   1.73470e-08   0.00000e+00
1.64500e+03   0.00000e+00   0.00000e+00   -5.27750e-03   0.00000e+00   0.00000e+00   1.73488e-08   0.00000e+00
1.65500e+03   0.00000e+00   0.00000e+00   -5.27824e-03   0.00000e+00   0.00000e+00   1.73506e-08   0.00000e+00
1.66500e+03   0.00000e+00   0.00000e+00   -5.27895e-03   0.00000e+00   0.00000e+00   1.73523e-08   0.00000e+00
1.67500e+03   0.00000e+00   0.00000e+00   -5.27964e-03   0.00000e+00   0.00000e+00   1.73540e-08   0.00000e+00
1.68500e+03   0.00000e+00   0.00000e+00   -5.28031e-03   0.00000e+00   0.00000e+00   1.73556e-08   0.00000e+00
1.69500e+03   0.00000e+00   0.00000e+00   -5.28096e-03   0.00000e+00   0.00000e+00   1.73572e-08   0.00000e+00
1.70500e+03   0.00000e+00   0.00000e+00   -5.28158e-03   0.00000e+00   0.00000e+00   1.73587e-08   0.00000e+00
1.71500e+03   0.00000e+00   0.00000e+00   -5.28218e-03   0.00000e+00   0.00000e+00   1.73601e-08   0.00000e+00
1.72500e+03   0.00000e+00   0.00000e+00   -5.28277e-03   0.00000e+00   0.00000e+00   1.73615e-08   0.00000e+00
1.73500e+03   0.00000e+00   0.00000e+00   -5.28333e-03   0.00000e+00   0.00000e+00   1.73629e-08   0.00000e+00
1.74500e+03   0.00000e+00   0.00000e+00   -5.28388e-03   0.00000e+00   0.00000e+00   1.73642e-08   0.00000e+00
1.75500e+03   0.00000e+00   0.00000e+00   -5.28441e-03   0.00000e+00   0.00000e+00   1.73654e-08   0.00000e+00
1.76500e+03   0.00000e+00   0.00000e+00   -5.28492e-03   0.00000e+00   0.00000e+00   1.73667e-08   0.00000e+00
1.77500e+03   0.00000e+00   0.00000e+00   -5.28541e-03   0.00000e+00   0.00000e+00   1.73678e-08   0.00000e+00
1.78500e+03   0.00000e+00   0.00000e+00   -5.28589e-03   0.00000e+00   0.00000e+00   1.73690e-08   0.00000e+00
1.79500e+03   0.00000e+00   0.00000e+00   -5.28635e-03   0.00000e+00   0.00000e+00   1.73700e-08   0.00000e+00
1.80500e+03   0.00000e+00   0.00000e+00   -5.28680e-03   0.00000e+00   0.00000e+00   1.73711e-08   0.00000e+00
1.81500e+03   0.00000e+00   0.00000e+00   -5.28723e-03   0.00000e+00   0.00000e+00   1.73721e-08   0.00000e+00
1.82500e+03   0.00000e+00   0.00000e+00   -5.28765e-03   0.00000e+00   0.00000e+00   1.73731e-08   0.00000e+00
1.83500e+03   0.00000e+00   0.00000e+00   -5.28806e-03   0.00000e+00   0.00000e+00   1.73740e-08   0.00000e+00
1.84500e+03   0.00000e+00   0.00000e+00   -5.28845e-03   0.00000e+00   0.00000e+00   1.73749e-08   0.00000e+00
1.85500e+03   0.00000e+00   0.00000e+00   -5.28883e-03   0.00000e+00   0.00000e+00   1.73758e-08   0.00000e+00
1.86500e+03   0.00000e+00   0.00000e+00   -5.28919e-03   0.00000e+00   0.00000e+00   1.73767e-08   0.00000e+00
1.87500e+03   0.00000e+00   0.00000e+00   -5.28955e-03   0.00000e+00   0.00000e+00   1.73775e-08   0.00000e+00
1.88500e+03   0.00000e+00   0.00000e+00   -5.28989e-03   0.00000e+00   0.00000e+00   1.73783e-08   0.00000e+00
1.89500e+03   0.00000e+00   0.00000e+00   -5.29022e-03   0.00000e+00   0.00000e+00   1.73790e-08   0.00000e+00
1.90500e+03   0.00000e+00   0.00000e+00   -5.29054e-03   0.00000e+00   0.00000e+00   1.73798e-08   0.00000e+00
1.91500e+03   0.00000e+00   0.00000e+00   -5.29085e-03   0.00000e+00   0.00000e+00   1.73805e-08   0.00000e+00
1.92500e+03   0.00000e+00   0.00000e+00   -5.29115e-03   0.00000e+00   0.00000e+00   1.73812e-08   0.00000e+00
1.93500e+03   0.00000e+00   0.00000e+00   -5.29144e-03   0.00000e+00   0.00000e+00   1.73818e-08   0.00000e+00
1.94500e+03   0.00000e+00   0.00000e+00   -5.29172e-03   0.00000e+00   0.00000e+00   1.73825e-08   0.00000e+00
1.95500e+03   0.00000e+00   0.00000e+00   -5.29200e-03   0.00000e+00   0.00000e+00   1.73831e-08   0.00000e+00
1.96500e+03   0.00000e+00   0.00000e+00   -5.29226e-03   0.00000e+00   0.00000e+00   1.73837e-08   0.00000e+00
1.97500e+03   0.00000e+00   0.00000e+00   -5.29251e-03   0.00000e+00   0.00000e+00   1.73842e-08   0.00000e+00
1.98500e+03   0.00000e+00   0.00000e+00   -5.29276e-03   0.00000e+00   0.00000e+00   1.73848e-08   0.00000e+00
1.99500e+03   0.00000e+00   0.00000e+00   -5.29299e-03   0.00000e+00   0.00000e+00   1.73853e-08   0.00000e+00
2.00500e+03   0.00000e+00   0.00000e+00   -5.29322e-03   0.00000e+00   0.00000e+00   1.73858e-08   0.00000e+00
2.01500e+03   0.00000e+00   0.00000e+00   -5.29345e-03   0.00000e+00   0.00000e+00   1.73863e-08   0.00000e+00
2.02500e+03   0.00000e+00   0.00000e+00   -5.29366e-03   0.00000e+00   0.00000e+00   1.73868e-08   0.00000e+00
2.03500e+03   0.00000e+00   0.00000e+00   -5.29387e-03   0.00000e+00   0.00000e+00   1.73873e-08   0.00000e+00
2.04500e+03   0.00000e+00   0.00000e+00   -5.29407e-03   0.00000e+00   0.00000e+00   1.73877e-08   0.00000e+00
2.05500e+03   0.00000e+00   0.00000e+00   -5.29426e-03   0.00000e+00   0.00000e+00   1.73882e-08   0.00000e+00
2.06500e+03   0.00000e+00   0.00000e+00   -5.29445e-03   0.00000e+00   0.00000e+00   1.73886e-08   0.00000e+00
2.07500e+03   0.00000e+00   0.00000e+00   -5.29463e-03   0.00000e+00   0.00000e+00   1.73890e-08   0.00000e+00
2.08500e+03   0.00000e+00   0.00000e+00   -5.29481e-03   0.00000e+00   0.00000e+00   1.73894e-08   0.00000e+00
2.09500e+03   0.00000e+00   0.00000e+00   -5.29498e-03   0.00000e+00   0.00000e+00   1.73897e-08   0.00000e+00
2.10500e+03   0.00000e+00   0.00000e+00   -5.29514e-03   0.00000e+00   0.00000e+00   1.73901e-08   0.00000e+00
2.11500e+03   0.00000e+00   0.00000e+00   -5.29530e-03   0.00000e+00   0.00000e+00   1.73904e-08   0.00000e+00
2.12500e+03   0.00000e+00   0.00000e+00   -5.29546e-03   0.00000e+00   0.00000e+00   1.73908e-08   0.00000e+00
2.13500e+03   0.00000e+00   0.00000e+00   -5.29561e-03   0.00000e+00   0.00000e+00   1.73911e-08   0.00000e+00
2.14500e+03   0.00000e+00   0.00000e+00   -5.29575e-03   0.00000e+00   0.00000e+00   1.73914e-08   0.00000e+00
2.15500e+03   0.00000e+00   0.00000e+00   -5.29589e-03   0.00000e+00   0.00000e+00   1.73917e-08   0.00000e+00
2.16500e+03   0.00000e+00   0.00000e+00   -5.29602e-03   0.00000e+00   0.00000e+00   1.73920e-08   0.00000e+00
2.17500e+03   0.00000e+00   0.00000e+00   -5.29616e-03   0.00000e+00   0.00000e+00   1.73923e-08   0.00000e+00
2.18500e+03   0.00000e+00   0.00000e+00   -5.29628e-03   0.00000e+00   0.00000e+00   1.73926e-08   0.00000e+00
2.19500e+03   0.00000e+00   0.00000e+00   -5.29640e-03   0.00000e+00   0.00000e+00   1.73928e-08   0.00000e+00
2.20500e+03   0.00000e+00   0.00000e+00   -5.29652e-03   0.00000e+00   0.00000e+00   1.73931e-08   0.00000e+00
2.21500e+03   0.00000e+00   0.00000e+00   -5.29664e-03   0.00000e+00   0.00000e+00   1.73933e-08   0.00000e+00
2.22500e+03   0.00000e+00   0.00000e+00   -5.29675e-03   0.00000e+00   0.00000e+00   1.73884e-08   0.00000e+00
2.23500e+03   0.00000e+00   0.00000e+00   -5.29685e-03   0.00000e+00   0.00000e+00   1.73802e-08   0.00000e+00
2.24500e+03   0.00000e+00   0.00000e+00   -5.29696e-03   0.00000e+00   0.00000e+00   1.73699e-08   0.00000e+00
2.25500e+03   0.00000e+00   0.00000e+00   -5.29706e-03   0.00000e+00   0.00000e+00   1.73587e-08   0.00000e+00
2.26500e+03   0.00000e+00   0.00000e+00   -5.28965e-03   0.00000e+00   0.00000e+00   1.73475e-08   0.00000e+00
2.27500e+03   0.00000e+00   0.00000e+00   -5.29159e-03   0.00000e+00   0.00000e+00   1.73368e-08   0.00000e+00
2.28500e+03   0.00000e+00   0.00000e+00   -5.29738e-03   0.00000e+00   0.00000e+00   1.73270e-08   0.00000e+00
2.29500e+03   0.00000e+00   0.00000e+00   -5.30342e-03   0.00000e+00   0.00000e+00   1.73182e-08   0.00000e+00
2.30500e+03   0.00000e+00   0.00000e+00   -5.30756e-03   0.00000e+00   0.00000e+00   1.73104e-08   0.00000e+00
2.31500e+03   0.00000e+00   0.00000e+00   -5.30873e-03   0.00000e+00   0.00000e+00   1.73033e-08   0.00000e+00
2.32500e+03   0.00000e+00   0.00000e+00   -5.30658e-03   0.00000e+00   0.00000e+00   1.73067e-08   0.00000e+00
2.33500e+03   0.00000e+00   0.00000e+00   -5.30125e-03   0.00000e+00   0.00000e+00   1.73168e-08   0.00000e+00
2.34500e+03   0.00000e+00   0.00000e+00   -5.29315e-03   0.00000e+00   0.00000e+00   1.73301e-08   0.00000e+00
2.35500e+03   0.00000e+00   0.00000e+00   -5.28286e-03   0.00000e+00   0.00000e+00   1.73436e-08   0.00000e+00
2.36500e+03   0.00000e+00   0.00000e+00   -5.27847e-03   0.00000e+00   0.00000e+00   1.73548e-08   0.00000e+00
2.37500e+03   0.00000e+00   0.00000e+00   -5.26365e-03   0.00000e+00   0.00000e+00   1.73617e-08   0.00000e+00
2.38500e+03   0.00000e+00   0.00000e+00   -5.24434e-03   0.00000e+00   0.00000e+00   1.73627e-08   0.00000e+00
2.39500e+03   0.00000e+00   0.00000e+00   -5.22445e-03   0.00000e+00   0.00000e+00   1.73565e-08   0.00000e+00
2.40500e+03   0.00000e+00   0.00000e+00   -5.20627e-03   0.00000e+00   0.00000e+00   1.73423e-08   0.00000e+00
2.41500e+03   0.00000e+00   0.00000e+00   -5.19092e-03   0.00000e+00   0.00000e+00   1.73194e-08   0.00000e+00
2.42500e+03   0.00000e+00   0.00000e+00   -5.17867e-03   0.00000e+00   0.00000e+00   1.72826e-08   0.00000e+00
2.43500e+03   0.00000e+00   0.00000e+00   -5.16919e-03   0.00000e+00   0.00000e+00   1.72336e-08   0.00000e+00
2.44500e+03   0.00000e+00   0.00000e+00   -5.16180e-03   0.00000e+00   0.00000e+00   1.71740e-08   0.00000e+00
2.45500e+03   0.00000e+00   0.00000e+00   -5.15563e-03   0.00000e+00   0.00000e+00   1.71057e-08   0.00000e+00
2.46500e+03   0.00000e+00   0.00000e+00   -5.14976e-03   0.00000e+00   0.00000e+00   1.70301e-08   0.00000e+00
2.47500e+03   0.00000e+00   0.00000e+00   -5.14335e-03   0.00000e+00   0.00000e+00   1.69487e-08   0.00000e+00
2.48500e+03   0.00000e+00   0.00000e+00   -5.13568e-03   0.00000e+00   0.00000e+00   1.68631e-08   0.00000e+00
2.49500e+03   0.00000e+00   0.00000e+00   -5.12620e-03   0.00000e+00   0.00000e+00   1.67746e-08   0.00000e+00
2.50500e+03   0.00000e+00   0.00000e+00   -5.11456e-03   0.00000e+00   0.00000e+00   1.66845e-08   0.00000e+00
2.51500e+03   0.00000e+00   0.00000e+00   -5.10062e-03   0.00000e+00   0.00000e+00   1.65940e-08   0.00000e+00
2.52500e+03   0.00000e+00   0.00000e+00   -5.08443e-03   0.00000e+00   0.00000e+00   1.65043e-08   0.00000e+00
2.53500e+03   0.00000e+00   0.00000e+00   -5.06622e-03   0.00000e+00   0.00000e+00   1.64165e-08   0.00000e+00
2.54500e+03   0.00000e+00   0.00000e+00   -5.04633e-03   0.00000e+00   0.00000e+00   1.63314e-08   0.00000e+00
2.55500e+03   0.00000e+00   0.00000e+00   -5.02525e-03   0.00000e+00   0.00000e+00   1.62500e-08   0.00000e+00
2.56500e+03   0.00000e+00   0.00000e+00   -5.00349e-03   0.00000e+00   0.00000e+00   1.61729e-08   0.00000e+00
2.57500e+03   0.00000e+00   0.00000e+00   -4.98163e-03   0.00000e+00   0.00000e+00   1.61010e-08   0.00000e+00
2.58500e+03   0.00000e+00   0.00000e+00   -4.96021e-03   0.00000e+00   0.00000e+00   1.60346e-08   0.00000e+00
2.59500e+03   0.00000e+00   0.00000e+00   -4.93971e-03   0.00000e+00   0.00000e+00   1.59743e-08   0.00000e+00
2.60500e+03   0.00000e+00   0.00000e+00   -4.92056e-03   0.00000e+00   0.00000e+00   1.59204e-08   0.00000e+00
2.61500e+03   0.00000e+00   0.00000e+00   -4.90307e-03   0.00000e+00   0.00000e+00   1.58729e-08   0.00000e+00
2.62500e+03   0.00000e+00   0.00000e+00   -4.88741e-03   0.00000e+00   0.00000e+00   1.58321e-08   0.00000e+00
2.63500e+03   0.00000e+00   0.00000e+00   -4.87363e-03   0.00000e+00   0.00000e+00   1.57978e-08   0.00000e+00
2.64500e+03   0.00000e+00   0.00000e+00   -4.86161e-03   0.00000e+00   0.00000e+00   1.57699e-08   0.00000e+00
2.65500e+03   0.00000e+00   0.00000e+00   -4.85113e-03   0.00000e+00   0.00000e+00   1.57479e-08   0.00000e+00
2.66500e+03   0.00000e+00   0.00000e+00   -4.84179e-03   0.00000e+00   0.00000e+00   1.57313e-08   0.00000e+00
2.67500e+03   0.00000e+00   0.00000e+00   -4.83313e-03   0.00000e+00   0.00000e+00   1.57196e-08   0.00000e+00
2.68500e+03   0.00000e+00   0.00000e+00   -4.82455e-03   0.00000e+00   0.00000e+00   1.57118e-08   0.00000e+00
2.69500e+03   0.00000e+00   0.00000e+00   -4.81544e-03   0.00000e+00   0.00000e+00   1.57071e-08   0.00000e+00
2.70500e+03   0.00000e+00   0.00000e+00   -4.80514e-03   0.00000e+00   0.00000e+00   1.57042e-08   0.00000e+00
2.71500e+03   0.00000e+00   0.00000e+00   -4.79301e-03   0.00000e+00   0.00000e+00   1.57019e-08   0.00000e+00
2.72500e+03   0.00000e+00   0.00000e+00   -4.77850e-03   0.00000e+00   0.00000e+00   1.56986e-08   0.00000e+00
2.73500e+03   0.00000e+00   0.00000e+00   -4.76110e-03   0.00000e+00   0.00000e+00   1.56927e-08   0.00000e+00
2.74500e+03   0.00000e+00   0.00000e+00   -4.74050e-03   0.00000e+00   0.00000e+00   1.56822e-08   0.00000e+00
2.75500e+03   0.00000e+00   0.00000e+00   -4.71653e-03   0.00000e+00   0.00000e+00   1.56651e-08   0.00000e+00
2.76500e+03   0.00000e+00   0.00000e+00   -4.68919e-03   0.00000e+00   0.00000e+00   1.56390e-08   0.00000e+00
2.77500e+03   0.00000e+00   0.00000e+00   -4.65875e-03   0.00000e+00   0.00000e+00   1.56016e-08   0.00000e+00
2.78500e+03   0.00000e+00   0.00000e+00   -4.62563e-03   0.00000e+00   0.00000e+00   1.55501e-08   0.00000e+00
2.79500e+03   0.00000e+00   0.00000e+00   -4.59049e-03   0.00000e+00   0.00000e+00   1.54814e-08   0.00000e+00
2.80500e+03   0.00000e+00   0.00000e+00   -4.55411e-03   0.00000e+00   0.00000e+00   1.53926e-08   0.00000e+00
2.81500e+03   0.00000e+00   0.00000e+00   -4.51740e-03   0.00000e+00   0.00000e+00   1.52801e-08   0.00000e+00
2.82500e+03   0.00000e+00   0.00000e+00   -4.48124e-03   0.00000e+00   0.00000e+00   1.51403e-08   0.00000e+00
2.83500e+03   0.00000e+00   0.00000e+00   -4.44641e-03   0.00000e+00   0.00000e+00   1.49693e-08   0.00000e+00
2.84500e+03   0.00000e+00   0.00000e+00   -4.41337e-03   0.00000e+00   0.00000e+00   1.47630e-08   0.00000e+00
2.85500e+03   0.00000e+00   0.00000e+00   -4.38212e-03   0.00000e+00   0.00000e+00   1.45169e-08   0.00000e+00
2.86500e+03   0.00000e+00   0.00000e+00   -4.35186e-03   0.00000e+00   0.00000e+00   1.42263e-08   0.00000e+00
2.87500e+03   0.00000e+00   0.00000e+00   -4.32077e-03   0.00000e+00   0.00000e+00   1.38863e-08   0.00000e+00
2.88500e+03   0.00000e+00   0.00000e+00   -4.28554e-03   0.00000e+00   0.00000e+00   1.34916e-08   0.00000e+00
2.89500e+03   0.00000e+00   0.00000e+00   -4.24099e-03   0.00000e+00   0.00000e+00   1.30366e-08   0.00000e+00
2.90500e+03   0.00000e+00   0.00000e+00   -4.17956e-03   0.00000e+00   0.00000e+00   1.25155e-08   0.00000e+00
2.91500e+03   0.00000e+00   0.00000e+00   -4.09068e-03   0.00000e+00   0.00000e+00   1.19222e-08   0.00000e+00
2.92500e+03   0.00000e+00   0.00000e+00   -3.96011e-03   0.00000e+00   0.00000e+00   1.12326e-08   0.00000e+00
2.93500e+03   0.00000e+00   0.00000e+00   -3.76916e-03   0.00000e+00   0.00000e+00   1.04581e-08   0.00000e+00
2.94500e+03   0.00000e+00   0.00000e+00   -3.49382e-03   0.00000e+00   0.00000e+00   9.61124e-09   0.00000e+00
2.95500e+03   0.00000e+00   0.00000e+00   -3.10377e-03   0.00000e+00   0.00000e+00   8.70608e-09   0.00000e+00
2.96500e+03   0.00000e+00   0.00000e+00   -2.68044e-03   0.00000e+00   0.00000e+00   7.45252e-09   0.00000e+00
2.97500e+03   0.00000e+00   0.00000e+00   -2.26213e-03   0.00000e+00   0.00000e+00   6.25941e-09   0.00000e+00
2.98500e+03   0.00000e+00   0.00000e+00   -1.85199e-03   0.00000e+00   0.00000e+00   5.13484e-09   0.00000e+00
2.99500e+03   0.00000e+00   0.00000e+00   0.00000e+00   0.00000e+00   0.00000e+00   0.00000e+00   0.00000e+00 
