 Stratocumulus Benin DACCIWA IOP3 
 time    wsv(1)     wsv(2) etc 
  [s]      []     []  
00000.0000   00000.0000   00000.0000  00000.00000
172800.000   00000.0000   00000.0000  00000.00000
 Stratocumulus Benin DACCIWA IOP3 
 height    sv(1)     sv(2) etc 
  [s]      []     [] 
  # 172800 
00005.0000   00000.0000   00000.00000   00000.00000
00015.0000   00000.0000   00000.00000   00000.00000
00025.0000   00000.0000   00000.00000   00000.00000
00035.0000   00000.0000   00000.00000   00000.00000
00045.0000   00000.0000   00000.00000   00000.00000
00055.0000   00000.0000   00000.00000   00000.00000
00065.0000   00000.0000   00000.00000   00000.00000
00075.0000   00000.0000   00000.00000   00000.00000
00085.0000   00000.0000   00000.00000   00000.00000
00095.0000   00000.0000   00000.00000   00000.00000
00105.0000   00000.0000   00000.00000   00000.00000
00115.0000   00000.0000   00000.00000   00000.00000
00125.0000   00000.0000   00000.00000   00000.00000
00135.0000   00000.0000   00000.00000   00000.00000
00145.0000   00000.0000   00000.00000   00000.00000
00155.0000   00000.0000   00000.00000   00000.00000
00165.0000   00000.0000   00000.00000   00000.00000
00175.0000   00000.0000   00000.00000   00000.00000
00185.0000   00000.0000   00000.00000   00000.00000
00195.0000   00000.0000   00000.00000   00000.00000
00205.0000   00000.0000   00000.00000   00000.00000
00215.0000   00000.0000   00000.00000   00000.00000
00225.0000   00000.0000   00000.00000   00000.00000
00235.0000   00000.0000   00000.00000   00000.00000
00245.0000   00000.0000   00000.00000   00000.00000
00255.0000   00000.0000   00000.00000   00000.00000
00265.0000   00000.0000   00000.00000   00000.00000
00275.0000   00000.0000   00000.00000   00000.00000
00285.0000   00000.0000   00000.00000   00000.00000
00295.0000   00000.0000   00000.00000   00000.00000
00305.0000   00000.0000   00000.00000   00000.00000
00315.0000   00000.0000   00000.00000   00000.00000
00325.0000   00000.0000   00000.00000   00000.00000
00335.0000   00000.0000   00000.00000   00000.00000
00345.0000   00000.0000   00000.00000   00000.00000
00355.0000   00000.0000   00000.00000   00000.00000
00365.0000   00000.0000   00000.00000   00000.00000
00375.0000   00000.0000   00000.00000   00000.00000
00385.0000   00000.0000   00000.00000   00000.00000
00395.0000   00000.0000   00000.00000   00000.00000
00405.0000   00000.0000   00000.00000   00000.00000
00415.0000   00000.0000   00000.00000   00000.00000
00425.0000   00000.0000   00000.00000   00000.00000
00435.0000   00000.0000   00000.00000   00000.00000
00445.0000   00000.0000   00000.00000   00000.00000
00455.0000   00000.0000   00000.00000   00000.00000
00465.0000   00000.0000   00000.00000   00000.00000
00475.0000   00000.0000   00000.00000   00000.00000
00485.0000   00000.0000   00000.00000   00000.00000
00495.0000   00000.0000   00000.00000   00000.00000
00505.0000   00000.0000   00000.00000   00000.00000
00515.0000   00000.0000   00000.00000   00000.00000
00525.0000   00000.0000   00000.00000   00000.00000
00535.0000   00000.0000   00000.00000   00000.00000
00545.0000   00000.0000   00000.00000   00000.00000
00555.0000   00000.0000   00000.00000   00000.00000
00565.0000   00000.0000   00000.00000   00000.00000
00575.0000   00000.0000   00000.00000   00000.00000
00585.0000   00000.0000   00000.00000   00000.00000
00595.0000   00000.0000   00000.00000   00000.00000
00605.0000   00000.0000   00000.00000   00000.00000
00615.0000   00000.0000   00000.00000   00000.00000
00625.0000   00000.0000   00000.00000   00000.00000
00635.0000   00000.0000   00000.00000   00000.00000
00645.0000   00000.0000   00000.00000   00000.00000
00655.0000   00000.0000   00000.00000   00000.00000
00665.0000   00000.0000   00000.00000   00000.00000
00675.0000   00000.0000   00000.00000   00000.00000
00685.0000   00000.0000   00000.00000   00000.00000
00695.0000   00000.0000   00000.00000   00000.00000
00705.0000   00000.0000   00000.00000   00000.00000
00715.0000   00000.0000   00000.00000   00000.00000
00725.0000   00000.0000   00000.00000   00000.00000
00735.0000   00000.0000   00000.00000   00000.00000
00745.0000   00000.0000   00000.00000   00000.00000
00755.0000   00000.0000   00000.00000   00000.00000
00765.0000   00000.0000   00000.00000   00000.00000
00775.0000   00000.0000   00000.00000   00000.00000
00785.0000   00000.0000   00000.00000   00000.00000
00795.0000   00000.0000   00000.00000   00000.00000
00805.0000   00000.0000   00000.00000   00000.00000
00815.0000   00000.0000   00000.00000   00000.00000
00825.0000   00000.0000   00000.00000   00000.00000
00835.0000   00000.0000   00000.00000   00000.00000
00845.0000   00000.0000   00000.00000   00000.00000
00855.0000   00000.0000   00000.00000   00000.00000
00865.0000   00000.0000   00000.00000   00000.00000
00875.0000   00000.0000   00000.00000   00000.00000
00885.0000   00000.0000   00000.00000   00000.00000
00895.0000   00000.0000   00000.00000   00000.00000
00905.0000   00000.0000   00000.00000   00000.00000
00915.0000   00000.0000   00000.00000   00000.00000
00925.0000   00000.0000   00000.00000   00000.00000
00935.0000   00000.0000   00000.00000   00000.00000
00945.0000   00000.0000   00000.00000   00000.00000
00955.0000   00000.0000   00000.00000   00000.00000
00965.0000   00000.0000   00000.00000   00000.00000
00975.0000   00000.0000   00000.00000   00000.00000
00985.0000   00000.0000   00000.00000   00000.00000
00995.0000   00000.0000   00000.00000   00000.00000
01005.0000   00000.0000   00000.00000   00000.00000
01015.0000   00000.0000   00000.00000   00000.00000
01025.0000   00000.0000   00000.00000   00000.00000
01035.0000   00000.0000   00000.00000   00000.00000
01045.0000   00000.0000   00000.00000   00000.00000
01055.0000   00000.0000   00000.00000   00000.00000
01065.0000   00000.0000   00000.00000   00000.00000
01075.0000   00000.0000   00000.00000   00000.00000
01085.0000   00000.0000   00000.00000   00000.00000
01095.0000   00000.0000   00000.00000   00000.00000
01105.0000   00000.0000   00000.00000   00000.00000
01115.0000   00000.0000   00000.00000   00000.00000
01125.0000   00000.0000   00000.00000   00000.00000
01135.0000   00000.0000   00000.00000   00000.00000
01145.0000   00000.0000   00000.00000   00000.00000
01155.0000   00000.0000   00000.00000   00000.00000
01165.0000   00000.0000   00000.00000   00000.00000
01175.0000   00000.0000   00000.00000   00000.00000
01185.0000   00000.0000   00000.00000   00000.00000
01195.0000   00000.0000   00000.00000   00000.00000
01205.0000   00000.0000   00000.00000   00000.00000
01215.0000   00000.0000   00000.00000   00000.00000
01225.0000   00000.0000   00000.00000   00000.00000
01235.0000   00000.0000   00000.00000   00000.00000
01245.0000   00000.0000   00000.00000   00000.00000
01255.0000   00000.0000   00000.00000   00000.00000
01265.0000   00000.0000   00000.00000   00000.00000
01275.0000   00000.0000   00000.00000   00000.00000
01285.0000   00000.0000   00000.00000   00000.00000
01295.0000   00000.0000   00000.00000   00000.00000
01305.0000   00000.0000   00000.00000   00000.00000
01315.0000   00000.0000   00000.00000   00000.00000
01325.0000   00000.0000   00000.00000   00000.00000
01335.0000   00000.0000   00000.00000   00000.00000
01345.0000   00000.0000   00000.00000   00000.00000
01355.0000   00000.0000   00000.00000   00000.00000
01365.0000   00000.0000   00000.00000   00000.00000
01375.0000   00000.0000   00000.00000   00000.00000
01385.0000   00000.0000   00000.00000   00000.00000
01395.0000   00000.0000   00000.00000   00000.00000
01405.0000   00000.0000   00000.00000   00000.00000
01415.0000   00000.0000   00000.00000   00000.00000
01425.0000   00000.0000   00000.00000   00000.00000
01435.0000   00000.0000   00000.00000   00000.00000
01445.0000   00000.0000   00000.00000   00000.00000
01455.0000   00000.0000   00000.00000   00000.00000
01465.0000   00000.0000   00000.00000   00000.00000
01475.0000   00000.0000   00000.00000   00000.00000
01485.0000   00000.0000   00000.00000   00000.00000
01495.0000   00000.0000   00000.00000   00000.00000
01505.0000   00000.0000   00000.00000   00000.00000
01515.0000   00000.0000   00000.00000   00000.00000
01525.0000   00000.0000   00000.00000   00000.00000
01535.0000   00000.0000   00000.00000   00000.00000
01545.0000   00000.0000   00000.00000   00000.00000
01555.0000   00000.0000   00000.00000   00000.00000
01565.0000   00000.0000   00000.00000   00000.00000
01575.0000   00000.0000   00000.00000   00000.00000
01585.0000   00000.0000   00000.00000   00000.00000
01595.0000   00000.0000   00000.00000   00000.00000
01605.0000   00000.0000   00000.00000   00000.00000
01615.0000   00000.0000   00000.00000   00000.00000
01625.0000   00000.0000   00000.00000   00000.00000
01635.0000   00000.0000   00000.00000   00000.00000
01645.0000   00000.0000   00000.00000   00000.00000
01655.0000   00000.0000   00000.00000   00000.00000
01665.0000   00000.0000   00000.00000   00000.00000
01675.0000   00000.0000   00000.00000   00000.00000
01685.0000   00000.0000   00000.00000   00000.00000
01695.0000   00000.0000   00000.00000   00000.00000
01705.0000   00000.0000   00000.00000   00000.00000
01715.0000   00000.0000   00000.00000   00000.00000
01725.0000   00000.0000   00000.00000   00000.00000
01735.0000   00000.0000   00000.00000   00000.00000
01745.0000   00000.0000   00000.00000   00000.00000
01755.0000   00000.0000   00000.00000   00000.00000
01765.0000   00000.0000   00000.00000   00000.00000
01775.0000   00000.0000   00000.00000   00000.00000
01785.0000   00000.0000   00000.00000   00000.00000
01795.0000   00000.0000   00000.00000   00000.00000
01805.0000   00000.0000   00000.00000   00000.00000
01815.0000   00000.0000   00000.00000   00000.00000
01825.0000   00000.0000   00000.00000   00000.00000
01835.0000   00000.0000   00000.00000   00000.00000
01845.0000   00000.0000   00000.00000   00000.00000
01855.0000   00000.0000   00000.00000   00000.00000
01865.0000   00000.0000   00000.00000   00000.00000
01875.0000   00000.0000   00000.00000   00000.00000
01885.0000   00000.0000   00000.00000   00000.00000
01895.0000   00000.0000   00000.00000   00000.00000
01905.0000   00000.0000   00000.00000   00000.00000
01915.0000   00000.0000   00000.00000   00000.00000
01925.0000   00000.0000   00000.00000   00000.00000
01935.0000   00000.0000   00000.00000   00000.00000
01945.0000   00000.0000   00000.00000   00000.00000
01955.0000   00000.0000   00000.00000   00000.00000
01965.0000   00000.0000   00000.00000   00000.00000
01975.0000   00000.0000   00000.00000   00000.00000
01985.0000   00000.0000   00000.00000   00000.00000
01995.0000   00000.0000   00000.00000   00000.00000
02005.0000   00000.0000   00000.00000   00000.00000
02015.0000   00000.0000   00000.00000   00000.00000
02025.0000   00000.0000   00000.00000   00000.00000
02035.0000   00000.0000   00000.00000   00000.00000
02045.0000   00000.0000   00000.00000   00000.00000
02055.0000   00000.0000   00000.00000   00000.00000
02065.0000   00000.0000   00000.00000   00000.00000
02075.0000   00000.0000   00000.00000   00000.00000
02085.0000   00000.0000   00000.00000   00000.00000
02095.0000   00000.0000   00000.00000   00000.00000
02105.0000   00000.0000   00000.00000   00000.00000
02115.0000   00000.0000   00000.00000   00000.00000
02125.0000   00000.0000   00000.00000   00000.00000
02135.0000   00000.0000   00000.00000   00000.00000
02145.0000   00000.0000   00000.00000   00000.00000
02155.0000   00000.0000   00000.00000   00000.00000
02165.0000   00000.0000   00000.00000   00000.00000
02175.0000   00000.0000   00000.00000   00000.00000
02185.0000   00000.0000   00000.00000   00000.00000
02195.0000   00000.0000   00000.00000   00000.00000
02205.0000   00000.0000   00000.00000   00000.00000
02215.0000   00000.0000   00000.00000   00000.00000
02225.0000   00000.0000   00000.00000   00000.00000
02235.0000   00000.0000   00000.00000   00000.00000
02245.0000   00000.0000   00000.00000   00000.00000
02255.0000   00000.0000   00000.00000   00000.00000
02265.0000   00000.0000   00000.00000   00000.00000
02275.0000   00000.0000   00000.00000   00000.00000
02285.0000   00000.0000   00000.00000   00000.00000
02295.0000   00000.0000   00000.00000   00000.00000
02305.0000   00000.0000   00000.00000   00000.00000
02315.0000   00000.0000   00000.00000   00000.00000
02325.0000   00000.0000   00000.00000   00000.00000
02335.0000   00000.0000   00000.00000   00000.00000
02345.0000   00000.0000   00000.00000   00000.00000
02355.0000   00000.0000   00000.00000   00000.00000
02365.0000   00000.0000   00000.00000   00000.00000
02375.0000   00000.0000   00000.00000   00000.00000
02385.0000   00000.0000   00000.00000   00000.00000
02395.0000   00000.0000   00000.00000   00000.00000
02405.0000   00000.0000   00000.00000   00000.00000
02415.0000   00000.0000   00000.00000   00000.00000
02425.0000   00000.0000   00000.00000   00000.00000
02435.0000   00000.0000   00000.00000   00000.00000
02445.0000   00000.0000   00000.00000   00000.00000
02455.0000   00000.0000   00000.00000   00000.00000
02465.0000   00000.0000   00000.00000   00000.00000
02475.0000   00000.0000   00000.00000   00000.00000
02485.0000   00000.0000   00000.00000   00000.00000
02495.0000   00000.0000   00000.00000   00000.00000
02505.0000   00000.0000   00000.00000   00000.00000
02515.0000   00000.0000   00000.00000   00000.00000
02525.0000   00000.0000   00000.00000   00000.00000
02535.0000   00000.0000   00000.00000   00000.00000
02545.0000   00000.0000   00000.00000   00000.00000
02555.0000   00000.0000   00000.00000   00000.00000
02565.0000   00000.0000   00000.00000   00000.00000
02575.0000   00000.0000   00000.00000   00000.00000
02585.0000   00000.0000   00000.00000   00000.00000
02595.0000   00000.0000   00000.00000   00000.00000
02605.0000   00000.0000   00000.00000   00000.00000
02615.0000   00000.0000   00000.00000   00000.00000
02625.0000   00000.0000   00000.00000   00000.00000
02635.0000   00000.0000   00000.00000   00000.00000
02645.0000   00000.0000   00000.00000   00000.00000
02655.0000   00000.0000   00000.00000   00000.00000
02665.0000   00000.0000   00000.00000   00000.00000
02675.0000   00000.0000   00000.00000   00000.00000
02685.0000   00000.0000   00000.00000   00000.00000
02695.0000   00000.0000   00000.00000   00000.00000
02705.0000   00000.0000   00000.00000   00000.00000
02715.0000   00000.0000   00000.00000   00000.00000
02725.0000   00000.0000   00000.00000   00000.00000
02735.0000   00000.0000   00000.00000   00000.00000
02745.0000   00000.0000   00000.00000   00000.00000
02755.0000   00000.0000   00000.00000   00000.00000
02765.0000   00000.0000   00000.00000   00000.00000
02775.0000   00000.0000   00000.00000   00000.00000
02785.0000   00000.0000   00000.00000   00000.00000
02795.0000   00000.0000   00000.00000   00000.00000
02805.0000   00000.0000   00000.00000   00000.00000
02815.0000   00000.0000   00000.00000   00000.00000
02825.0000   00000.0000   00000.00000   00000.00000
02835.0000   00000.0000   00000.00000   00000.00000
02845.0000   00000.0000   00000.00000   00000.00000
02855.0000   00000.0000   00000.00000   00000.00000
02865.0000   00000.0000   00000.00000   00000.00000
02875.0000   00000.0000   00000.00000   00000.00000
02885.0000   00000.0000   00000.00000   00000.00000
02895.0000   00000.0000   00000.00000   00000.00000
02905.0000   00000.0000   00000.00000   00000.00000
02915.0000   00000.0000   00000.00000   00000.00000
02925.0000   00000.0000   00000.00000   00000.00000
02935.0000   00000.0000   00000.00000   00000.00000
02945.0000   00000.0000   00000.00000   00000.00000
02955.0000   00000.0000   00000.00000   00000.00000
02965.0000   00000.0000   00000.00000   00000.00000
02975.0000   00000.0000   00000.00000   00000.00000
02985.0000   00000.0000   00000.00000   00000.00000
02995.0000   00000.0000   00000.00000   00000.00000
