# #Input file large scale forcing 
#   #height ug    vg    wfls   dqtdxls   dqtdyls  dqtdtls   dthlrad
2.00000e+00   3.00000e+00   0.00000e+00   -3.52158e-05   0.00000e+00   0.00000e+00   0.00000e+00   0.00000e+00
6.00000e+00   3.00000e+00   0.00000e+00   -1.04947e-04   0.00000e+00   0.00000e+00   0.00000e+00   0.00000e+00
1.00000e+01   3.00000e+00   0.00000e+00   -1.73755e-04   0.00000e+00   0.00000e+00   0.00000e+00   0.00000e+00
1.40000e+01   3.00000e+00   0.00000e+00   -2.41651e-04   0.00000e+00   0.00000e+00   0.00000e+00   0.00000e+00
1.80000e+01   3.00000e+00   0.00000e+00   -3.08648e-04   0.00000e+00   0.00000e+00   0.00000e+00   0.00000e+00
2.20000e+01   3.00000e+00   0.00000e+00   -3.74758e-04   0.00000e+00   0.00000e+00   0.00000e+00   0.00000e+00
2.60000e+01   3.00000e+00   0.00000e+00   -4.39992e-04   0.00000e+00   0.00000e+00   0.00000e+00   0.00000e+00
3.00000e+01   3.00000e+00   0.00000e+00   -5.04362e-04   0.00000e+00   0.00000e+00   0.00000e+00   0.00000e+00
3.40000e+01   3.00000e+00   0.00000e+00   -5.67879e-04   0.00000e+00   0.00000e+00   0.00000e+00   0.00000e+00
3.80000e+01   3.00000e+00   0.00000e+00   -6.30555e-04   0.00000e+00   0.00000e+00   0.00000e+00   0.00000e+00
4.20000e+01   3.00000e+00   0.00000e+00   -6.92401e-04   0.00000e+00   0.00000e+00   0.00000e+00   0.00000e+00
4.60000e+01   3.00000e+00   0.00000e+00   -7.53428e-04   0.00000e+00   0.00000e+00   0.00000e+00   0.00000e+00
5.00000e+01   3.00000e+00   0.00000e+00   -8.13647e-04   0.00000e+00   0.00000e+00   0.00000e+00   0.00000e+00
5.40000e+01   3.00000e+00   0.00000e+00   -8.73068e-04   0.00000e+00   0.00000e+00   0.00000e+00   0.00000e+00
5.80000e+01   3.00000e+00   0.00000e+00   -9.31702e-04   0.00000e+00   0.00000e+00   0.00000e+00   0.00000e+00
6.20000e+01   3.00000e+00   0.00000e+00   -9.89559e-04   0.00000e+00   0.00000e+00   0.00000e+00   0.00000e+00
6.60000e+01   3.00000e+00   0.00000e+00   -1.04665e-03   0.00000e+00   0.00000e+00   0.00000e+00   0.00000e+00
7.00000e+01   3.00000e+00   0.00000e+00   -1.10299e-03   0.00000e+00   0.00000e+00   0.00000e+00   0.00000e+00
7.40000e+01   3.00000e+00   0.00000e+00   -1.15857e-03   0.00000e+00   0.00000e+00   0.00000e+00   0.00000e+00
7.80000e+01   3.00000e+00   0.00000e+00   -1.21343e-03   0.00000e+00   0.00000e+00   0.00000e+00   0.00000e+00
8.20000e+01   3.00000e+00   0.00000e+00   -1.26755e-03   0.00000e+00   0.00000e+00   0.00000e+00   0.00000e+00
8.60000e+01   3.00000e+00   0.00000e+00   -1.32096e-03   0.00000e+00   0.00000e+00   0.00000e+00   0.00000e+00
9.00000e+01   3.00000e+00   0.00000e+00   -1.37366e-03   0.00000e+00   0.00000e+00   0.00000e+00   0.00000e+00
9.40000e+01   3.00000e+00   0.00000e+00   -1.42567e-03   0.00000e+00   0.00000e+00   0.00000e+00   0.00000e+00
9.80000e+01   3.00000e+00   0.00000e+00   -1.47698e-03   0.00000e+00   0.00000e+00   0.00000e+00   0.00000e+00
1.02000e+02   3.00000e+00   0.00000e+00   -1.52762e-03   0.00000e+00   0.00000e+00   0.00000e+00   0.00000e+00
1.06000e+02   3.00000e+00   0.00000e+00   -1.57758e-03   0.00000e+00   0.00000e+00   0.00000e+00   0.00000e+00
1.10000e+02   3.00000e+00   0.00000e+00   -1.62688e-03   0.00000e+00   0.00000e+00   0.00000e+00   0.00000e+00
1.14000e+02   3.00000e+00   0.00000e+00   -1.67553e-03   0.00000e+00   0.00000e+00   0.00000e+00   0.00000e+00
1.18000e+02   3.00000e+00   0.00000e+00   -1.72354e-03   0.00000e+00   0.00000e+00   0.00000e+00   0.00000e+00
1.22000e+02   3.00000e+00   0.00000e+00   -1.77091e-03   0.00000e+00   0.00000e+00   0.00000e+00   0.00000e+00
1.26000e+02   3.00000e+00   0.00000e+00   -1.81765e-03   0.00000e+00   0.00000e+00   0.00000e+00   0.00000e+00
1.30000e+02   3.00000e+00   0.00000e+00   -1.86377e-03   0.00000e+00   0.00000e+00   0.00000e+00   0.00000e+00
1.34000e+02   3.00000e+00   0.00000e+00   -1.90929e-03   0.00000e+00   0.00000e+00   0.00000e+00   0.00000e+00
1.38000e+02   3.00000e+00   0.00000e+00   -1.95420e-03   0.00000e+00   0.00000e+00   0.00000e+00   0.00000e+00
1.42000e+02   3.00000e+00   0.00000e+00   -1.99851e-03   0.00000e+00   0.00000e+00   0.00000e+00   0.00000e+00
1.46000e+02   3.00000e+00   0.00000e+00   -2.04224e-03   0.00000e+00   0.00000e+00   0.00000e+00   0.00000e+00
1.50000e+02   3.00000e+00   0.00000e+00   -2.08539e-03   0.00000e+00   0.00000e+00   0.00000e+00   0.00000e+00
1.54000e+02   3.00000e+00   0.00000e+00   -2.12796e-03   0.00000e+00   0.00000e+00   0.00000e+00   0.00000e+00
1.58000e+02   3.00000e+00   0.00000e+00   -2.16998e-03   0.00000e+00   0.00000e+00   0.00000e+00   0.00000e+00
1.62000e+02   3.00000e+00   0.00000e+00   -2.21143e-03   0.00000e+00   0.00000e+00   0.00000e+00   0.00000e+00
1.66000e+02   3.00000e+00   0.00000e+00   -2.25234e-03   0.00000e+00   0.00000e+00   0.00000e+00   0.00000e+00
1.70000e+02   3.00000e+00   0.00000e+00   -2.29271e-03   0.00000e+00   0.00000e+00   0.00000e+00   0.00000e+00
1.74000e+02   3.00000e+00   0.00000e+00   -2.33254e-03   0.00000e+00   0.00000e+00   0.00000e+00   0.00000e+00
1.78000e+02   3.00000e+00   0.00000e+00   -2.37184e-03   0.00000e+00   0.00000e+00   0.00000e+00   0.00000e+00
1.82000e+02   3.00000e+00   0.00000e+00   -2.41063e-03   0.00000e+00   0.00000e+00   0.00000e+00   0.00000e+00
1.86000e+02   3.00000e+00   0.00000e+00   -2.44889e-03   0.00000e+00   0.00000e+00   0.00000e+00   0.00000e+00
1.90000e+02   3.00000e+00   0.00000e+00   -2.48666e-03   0.00000e+00   0.00000e+00   0.00000e+00   0.00000e+00
1.94000e+02   3.00000e+00   0.00000e+00   -2.52392e-03   0.00000e+00   0.00000e+00   0.00000e+00   0.00000e+00
1.98000e+02   3.00000e+00   0.00000e+00   -2.56069e-03   0.00000e+00   0.00000e+00   0.00000e+00   0.00000e+00
2.02000e+02   3.00000e+00   0.00000e+00   -2.59697e-03   0.00000e+00   0.00000e+00   0.00000e+00   0.00000e+00
2.06000e+02   3.00000e+00   0.00000e+00   -2.63277e-03   0.00000e+00   0.00000e+00   0.00000e+00   0.00000e+00
2.10000e+02   3.00000e+00   0.00000e+00   -2.66810e-03   0.00000e+00   0.00000e+00   0.00000e+00   0.00000e+00
2.14000e+02   3.00000e+00   0.00000e+00   -2.70296e-03   0.00000e+00   0.00000e+00   0.00000e+00   0.00000e+00
2.18000e+02   3.00000e+00   0.00000e+00   -2.73735e-03   0.00000e+00   0.00000e+00   0.00000e+00   0.00000e+00
2.22000e+02   3.00000e+00   0.00000e+00   -2.77130e-03   0.00000e+00   0.00000e+00   0.00000e+00   0.00000e+00
2.26000e+02   3.00000e+00   0.00000e+00   -2.80479e-03   0.00000e+00   0.00000e+00   0.00000e+00   0.00000e+00
2.30000e+02   3.00000e+00   0.00000e+00   -2.83784e-03   0.00000e+00   0.00000e+00   0.00000e+00   0.00000e+00
2.34000e+02   3.00000e+00   0.00000e+00   -2.87045e-03   0.00000e+00   0.00000e+00   0.00000e+00   0.00000e+00
2.38000e+02   3.00000e+00   0.00000e+00   -2.90263e-03   0.00000e+00   0.00000e+00   0.00000e+00   0.00000e+00
2.42000e+02   3.00000e+00   0.00000e+00   -2.93438e-03   0.00000e+00   0.00000e+00   0.00000e+00   0.00000e+00
2.46000e+02   3.00000e+00   0.00000e+00   -2.96571e-03   0.00000e+00   0.00000e+00   0.00000e+00   0.00000e+00
2.50000e+02   3.00000e+00   0.00000e+00   -2.99663e-03   0.00000e+00   0.00000e+00   0.00000e+00   0.00000e+00
2.54000e+02   3.00000e+00   0.00000e+00   -3.02714e-03   0.00000e+00   0.00000e+00   0.00000e+00   0.00000e+00
2.58000e+02   3.00000e+00   0.00000e+00   -3.05724e-03   0.00000e+00   0.00000e+00   0.00000e+00   0.00000e+00
2.62000e+02   3.00000e+00   0.00000e+00   -3.08695e-03   0.00000e+00   0.00000e+00   0.00000e+00   0.00000e+00
2.66000e+02   3.00000e+00   0.00000e+00   -3.11626e-03   0.00000e+00   0.00000e+00   0.00000e+00   0.00000e+00
2.70000e+02   3.00000e+00   0.00000e+00   -3.14518e-03   0.00000e+00   0.00000e+00   0.00000e+00   0.00000e+00
2.74000e+02   3.00000e+00   0.00000e+00   -3.17372e-03   0.00000e+00   0.00000e+00   0.00000e+00   0.00000e+00
2.78000e+02   3.00000e+00   0.00000e+00   -3.20188e-03   0.00000e+00   0.00000e+00   0.00000e+00   0.00000e+00
2.82000e+02   3.00000e+00   0.00000e+00   -3.22967e-03   0.00000e+00   0.00000e+00   0.00000e+00   0.00000e+00
2.86000e+02   3.00000e+00   0.00000e+00   -3.25709e-03   0.00000e+00   0.00000e+00   0.00000e+00   0.00000e+00
2.90000e+02   3.00000e+00   0.00000e+00   -3.28415e-03   0.00000e+00   0.00000e+00   0.00000e+00   0.00000e+00
2.94000e+02   3.00000e+00   0.00000e+00   -3.31085e-03   0.00000e+00   0.00000e+00   0.00000e+00   0.00000e+00
2.98000e+02   3.00000e+00   0.00000e+00   -3.33720e-03   0.00000e+00   0.00000e+00   0.00000e+00   0.00000e+00
3.02000e+02   3.00000e+00   0.00000e+00   -3.36319e-03   0.00000e+00   0.00000e+00   0.00000e+00   0.00000e+00
3.06000e+02   3.00000e+00   0.00000e+00   -3.38885e-03   0.00000e+00   0.00000e+00   0.00000e+00   0.00000e+00
3.10000e+02   3.00000e+00   0.00000e+00   -3.41416e-03   0.00000e+00   0.00000e+00   0.00000e+00   0.00000e+00
3.14000e+02   3.00000e+00   0.00000e+00   -3.43914e-03   0.00000e+00   0.00000e+00   0.00000e+00   0.00000e+00
3.18000e+02   3.00000e+00   0.00000e+00   -3.46378e-03   0.00000e+00   0.00000e+00   0.00000e+00   0.00000e+00
3.22000e+02   3.00000e+00   0.00000e+00   -3.48810e-03   0.00000e+00   0.00000e+00   0.00000e+00   0.00000e+00
3.26000e+02   3.00000e+00   0.00000e+00   -3.51210e-03   0.00000e+00   0.00000e+00   0.00000e+00   0.00000e+00
3.30000e+02   3.00000e+00   0.00000e+00   -3.53578e-03   0.00000e+00   0.00000e+00   0.00000e+00   0.00000e+00
3.34000e+02   3.00000e+00   0.00000e+00   -3.55915e-03   0.00000e+00   0.00000e+00   0.00000e+00   0.00000e+00
3.38000e+02   3.00000e+00   0.00000e+00   -3.58221e-03   0.00000e+00   0.00000e+00   0.00000e+00   0.00000e+00
3.42000e+02   3.00000e+00   0.00000e+00   -3.60496e-03   0.00000e+00   0.00000e+00   0.00000e+00   0.00000e+00
3.46000e+02   3.00000e+00   0.00000e+00   -3.62741e-03   0.00000e+00   0.00000e+00   0.00000e+00   0.00000e+00
3.50000e+02   3.00000e+00   0.00000e+00   -3.64956e-03   0.00000e+00   0.00000e+00   0.00000e+00   0.00000e+00
3.54000e+02   3.00000e+00   0.00000e+00   -3.67142e-03   0.00000e+00   0.00000e+00   0.00000e+00   0.00000e+00
3.58000e+02   3.00000e+00   0.00000e+00   -3.69299e-03   0.00000e+00   0.00000e+00   0.00000e+00   0.00000e+00
3.62000e+02   3.00000e+00   0.00000e+00   -3.71428e-03   0.00000e+00   0.00000e+00   0.00000e+00   0.00000e+00
3.66000e+02   3.00000e+00   0.00000e+00   -3.73528e-03   0.00000e+00   0.00000e+00   0.00000e+00   0.00000e+00
3.70000e+02   3.00000e+00   0.00000e+00   -3.75600e-03   0.00000e+00   0.00000e+00   0.00000e+00   0.00000e+00
3.74000e+02   3.00000e+00   0.00000e+00   -3.77645e-03   0.00000e+00   0.00000e+00   0.00000e+00   0.00000e+00
3.78000e+02   3.00000e+00   0.00000e+00   -3.79663e-03   0.00000e+00   0.00000e+00   0.00000e+00   0.00000e+00
3.82000e+02   3.00000e+00   0.00000e+00   -3.81655e-03   0.00000e+00   0.00000e+00   0.00000e+00   0.00000e+00
3.86000e+02   3.00000e+00   0.00000e+00   -3.83619e-03   0.00000e+00   0.00000e+00   0.00000e+00   0.00000e+00
3.90000e+02   3.00000e+00   0.00000e+00   -3.85558e-03   0.00000e+00   0.00000e+00   0.00000e+00   0.00000e+00
3.94000e+02   3.00000e+00   0.00000e+00   -3.87471e-03   0.00000e+00   0.00000e+00   0.00000e+00   0.00000e+00
3.98000e+02   3.00000e+00   0.00000e+00   -3.89359e-03   0.00000e+00   0.00000e+00   0.00000e+00   0.00000e+00
4.02000e+02   3.00000e+00   0.00000e+00   -3.91222e-03   0.00000e+00   0.00000e+00   0.00000e+00   0.00000e+00
4.06000e+02   3.00000e+00   0.00000e+00   -3.93060e-03   0.00000e+00   0.00000e+00   0.00000e+00   0.00000e+00
4.10000e+02   3.00000e+00   0.00000e+00   -3.94874e-03   0.00000e+00   0.00000e+00   0.00000e+00   0.00000e+00
4.14000e+02   3.00000e+00   0.00000e+00   -3.96663e-03   0.00000e+00   0.00000e+00   0.00000e+00   0.00000e+00
4.18000e+02   3.00000e+00   0.00000e+00   -3.98429e-03   0.00000e+00   0.00000e+00   0.00000e+00   0.00000e+00
4.22000e+02   3.00000e+00   0.00000e+00   -4.00172e-03   0.00000e+00   0.00000e+00   0.00000e+00   0.00000e+00
4.26000e+02   3.00000e+00   0.00000e+00   -4.01892e-03   0.00000e+00   0.00000e+00   0.00000e+00   0.00000e+00
4.30000e+02   3.00000e+00   0.00000e+00   -4.03588e-03   0.00000e+00   0.00000e+00   0.00000e+00   0.00000e+00
4.34000e+02   3.00000e+00   0.00000e+00   -4.05263e-03   0.00000e+00   0.00000e+00   0.00000e+00   0.00000e+00
4.38000e+02   3.00000e+00   0.00000e+00   -4.06915e-03   0.00000e+00   0.00000e+00   0.00000e+00   0.00000e+00
4.42000e+02   3.00000e+00   0.00000e+00   -4.08545e-03   0.00000e+00   0.00000e+00   0.00000e+00   0.00000e+00
4.46000e+02   3.00000e+00   0.00000e+00   -4.10154e-03   0.00000e+00   0.00000e+00   0.00000e+00   0.00000e+00
4.50000e+02   3.00000e+00   0.00000e+00   -4.11741e-03   0.00000e+00   0.00000e+00   0.00000e+00   0.00000e+00
4.54000e+02   3.00000e+00   0.00000e+00   -4.13307e-03   0.00000e+00   0.00000e+00   0.00000e+00   0.00000e+00
4.58000e+02   3.00000e+00   0.00000e+00   -4.14853e-03   0.00000e+00   0.00000e+00   0.00000e+00   0.00000e+00
4.62000e+02   3.00000e+00   0.00000e+00   -4.16378e-03   0.00000e+00   0.00000e+00   0.00000e+00   0.00000e+00
4.66000e+02   3.00000e+00   0.00000e+00   -4.17883e-03   0.00000e+00   0.00000e+00   0.00000e+00   0.00000e+00
4.70000e+02   3.00000e+00   0.00000e+00   -4.19368e-03   0.00000e+00   0.00000e+00   0.00000e+00   0.00000e+00
4.74000e+02   3.00000e+00   0.00000e+00   -4.20833e-03   0.00000e+00   0.00000e+00   0.00000e+00   0.00000e+00
4.78000e+02   3.00000e+00   0.00000e+00   -4.22279e-03   0.00000e+00   0.00000e+00   0.00000e+00   0.00000e+00
4.82000e+02   3.00000e+00   0.00000e+00   -4.23706e-03   0.00000e+00   0.00000e+00   0.00000e+00   0.00000e+00
4.86000e+02   3.00000e+00   0.00000e+00   -4.25114e-03   0.00000e+00   0.00000e+00   0.00000e+00   0.00000e+00
4.90000e+02   3.00000e+00   0.00000e+00   -4.26503e-03   0.00000e+00   0.00000e+00   0.00000e+00   0.00000e+00
4.94000e+02   3.00000e+00   0.00000e+00   -4.27874e-03   0.00000e+00   0.00000e+00   0.00000e+00   0.00000e+00
4.98000e+02   3.00000e+00   0.00000e+00   -4.29226e-03   0.00000e+00   0.00000e+00   0.00000e+00   0.00000e+00
5.02000e+02   3.00000e+00   0.00000e+00   -4.30561e-03   0.00000e+00   0.00000e+00   0.00000e+00   0.00000e+00
5.06000e+02   3.00000e+00   0.00000e+00   -4.31878e-03   0.00000e+00   0.00000e+00   0.00000e+00   0.00000e+00
5.10000e+02   3.00000e+00   0.00000e+00   -4.33178e-03   0.00000e+00   0.00000e+00   0.00000e+00   0.00000e+00
5.14000e+02   3.00000e+00   0.00000e+00   -4.34460e-03   0.00000e+00   0.00000e+00   0.00000e+00   0.00000e+00
5.18000e+02   3.00000e+00   0.00000e+00   -4.35726e-03   0.00000e+00   0.00000e+00   0.00000e+00   0.00000e+00
5.22000e+02   3.00000e+00   0.00000e+00   -4.36974e-03   0.00000e+00   0.00000e+00   0.00000e+00   0.00000e+00
5.26000e+02   3.00000e+00   0.00000e+00   -4.38206e-03   0.00000e+00   0.00000e+00   0.00000e+00   0.00000e+00
5.30000e+02   3.00000e+00   0.00000e+00   -4.39422e-03   0.00000e+00   0.00000e+00   0.00000e+00   0.00000e+00
5.34000e+02   3.00000e+00   0.00000e+00   -4.40622e-03   0.00000e+00   0.00000e+00   0.00000e+00   0.00000e+00
5.38000e+02   3.00000e+00   0.00000e+00   -4.41806e-03   0.00000e+00   0.00000e+00   0.00000e+00   0.00000e+00
5.42000e+02   3.00000e+00   0.00000e+00   -4.42974e-03   0.00000e+00   0.00000e+00   0.00000e+00   0.00000e+00
5.46000e+02   3.00000e+00   0.00000e+00   -4.44126e-03   0.00000e+00   0.00000e+00   0.00000e+00   0.00000e+00
5.50000e+02   3.00000e+00   0.00000e+00   -4.45264e-03   0.00000e+00   0.00000e+00   0.00000e+00   0.00000e+00
5.54000e+02   3.00000e+00   0.00000e+00   -4.46386e-03   0.00000e+00   0.00000e+00   0.00000e+00   0.00000e+00
5.58000e+02   3.00000e+00   0.00000e+00   -4.47494e-03   0.00000e+00   0.00000e+00   0.00000e+00   0.00000e+00
5.62000e+02   3.00000e+00   0.00000e+00   -4.48586e-03   0.00000e+00   0.00000e+00   0.00000e+00   0.00000e+00
5.66000e+02   3.00000e+00   0.00000e+00   -4.49665e-03   0.00000e+00   0.00000e+00   0.00000e+00   0.00000e+00
5.70000e+02   3.00000e+00   0.00000e+00   -4.50729e-03   0.00000e+00   0.00000e+00   0.00000e+00   0.00000e+00
5.74000e+02   3.00000e+00   0.00000e+00   -4.51779e-03   0.00000e+00   0.00000e+00   0.00000e+00   0.00000e+00
5.78000e+02   3.00000e+00   0.00000e+00   -4.52815e-03   0.00000e+00   0.00000e+00   0.00000e+00   0.00000e+00
5.82000e+02   8.00000e+00   0.00000e+00   -4.53837e-03   0.00000e+00   0.00000e+00   0.00000e+00   0.00000e+00
5.86000e+02   8.02000e+00   0.00000e+00   -4.54846e-03   0.00000e+00   0.00000e+00   0.00000e+00   0.00000e+00
5.90000e+02   8.04000e+00   0.00000e+00   -4.55841e-03   0.00000e+00   0.00000e+00   0.00000e+00   0.00000e+00
5.94000e+02   8.06000e+00   0.00000e+00   -4.56823e-03   0.00000e+00   0.00000e+00   0.00000e+00   0.00000e+00
5.98000e+02   8.08000e+00   0.00000e+00   -4.57793e-03   0.00000e+00   0.00000e+00   0.00000e+00   0.00000e+00
6.02000e+02   8.10000e+00   0.00000e+00   -4.58749e-03   0.00000e+00   0.00000e+00   0.00000e+00   0.00000e+00
6.06000e+02   8.12000e+00   0.00000e+00   -4.59693e-03   0.00000e+00   0.00000e+00   0.00000e+00   0.00000e+00
6.10000e+02   8.14000e+00   0.00000e+00   -4.60624e-03   0.00000e+00   0.00000e+00   0.00000e+00   0.00000e+00
6.14000e+02   8.16000e+00   0.00000e+00   -4.61543e-03   0.00000e+00   0.00000e+00   0.00000e+00   0.00000e+00
6.18000e+02   8.18000e+00   0.00000e+00   -4.62449e-03   0.00000e+00   0.00000e+00   0.00000e+00   0.00000e+00
6.22000e+02   8.20000e+00   0.00000e+00   -4.63344e-03   0.00000e+00   0.00000e+00   0.00000e+00   0.00000e+00
6.26000e+02   8.22000e+00   0.00000e+00   -4.64227e-03   0.00000e+00   0.00000e+00   0.00000e+00   0.00000e+00
6.30000e+02   8.24000e+00   0.00000e+00   -4.65098e-03   0.00000e+00   0.00000e+00   0.00000e+00   0.00000e+00
6.34000e+02   8.26000e+00   0.00000e+00   -4.65958e-03   0.00000e+00   0.00000e+00   0.00000e+00   0.00000e+00
6.38000e+02   8.28000e+00   0.00000e+00   -4.66806e-03   0.00000e+00   0.00000e+00   0.00000e+00   0.00000e+00
6.42000e+02   8.30000e+00   0.00000e+00   -4.67643e-03   0.00000e+00   0.00000e+00   0.00000e+00   0.00000e+00
6.46000e+02   8.32000e+00   0.00000e+00   -4.68469e-03   0.00000e+00   0.00000e+00   0.00000e+00   0.00000e+00
6.50000e+02   8.34000e+00   0.00000e+00   -4.69284e-03   0.00000e+00   0.00000e+00   0.00000e+00   0.00000e+00
6.54000e+02   8.36000e+00   0.00000e+00   -4.70088e-03   0.00000e+00   0.00000e+00   0.00000e+00   0.00000e+00
6.58000e+02   8.38000e+00   0.00000e+00   -4.70882e-03   0.00000e+00   0.00000e+00   0.00000e+00   0.00000e+00
6.62000e+02   8.40000e+00   0.00000e+00   -4.71665e-03   0.00000e+00   0.00000e+00   0.00000e+00   0.00000e+00
6.66000e+02   8.42000e+00   0.00000e+00   -4.72437e-03   0.00000e+00   0.00000e+00   0.00000e+00   0.00000e+00
6.70000e+02   8.44000e+00   0.00000e+00   -4.73200e-03   0.00000e+00   0.00000e+00   0.00000e+00   0.00000e+00
6.74000e+02   8.46000e+00   0.00000e+00   -4.73952e-03   0.00000e+00   0.00000e+00   0.00000e+00   0.00000e+00
6.78000e+02   8.48000e+00   0.00000e+00   -4.74694e-03   0.00000e+00   0.00000e+00   0.00000e+00   0.00000e+00
6.82000e+02   8.50000e+00   0.00000e+00   -4.75427e-03   0.00000e+00   0.00000e+00   0.00000e+00   0.00000e+00
6.86000e+02   8.52000e+00   0.00000e+00   -4.76150e-03   0.00000e+00   0.00000e+00   0.00000e+00   0.00000e+00
6.90000e+02   8.54000e+00   0.00000e+00   -4.76863e-03   0.00000e+00   0.00000e+00   0.00000e+00   0.00000e+00
6.94000e+02   8.56000e+00   0.00000e+00   -4.77567e-03   0.00000e+00   0.00000e+00   0.00000e+00   0.00000e+00
6.98000e+02   8.58000e+00   0.00000e+00   -4.78261e-03   0.00000e+00   0.00000e+00   0.00000e+00   0.00000e+00
7.02000e+02   8.60000e+00   0.00000e+00   -4.78946e-03   0.00000e+00   0.00000e+00   0.00000e+00   0.00000e+00
7.06000e+02   8.62000e+00   0.00000e+00   -4.79623e-03   0.00000e+00   0.00000e+00   0.00000e+00   0.00000e+00
7.10000e+02   8.64000e+00   0.00000e+00   -4.80290e-03   0.00000e+00   0.00000e+00   0.00000e+00   0.00000e+00
7.14000e+02   8.66000e+00   0.00000e+00   -4.80948e-03   0.00000e+00   0.00000e+00   0.00000e+00   0.00000e+00
7.18000e+02   8.68000e+00   0.00000e+00   -4.81598e-03   0.00000e+00   0.00000e+00   0.00000e+00   0.00000e+00
7.22000e+02   8.70000e+00   0.00000e+00   -4.82239e-03   0.00000e+00   0.00000e+00   0.00000e+00   0.00000e+00
7.26000e+02   8.72000e+00   0.00000e+00   -4.82872e-03   0.00000e+00   0.00000e+00   0.00000e+00   0.00000e+00
7.30000e+02   8.74000e+00   0.00000e+00   -4.83496e-03   0.00000e+00   0.00000e+00   0.00000e+00   0.00000e+00
7.34000e+02   8.76000e+00   0.00000e+00   -4.84112e-03   0.00000e+00   0.00000e+00   0.00000e+00   0.00000e+00
7.38000e+02   8.78000e+00   0.00000e+00   -4.84719e-03   0.00000e+00   0.00000e+00   0.00000e+00   0.00000e+00
7.42000e+02   8.80000e+00   0.00000e+00   -4.85319e-03   0.00000e+00   0.00000e+00   0.00000e+00   0.00000e+00
7.46000e+02   8.82000e+00   0.00000e+00   -4.85911e-03   0.00000e+00   0.00000e+00   0.00000e+00   0.00000e+00
7.50000e+02   8.84000e+00   0.00000e+00   -4.86495e-03   0.00000e+00   0.00000e+00   0.00000e+00   0.00000e+00
7.54000e+02   8.86000e+00   0.00000e+00   -4.87071e-03   0.00000e+00   0.00000e+00   0.00000e+00   0.00000e+00
7.58000e+02   8.88000e+00   0.00000e+00   -4.87640e-03   0.00000e+00   0.00000e+00   0.00000e+00   0.00000e+00
7.62000e+02   8.90000e+00   0.00000e+00   -4.88201e-03   0.00000e+00   0.00000e+00   0.00000e+00   0.00000e+00
7.66000e+02   8.92000e+00   0.00000e+00   -4.88754e-03   0.00000e+00   0.00000e+00   0.00000e+00   0.00000e+00
7.70000e+02   8.94000e+00   0.00000e+00   -4.89301e-03   0.00000e+00   0.00000e+00   0.00000e+00   0.00000e+00
7.74000e+02   8.96000e+00   0.00000e+00   -4.89840e-03   0.00000e+00   0.00000e+00   0.00000e+00   0.00000e+00
7.78000e+02   8.98000e+00   0.00000e+00   -4.90372e-03   0.00000e+00   0.00000e+00   0.00000e+00   0.00000e+00
7.82000e+02   9.00000e+00   0.00000e+00   -4.90897e-03   0.00000e+00   0.00000e+00   0.00000e+00   0.00000e+00
7.86000e+02   9.02000e+00   0.00000e+00   -4.91414e-03   0.00000e+00   0.00000e+00   0.00000e+00   0.00000e+00
7.90000e+02   9.04000e+00   0.00000e+00   -4.91926e-03   0.00000e+00   0.00000e+00   0.00000e+00   0.00000e+00
7.94000e+02   9.06000e+00   0.00000e+00   -4.92430e-03   0.00000e+00   0.00000e+00   0.00000e+00   0.00000e+00
7.98000e+02   9.08000e+00   0.00000e+00   -4.92927e-03   0.00000e+00   0.00000e+00   0.00000e+00   0.00000e+00
8.02000e+02   9.10000e+00   0.00000e+00   -4.93418e-03   0.00000e+00   0.00000e+00   0.00000e+00   0.00000e+00
8.06000e+02   9.12000e+00   0.00000e+00   -4.93903e-03   0.00000e+00   0.00000e+00   0.00000e+00   0.00000e+00
8.10000e+02   9.14000e+00   0.00000e+00   -4.94381e-03   0.00000e+00   0.00000e+00   0.00000e+00   0.00000e+00
8.14000e+02   9.16000e+00   0.00000e+00   -4.94853e-03   0.00000e+00   0.00000e+00   0.00000e+00   0.00000e+00
8.18000e+02   9.18000e+00   0.00000e+00   -4.95318e-03   0.00000e+00   0.00000e+00   0.00000e+00   0.00000e+00
8.22000e+02   9.20000e+00   0.00000e+00   -4.95778e-03   0.00000e+00   0.00000e+00   0.00000e+00   0.00000e+00
8.26000e+02   9.22000e+00   0.00000e+00   -4.96231e-03   0.00000e+00   0.00000e+00   0.00000e+00   0.00000e+00
8.30000e+02   9.24000e+00   0.00000e+00   -4.96678e-03   0.00000e+00   0.00000e+00   0.00000e+00   0.00000e+00
8.34000e+02   9.26000e+00   0.00000e+00   -4.97120e-03   0.00000e+00   0.00000e+00   0.00000e+00   0.00000e+00
8.38000e+02   9.28000e+00   0.00000e+00   -4.97555e-03   0.00000e+00   0.00000e+00   0.00000e+00   0.00000e+00
8.42000e+02   9.30000e+00   0.00000e+00   -4.97985e-03   0.00000e+00   0.00000e+00   0.00000e+00   0.00000e+00
8.46000e+02   9.32000e+00   0.00000e+00   -4.98409e-03   0.00000e+00   0.00000e+00   0.00000e+00   0.00000e+00
8.50000e+02   9.34000e+00   0.00000e+00   -4.98827e-03   0.00000e+00   0.00000e+00   0.00000e+00   0.00000e+00
8.54000e+02   9.36000e+00   0.00000e+00   -4.99240e-03   0.00000e+00   0.00000e+00   0.00000e+00   0.00000e+00
8.58000e+02   9.38000e+00   0.00000e+00   -4.99648e-03   0.00000e+00   0.00000e+00   0.00000e+00   0.00000e+00
8.62000e+02   9.40000e+00   0.00000e+00   -5.00050e-03   0.00000e+00   0.00000e+00   0.00000e+00   0.00000e+00
8.66000e+02   9.42000e+00   0.00000e+00   -5.00446e-03   0.00000e+00   0.00000e+00   0.00000e+00   0.00000e+00
8.70000e+02   9.44000e+00   0.00000e+00   -5.00838e-03   0.00000e+00   0.00000e+00   0.00000e+00   0.00000e+00
8.74000e+02   9.46000e+00   0.00000e+00   -5.01224e-03   0.00000e+00   0.00000e+00   0.00000e+00   0.00000e+00
8.78000e+02   9.48000e+00   0.00000e+00   -5.01605e-03   0.00000e+00   0.00000e+00   0.00000e+00   0.00000e+00
8.82000e+02   9.50000e+00   0.00000e+00   -5.01981e-03   0.00000e+00   0.00000e+00   0.00000e+00   0.00000e+00
8.86000e+02   9.52000e+00   0.00000e+00   -5.02352e-03   0.00000e+00   0.00000e+00   0.00000e+00   0.00000e+00
8.90000e+02   9.54000e+00   0.00000e+00   -5.02718e-03   0.00000e+00   0.00000e+00   0.00000e+00   0.00000e+00
8.94000e+02   9.56000e+00   0.00000e+00   -5.03080e-03   0.00000e+00   0.00000e+00   0.00000e+00   0.00000e+00
8.98000e+02   9.58000e+00   0.00000e+00   -5.03436e-03   0.00000e+00   0.00000e+00   0.00000e+00   0.00000e+00
9.02000e+02   9.60000e+00   0.00000e+00   -5.03788e-03   0.00000e+00   0.00000e+00   0.00000e+00   0.00000e+00
9.06000e+02   9.62000e+00   0.00000e+00   -5.04135e-03   0.00000e+00   0.00000e+00   0.00000e+00   0.00000e+00
9.10000e+02   9.64000e+00   0.00000e+00   -5.04478e-03   0.00000e+00   0.00000e+00   0.00000e+00   0.00000e+00
9.14000e+02   9.66000e+00   0.00000e+00   -5.04816e-03   0.00000e+00   0.00000e+00   0.00000e+00   0.00000e+00
9.18000e+02   9.68000e+00   0.00000e+00   -5.05150e-03   0.00000e+00   0.00000e+00   0.00000e+00   0.00000e+00
9.22000e+02   9.70000e+00   0.00000e+00   -5.05479e-03   0.00000e+00   0.00000e+00   0.00000e+00   0.00000e+00
9.26000e+02   9.72000e+00   0.00000e+00   -5.05803e-03   0.00000e+00   0.00000e+00   0.00000e+00   0.00000e+00
9.30000e+02   9.74000e+00   0.00000e+00   -5.06124e-03   0.00000e+00   0.00000e+00   0.00000e+00   0.00000e+00
9.34000e+02   9.76000e+00   0.00000e+00   -5.06440e-03   0.00000e+00   0.00000e+00   0.00000e+00   0.00000e+00
9.38000e+02   9.78000e+00   0.00000e+00   -5.06752e-03   0.00000e+00   0.00000e+00   0.00000e+00   0.00000e+00
9.42000e+02   9.80000e+00   0.00000e+00   -5.07060e-03   0.00000e+00   0.00000e+00   0.00000e+00   0.00000e+00
9.46000e+02   9.82000e+00   0.00000e+00   -5.07364e-03   0.00000e+00   0.00000e+00   0.00000e+00   0.00000e+00
9.50000e+02   9.84000e+00   0.00000e+00   -5.07664e-03   0.00000e+00   0.00000e+00   0.00000e+00   0.00000e+00
9.54000e+02   9.86000e+00   0.00000e+00   -5.07960e-03   0.00000e+00   0.00000e+00   0.00000e+00   0.00000e+00
9.58000e+02   9.88000e+00   0.00000e+00   -5.08252e-03   0.00000e+00   0.00000e+00   0.00000e+00   0.00000e+00
9.62000e+02   9.90000e+00   0.00000e+00   -5.08540e-03   0.00000e+00   0.00000e+00   0.00000e+00   0.00000e+00
9.66000e+02   9.92000e+00   0.00000e+00   -5.08824e-03   0.00000e+00   0.00000e+00   0.00000e+00   0.00000e+00
9.70000e+02   9.94000e+00   0.00000e+00   -5.09104e-03   0.00000e+00   0.00000e+00   0.00000e+00   0.00000e+00
9.74000e+02   9.96000e+00   0.00000e+00   -5.09381e-03   0.00000e+00   0.00000e+00   0.00000e+00   0.00000e+00
9.78000e+02   9.98000e+00   0.00000e+00   -5.09654e-03   0.00000e+00   0.00000e+00   0.00000e+00   0.00000e+00
9.82000e+02   1.00000e+01   0.00000e+00   -5.09924e-03   0.00000e+00   0.00000e+00   0.00000e+00   0.00000e+00
9.86000e+02   1.00200e+01   0.00000e+00   -5.10190e-03   0.00000e+00   0.00000e+00   0.00000e+00   0.00000e+00
9.90000e+02   1.00400e+01   0.00000e+00   -5.10452e-03   0.00000e+00   0.00000e+00   0.00000e+00   0.00000e+00
9.94000e+02   1.00600e+01   0.00000e+00   -5.10711e-03   0.00000e+00   0.00000e+00   0.00000e+00   0.00000e+00
9.98000e+02   1.00800e+01   0.00000e+00   -5.10966e-03   0.00000e+00   0.00000e+00   0.00000e+00   0.00000e+00
1.00200e+03   1.01000e+01   0.00000e+00   -5.11218e-03   0.00000e+00   0.00000e+00   0.00000e+00   0.00000e+00
1.00600e+03   1.01200e+01   0.00000e+00   -5.11467e-03   0.00000e+00   0.00000e+00   0.00000e+00   0.00000e+00
1.01000e+03   1.01400e+01   0.00000e+00   -5.11713e-03   0.00000e+00   0.00000e+00   0.00000e+00   0.00000e+00
1.01400e+03   1.01600e+01   0.00000e+00   -5.11955e-03   0.00000e+00   0.00000e+00   0.00000e+00   0.00000e+00
1.01800e+03   1.01800e+01   0.00000e+00   -5.12194e-03   0.00000e+00   0.00000e+00   0.00000e+00   0.00000e+00
1.02200e+03   1.02000e+01   0.00000e+00   -5.12430e-03   0.00000e+00   0.00000e+00   0.00000e+00   0.00000e+00
1.02600e+03   1.02200e+01   0.00000e+00   -5.12662e-03   0.00000e+00   0.00000e+00   0.00000e+00   0.00000e+00
1.03000e+03   1.02400e+01   0.00000e+00   -5.12892e-03   0.00000e+00   0.00000e+00   0.00000e+00   0.00000e+00
1.03400e+03   1.02600e+01   0.00000e+00   -5.13119e-03   0.00000e+00   0.00000e+00   0.00000e+00   0.00000e+00
1.03800e+03   1.02800e+01   0.00000e+00   -5.13342e-03   0.00000e+00   0.00000e+00   0.00000e+00   0.00000e+00
1.04200e+03   1.03000e+01   0.00000e+00   -5.13563e-03   0.00000e+00   0.00000e+00   0.00000e+00   0.00000e+00
1.04600e+03   1.03200e+01   0.00000e+00   -5.13781e-03   0.00000e+00   0.00000e+00   0.00000e+00   0.00000e+00
1.05000e+03   1.03400e+01   0.00000e+00   -5.13995e-03   0.00000e+00   0.00000e+00   0.00000e+00   0.00000e+00
1.05400e+03   1.03600e+01   0.00000e+00   -5.14207e-03   0.00000e+00   0.00000e+00   0.00000e+00   0.00000e+00
1.05800e+03   1.03800e+01   0.00000e+00   -5.14417e-03   0.00000e+00   0.00000e+00   0.00000e+00   0.00000e+00
1.06200e+03   1.04000e+01   0.00000e+00   -5.14623e-03   0.00000e+00   0.00000e+00   0.00000e+00   0.00000e+00
1.06600e+03   1.04200e+01   0.00000e+00   -5.14827e-03   0.00000e+00   0.00000e+00   0.00000e+00   0.00000e+00
1.07000e+03   1.04400e+01   0.00000e+00   -5.15028e-03   0.00000e+00   0.00000e+00   0.00000e+00   0.00000e+00
1.07400e+03   1.04600e+01   0.00000e+00   -5.15226e-03   0.00000e+00   0.00000e+00   0.00000e+00   0.00000e+00
1.07800e+03   1.04800e+01   0.00000e+00   -5.15422e-03   0.00000e+00   0.00000e+00   0.00000e+00   0.00000e+00
1.08200e+03   1.05000e+01   0.00000e+00   -5.15615e-03   0.00000e+00   0.00000e+00   0.00000e+00   0.00000e+00
1.08600e+03   1.05200e+01   0.00000e+00   -5.15805e-03   0.00000e+00   0.00000e+00   0.00000e+00   0.00000e+00
1.09000e+03   1.05400e+01   0.00000e+00   -5.15993e-03   0.00000e+00   0.00000e+00   0.00000e+00   0.00000e+00
1.09400e+03   1.05600e+01   0.00000e+00   -5.16179e-03   0.00000e+00   0.00000e+00   0.00000e+00   0.00000e+00
1.09800e+03   1.05800e+01   0.00000e+00   -5.16362e-03   0.00000e+00   0.00000e+00   0.00000e+00   0.00000e+00
1.10200e+03   1.06000e+01   0.00000e+00   -5.16542e-03   0.00000e+00   0.00000e+00   0.00000e+00   0.00000e+00
1.10600e+03   1.06200e+01   0.00000e+00   -5.16721e-03   0.00000e+00   0.00000e+00   0.00000e+00   0.00000e+00
1.11000e+03   1.06400e+01   0.00000e+00   -5.16897e-03   0.00000e+00   0.00000e+00   0.00000e+00   0.00000e+00
1.11400e+03   1.06600e+01   0.00000e+00   -5.17070e-03   0.00000e+00   0.00000e+00   0.00000e+00   0.00000e+00
1.11800e+03   1.06800e+01   0.00000e+00   -5.17241e-03   0.00000e+00   0.00000e+00   0.00000e+00   0.00000e+00
1.12200e+03   1.07000e+01   0.00000e+00   -5.17410e-03   0.00000e+00   0.00000e+00   0.00000e+00   0.00000e+00
1.12600e+03   1.07200e+01   0.00000e+00   -5.17577e-03   0.00000e+00   0.00000e+00   0.00000e+00   0.00000e+00
1.13000e+03   1.07400e+01   0.00000e+00   -5.17742e-03   0.00000e+00   0.00000e+00   0.00000e+00   0.00000e+00
1.13400e+03   1.07600e+01   0.00000e+00   -5.17904e-03   0.00000e+00   0.00000e+00   0.00000e+00   0.00000e+00
1.13800e+03   1.07800e+01   0.00000e+00   -5.18064e-03   0.00000e+00   0.00000e+00   0.00000e+00   0.00000e+00
1.14200e+03   1.08000e+01   0.00000e+00   -5.18222e-03   0.00000e+00   0.00000e+00   0.00000e+00   0.00000e+00
1.14600e+03   1.08200e+01   0.00000e+00   -5.18378e-03   0.00000e+00   0.00000e+00   0.00000e+00   0.00000e+00
1.15000e+03   1.08400e+01   0.00000e+00   -5.18532e-03   0.00000e+00   0.00000e+00   0.00000e+00   0.00000e+00
1.15400e+03   1.08600e+01   0.00000e+00   -5.18684e-03   0.00000e+00   0.00000e+00   0.00000e+00   0.00000e+00
1.15800e+03   1.08800e+01   0.00000e+00   -5.18834e-03   0.00000e+00   0.00000e+00   0.00000e+00   0.00000e+00
1.16200e+03   1.09000e+01   0.00000e+00   -5.18982e-03   0.00000e+00   0.00000e+00   0.00000e+00   0.00000e+00
1.16600e+03   1.09200e+01   0.00000e+00   -5.19128e-03   0.00000e+00   0.00000e+00   0.00000e+00   0.00000e+00
1.17000e+03   1.09400e+01   0.00000e+00   -5.19272e-03   0.00000e+00   0.00000e+00   0.00000e+00   0.00000e+00
1.17400e+03   1.09600e+01   0.00000e+00   -5.19414e-03   0.00000e+00   0.00000e+00   0.00000e+00   0.00000e+00
1.17800e+03   1.09800e+01   0.00000e+00   -5.19554e-03   0.00000e+00   0.00000e+00   0.00000e+00   0.00000e+00
1.18200e+03   1.10000e+01   0.00000e+00   -5.19692e-03   0.00000e+00   0.00000e+00   0.00000e+00   0.00000e+00
1.18600e+03   1.10200e+01   0.00000e+00   -5.19829e-03   0.00000e+00   0.00000e+00   0.00000e+00   0.00000e+00
1.19000e+03   1.10400e+01   0.00000e+00   -5.19964e-03   0.00000e+00   0.00000e+00   0.00000e+00   0.00000e+00
1.19400e+03   1.10600e+01   0.00000e+00   -5.20097e-03   0.00000e+00   0.00000e+00   0.00000e+00   0.00000e+00
1.19800e+03   1.10800e+01   0.00000e+00   -5.20228e-03   0.00000e+00   0.00000e+00   0.00000e+00   0.00000e+00
1.20200e+03   1.11000e+01   0.00000e+00   -5.20357e-03   0.00000e+00   0.00000e+00   0.00000e+00   0.00000e+00
1.20600e+03   1.11200e+01   0.00000e+00   -5.20485e-03   0.00000e+00   0.00000e+00   0.00000e+00   0.00000e+00
1.21000e+03   1.11400e+01   0.00000e+00   -5.20611e-03   0.00000e+00   0.00000e+00   0.00000e+00   0.00000e+00
1.21400e+03   1.11600e+01   0.00000e+00   -5.20735e-03   0.00000e+00   0.00000e+00   0.00000e+00   0.00000e+00
1.21800e+03   1.11800e+01   0.00000e+00   -5.20858e-03   0.00000e+00   0.00000e+00   0.00000e+00   0.00000e+00
1.22200e+03   1.12000e+01   0.00000e+00   -5.20979e-03   0.00000e+00   0.00000e+00   0.00000e+00   0.00000e+00
1.22600e+03   1.12200e+01   0.00000e+00   -5.21099e-03   0.00000e+00   0.00000e+00   0.00000e+00   0.00000e+00
1.23000e+03   1.12400e+01   0.00000e+00   -5.21216e-03   0.00000e+00   0.00000e+00   0.00000e+00   0.00000e+00
1.23400e+03   1.12600e+01   0.00000e+00   -5.21333e-03   0.00000e+00   0.00000e+00   0.00000e+00   0.00000e+00
1.23800e+03   1.12800e+01   0.00000e+00   -5.21448e-03   0.00000e+00   0.00000e+00   0.00000e+00   0.00000e+00
1.24200e+03   1.13000e+01   0.00000e+00   -5.21561e-03   0.00000e+00   0.00000e+00   0.00000e+00   0.00000e+00
1.24600e+03   1.13200e+01   0.00000e+00   -5.21673e-03   0.00000e+00   0.00000e+00   0.00000e+00   0.00000e+00
1.25000e+03   1.13400e+01   0.00000e+00   -5.21783e-03   0.00000e+00   0.00000e+00   0.00000e+00   0.00000e+00
1.25400e+03   1.13600e+01   0.00000e+00   -5.21892e-03   0.00000e+00   0.00000e+00   0.00000e+00   0.00000e+00
1.25800e+03   1.13800e+01   0.00000e+00   -5.21999e-03   0.00000e+00   0.00000e+00   0.00000e+00   0.00000e+00
1.26200e+03   1.14000e+01   0.00000e+00   -5.22105e-03   0.00000e+00   0.00000e+00   0.00000e+00   0.00000e+00
1.26600e+03   1.14200e+01   0.00000e+00   -5.22210e-03   0.00000e+00   0.00000e+00   0.00000e+00   0.00000e+00
1.27000e+03   1.14400e+01   0.00000e+00   -5.22313e-03   0.00000e+00   0.00000e+00   0.00000e+00   0.00000e+00
1.27400e+03   1.14600e+01   0.00000e+00   -5.22415e-03   0.00000e+00   0.00000e+00   0.00000e+00   0.00000e+00
1.27800e+03   1.14800e+01   0.00000e+00   -5.22515e-03   0.00000e+00   0.00000e+00   0.00000e+00   0.00000e+00
1.28200e+03   1.15000e+01   0.00000e+00   -5.22614e-03   0.00000e+00   0.00000e+00   0.00000e+00   0.00000e+00
1.28600e+03   1.15200e+01   0.00000e+00   -5.22712e-03   0.00000e+00   0.00000e+00   0.00000e+00   0.00000e+00
1.29000e+03   1.15400e+01   0.00000e+00   -5.22809e-03   0.00000e+00   0.00000e+00   0.00000e+00   0.00000e+00
1.29400e+03   1.15600e+01   0.00000e+00   -5.22904e-03   0.00000e+00   0.00000e+00   0.00000e+00   0.00000e+00
1.29800e+03   1.15800e+01   0.00000e+00   -5.22998e-03   0.00000e+00   0.00000e+00   0.00000e+00   0.00000e+00
1.30200e+03   1.16000e+01   0.00000e+00   -5.23091e-03   0.00000e+00   0.00000e+00   0.00000e+00   0.00000e+00
1.30600e+03   1.16200e+01   0.00000e+00   -5.23182e-03   0.00000e+00   0.00000e+00   0.00000e+00   0.00000e+00
1.31000e+03   1.16400e+01   0.00000e+00   -5.23272e-03   0.00000e+00   0.00000e+00   0.00000e+00   0.00000e+00
1.31400e+03   1.16600e+01   0.00000e+00   -5.23362e-03   0.00000e+00   0.00000e+00   0.00000e+00   0.00000e+00
1.31800e+03   1.16800e+01   0.00000e+00   -5.23449e-03   0.00000e+00   0.00000e+00   0.00000e+00   0.00000e+00
1.32200e+03   1.17000e+01   0.00000e+00   -5.23536e-03   0.00000e+00   0.00000e+00   0.00000e+00   0.00000e+00
1.32600e+03   1.17200e+01   0.00000e+00   -5.23622e-03   0.00000e+00   0.00000e+00   0.00000e+00   0.00000e+00
1.33000e+03   1.17400e+01   0.00000e+00   -5.23706e-03   0.00000e+00   0.00000e+00   0.00000e+00   0.00000e+00
1.33400e+03   1.17600e+01   0.00000e+00   -5.23790e-03   0.00000e+00   0.00000e+00   0.00000e+00   0.00000e+00
1.33800e+03   1.17800e+01   0.00000e+00   -5.23872e-03   0.00000e+00   0.00000e+00   0.00000e+00   0.00000e+00
1.34200e+03   1.18000e+01   0.00000e+00   -5.23953e-03   0.00000e+00   0.00000e+00   0.00000e+00   0.00000e+00
1.34600e+03   1.18200e+01   0.00000e+00   -5.24033e-03   0.00000e+00   0.00000e+00   0.00000e+00   0.00000e+00
1.35000e+03   1.18400e+01   0.00000e+00   -5.24112e-03   0.00000e+00   0.00000e+00   0.00000e+00   0.00000e+00
1.35400e+03   1.18600e+01   0.00000e+00   -5.24190e-03   0.00000e+00   0.00000e+00   0.00000e+00   0.00000e+00
1.35800e+03   1.18800e+01   0.00000e+00   -5.24267e-03   0.00000e+00   0.00000e+00   0.00000e+00   0.00000e+00
1.36200e+03   1.19000e+01   0.00000e+00   -5.24343e-03   0.00000e+00   0.00000e+00   0.00000e+00   0.00000e+00
1.36600e+03   1.19200e+01   0.00000e+00   -5.24418e-03   0.00000e+00   0.00000e+00   0.00000e+00   0.00000e+00
1.37000e+03   1.19400e+01   0.00000e+00   -5.24492e-03   0.00000e+00   0.00000e+00   0.00000e+00   0.00000e+00
1.37400e+03   1.19600e+01   0.00000e+00   -5.24565e-03   0.00000e+00   0.00000e+00   0.00000e+00   0.00000e+00
1.37800e+03   1.19800e+01   0.00000e+00   -5.24637e-03   0.00000e+00   0.00000e+00   0.00000e+00   0.00000e+00
1.38200e+03   1.20000e+01   0.00000e+00   -5.24708e-03   0.00000e+00   0.00000e+00   0.00000e+00   0.00000e+00
1.38600e+03   1.20200e+01   0.00000e+00   -5.24778e-03   0.00000e+00   0.00000e+00   0.00000e+00   0.00000e+00
1.39000e+03   1.20400e+01   0.00000e+00   -5.24847e-03   0.00000e+00   0.00000e+00   0.00000e+00   0.00000e+00
1.39400e+03   1.20600e+01   0.00000e+00   -5.24915e-03   0.00000e+00   0.00000e+00   0.00000e+00   0.00000e+00
1.39800e+03   1.20800e+01   0.00000e+00   -5.24983e-03   0.00000e+00   0.00000e+00   0.00000e+00   0.00000e+00
1.40200e+03   1.21000e+01   0.00000e+00   -5.25049e-03   0.00000e+00   0.00000e+00   0.00000e+00   0.00000e+00
1.40600e+03   1.21200e+01   0.00000e+00   -5.25115e-03   0.00000e+00   0.00000e+00   0.00000e+00   0.00000e+00
1.41000e+03   1.21400e+01   0.00000e+00   -5.25180e-03   0.00000e+00   0.00000e+00   0.00000e+00   0.00000e+00
1.41400e+03   1.21600e+01   0.00000e+00   -5.25243e-03   0.00000e+00   0.00000e+00   0.00000e+00   0.00000e+00
1.41800e+03   1.21800e+01   0.00000e+00   -5.25306e-03   0.00000e+00   0.00000e+00   0.00000e+00   0.00000e+00
1.42200e+03   1.22000e+01   0.00000e+00   -5.25369e-03   0.00000e+00   0.00000e+00   0.00000e+00   0.00000e+00
1.42600e+03   1.22200e+01   0.00000e+00   -5.25430e-03   0.00000e+00   0.00000e+00   0.00000e+00   0.00000e+00
1.43000e+03   1.22400e+01   0.00000e+00   -5.25490e-03   0.00000e+00   0.00000e+00   0.00000e+00   0.00000e+00
1.43400e+03   1.22600e+01   0.00000e+00   -5.25550e-03   0.00000e+00   0.00000e+00   0.00000e+00   0.00000e+00
1.43800e+03   1.22800e+01   0.00000e+00   -5.25609e-03   0.00000e+00   0.00000e+00   0.00000e+00   0.00000e+00
1.44200e+03   1.23000e+01   0.00000e+00   -5.25667e-03   0.00000e+00   0.00000e+00   0.00000e+00   0.00000e+00
1.44600e+03   1.23200e+01   0.00000e+00   -5.25725e-03   0.00000e+00   0.00000e+00   0.00000e+00   0.00000e+00
1.45000e+03   1.23400e+01   0.00000e+00   -5.25781e-03   0.00000e+00   0.00000e+00   0.00000e+00   0.00000e+00
1.45400e+03   1.23600e+01   0.00000e+00   -5.25837e-03   0.00000e+00   0.00000e+00   0.00000e+00   0.00000e+00
1.45800e+03   1.23800e+01   0.00000e+00   -5.25892e-03   0.00000e+00   0.00000e+00   0.00000e+00   0.00000e+00
1.46200e+03   1.24000e+01   0.00000e+00   -5.25947e-03   0.00000e+00   0.00000e+00   0.00000e+00   0.00000e+00
1.46600e+03   1.24200e+01   0.00000e+00   -5.26000e-03   0.00000e+00   0.00000e+00   0.00000e+00   0.00000e+00
1.47000e+03   1.24400e+01   0.00000e+00   -5.26053e-03   0.00000e+00   0.00000e+00   0.00000e+00   0.00000e+00
1.47400e+03   1.24600e+01   0.00000e+00   -5.26106e-03   0.00000e+00   0.00000e+00   0.00000e+00   0.00000e+00
1.47800e+03   1.24800e+01   0.00000e+00   -5.26157e-03   0.00000e+00   0.00000e+00   0.00000e+00   0.00000e+00
1.48200e+03   1.25000e+01   0.00000e+00   -5.26208e-03   0.00000e+00   0.00000e+00   0.00000e+00   0.00000e+00
1.48600e+03   1.25200e+01   0.00000e+00   -5.26258e-03   0.00000e+00   0.00000e+00   0.00000e+00   0.00000e+00
1.49000e+03   1.25400e+01   0.00000e+00   -5.26308e-03   0.00000e+00   0.00000e+00   0.00000e+00   0.00000e+00
1.49400e+03   1.25600e+01   0.00000e+00   -5.26357e-03   0.00000e+00   0.00000e+00   0.00000e+00   0.00000e+00
1.49800e+03   1.25800e+01   0.00000e+00   -5.26405e-03   0.00000e+00   0.00000e+00   0.00000e+00   0.00000e+00
1.50200e+03   1.26000e+01   0.00000e+00   -5.26453e-03   0.00000e+00   0.00000e+00   0.00000e+00   0.00000e+00
1.50600e+03   1.26200e+01   0.00000e+00   -5.26500e-03   0.00000e+00   0.00000e+00   0.00000e+00   0.00000e+00
1.51000e+03   1.26400e+01   0.00000e+00   -5.26546e-03   0.00000e+00   0.00000e+00   0.00000e+00   0.00000e+00
1.51400e+03   1.26600e+01   0.00000e+00   -5.26592e-03   0.00000e+00   0.00000e+00   0.00000e+00   0.00000e+00
1.51800e+03   1.26800e+01   0.00000e+00   -5.26637e-03   0.00000e+00   0.00000e+00   0.00000e+00   0.00000e+00
1.52200e+03   1.27000e+01   0.00000e+00   -5.26681e-03   0.00000e+00   0.00000e+00   0.00000e+00   0.00000e+00
1.52600e+03   1.27200e+01   0.00000e+00   -5.26725e-03   0.00000e+00   0.00000e+00   0.00000e+00   0.00000e+00
1.53000e+03   1.27400e+01   0.00000e+00   -5.26769e-03   0.00000e+00   0.00000e+00   0.00000e+00   0.00000e+00
1.53400e+03   1.27600e+01   0.00000e+00   -5.26812e-03   0.00000e+00   0.00000e+00   0.00000e+00   0.00000e+00
1.53800e+03   1.27800e+01   0.00000e+00   -5.26854e-03   0.00000e+00   0.00000e+00   0.00000e+00   0.00000e+00
1.54200e+03   1.28000e+01   0.00000e+00   -5.26895e-03   0.00000e+00   0.00000e+00   0.00000e+00   0.00000e+00
1.54600e+03   1.28200e+01   0.00000e+00   -5.26937e-03   0.00000e+00   0.00000e+00   0.00000e+00   0.00000e+00
1.55000e+03   1.28400e+01   0.00000e+00   -5.26977e-03   0.00000e+00   0.00000e+00   0.00000e+00   0.00000e+00
1.55400e+03   1.28600e+01   0.00000e+00   -5.27017e-03   0.00000e+00   0.00000e+00   0.00000e+00   0.00000e+00
1.55800e+03   1.28800e+01   0.00000e+00   -5.27057e-03   0.00000e+00   0.00000e+00   0.00000e+00   0.00000e+00
1.56200e+03   1.29000e+01   0.00000e+00   -5.27096e-03   0.00000e+00   0.00000e+00   0.00000e+00   0.00000e+00
1.56600e+03   1.29200e+01   0.00000e+00   -5.27134e-03   0.00000e+00   0.00000e+00   0.00000e+00   0.00000e+00
1.57000e+03   1.29400e+01   0.00000e+00   -5.27172e-03   0.00000e+00   0.00000e+00   0.00000e+00   0.00000e+00
1.57400e+03   1.29600e+01   0.00000e+00   -5.27210e-03   0.00000e+00   0.00000e+00   0.00000e+00   0.00000e+00
1.57800e+03   1.29800e+01   0.00000e+00   -5.27246e-03   0.00000e+00   0.00000e+00   0.00000e+00   0.00000e+00
1.58200e+03   1.30000e+01   0.00000e+00   -5.27283e-03   0.00000e+00   0.00000e+00   0.00000e+00   0.00000e+00
1.58600e+03   1.30200e+01   0.00000e+00   -5.27319e-03   0.00000e+00   0.00000e+00   0.00000e+00   0.00000e+00
1.59000e+03   1.30400e+01   0.00000e+00   -5.27354e-03   0.00000e+00   0.00000e+00   0.00000e+00   0.00000e+00
1.59400e+03   1.30600e+01   0.00000e+00   -5.27389e-03   0.00000e+00   0.00000e+00   0.00000e+00   0.00000e+00
1.59800e+03   1.30800e+01   0.00000e+00   -5.27424e-03   0.00000e+00   0.00000e+00   0.00000e+00   0.00000e+00
1.60200e+03   1.31000e+01   0.00000e+00   -5.27458e-03   0.00000e+00   0.00000e+00   0.00000e+00   0.00000e+00
1.60600e+03   1.31200e+01   0.00000e+00   -5.27492e-03   0.00000e+00   0.00000e+00   0.00000e+00   0.00000e+00
1.61000e+03   1.31400e+01   0.00000e+00   -5.27525e-03   0.00000e+00   0.00000e+00   0.00000e+00   0.00000e+00
1.61400e+03   1.31600e+01   0.00000e+00   -5.27558e-03   0.00000e+00   0.00000e+00   0.00000e+00   0.00000e+00
1.61800e+03   1.31800e+01   0.00000e+00   -5.27590e-03   0.00000e+00   0.00000e+00   0.00000e+00   0.00000e+00
1.62200e+03   1.32000e+01   0.00000e+00   -5.27622e-03   0.00000e+00   0.00000e+00   0.00000e+00   0.00000e+00
1.62600e+03   1.32200e+01   0.00000e+00   -5.27654e-03   0.00000e+00   0.00000e+00   0.00000e+00   0.00000e+00
1.63000e+03   1.32400e+01   0.00000e+00   -5.27685e-03   0.00000e+00   0.00000e+00   0.00000e+00   0.00000e+00
1.63400e+03   1.32600e+01   0.00000e+00   -5.27715e-03   0.00000e+00   0.00000e+00   0.00000e+00   0.00000e+00
1.63800e+03   1.32800e+01   0.00000e+00   -5.27746e-03   0.00000e+00   0.00000e+00   0.00000e+00   0.00000e+00
1.64200e+03   1.33000e+01   0.00000e+00   -5.27775e-03   0.00000e+00   0.00000e+00   0.00000e+00   0.00000e+00
1.64600e+03   1.33200e+01   0.00000e+00   -5.27805e-03   0.00000e+00   0.00000e+00   0.00000e+00   0.00000e+00
1.65000e+03   1.33400e+01   0.00000e+00   -5.27834e-03   0.00000e+00   0.00000e+00   0.00000e+00   0.00000e+00
1.65400e+03   1.33600e+01   0.00000e+00   -5.27863e-03   0.00000e+00   0.00000e+00   0.00000e+00   0.00000e+00
1.65800e+03   1.33800e+01   0.00000e+00   -5.27891e-03   0.00000e+00   0.00000e+00   0.00000e+00   0.00000e+00
1.66200e+03   1.34000e+01   0.00000e+00   -5.27919e-03   0.00000e+00   0.00000e+00   0.00000e+00   0.00000e+00
1.66600e+03   1.34200e+01   0.00000e+00   -5.27947e-03   0.00000e+00   0.00000e+00   0.00000e+00   0.00000e+00
1.67000e+03   1.34400e+01   0.00000e+00   -5.27974e-03   0.00000e+00   0.00000e+00   0.00000e+00   0.00000e+00
1.67400e+03   1.34600e+01   0.00000e+00   -5.28001e-03   0.00000e+00   0.00000e+00   0.00000e+00   0.00000e+00
1.67800e+03   1.34800e+01   0.00000e+00   -5.28027e-03   0.00000e+00   0.00000e+00   0.00000e+00   0.00000e+00
1.68200e+03   1.35000e+01   0.00000e+00   -5.28053e-03   0.00000e+00   0.00000e+00   0.00000e+00   0.00000e+00
1.68600e+03   1.35200e+01   0.00000e+00   -5.28079e-03   0.00000e+00   0.00000e+00   0.00000e+00   0.00000e+00
1.69000e+03   1.35400e+01   0.00000e+00   -5.28104e-03   0.00000e+00   0.00000e+00   0.00000e+00   0.00000e+00
1.69400e+03   1.35600e+01   0.00000e+00   -5.28129e-03   0.00000e+00   0.00000e+00   0.00000e+00   0.00000e+00
1.69800e+03   1.35800e+01   0.00000e+00   -5.28154e-03   0.00000e+00   0.00000e+00   0.00000e+00   0.00000e+00
1.70200e+03   1.36000e+01   0.00000e+00   -5.28179e-03   0.00000e+00   0.00000e+00   0.00000e+00   0.00000e+00
1.70600e+03   1.36200e+01   0.00000e+00   -5.28203e-03   0.00000e+00   0.00000e+00   0.00000e+00   0.00000e+00
1.71000e+03   1.36400e+01   0.00000e+00   -5.28227e-03   0.00000e+00   0.00000e+00   0.00000e+00   0.00000e+00
1.71400e+03   1.36600e+01   0.00000e+00   -5.28250e-03   0.00000e+00   0.00000e+00   0.00000e+00   0.00000e+00
1.71800e+03   1.36800e+01   0.00000e+00   -5.28273e-03   0.00000e+00   0.00000e+00   0.00000e+00   0.00000e+00
1.72200e+03   1.37000e+01   0.00000e+00   -5.28296e-03   0.00000e+00   0.00000e+00   0.00000e+00   0.00000e+00
1.72600e+03   1.37200e+01   0.00000e+00   -5.28319e-03   0.00000e+00   0.00000e+00   0.00000e+00   0.00000e+00
1.73000e+03   1.37400e+01   0.00000e+00   -5.28341e-03   0.00000e+00   0.00000e+00   0.00000e+00   0.00000e+00
1.73400e+03   1.37600e+01   0.00000e+00   -5.28363e-03   0.00000e+00   0.00000e+00   0.00000e+00   0.00000e+00
1.73800e+03   1.37800e+01   0.00000e+00   -5.28385e-03   0.00000e+00   0.00000e+00   0.00000e+00   0.00000e+00
1.74200e+03   1.38000e+01   0.00000e+00   -5.28406e-03   0.00000e+00   0.00000e+00   0.00000e+00   0.00000e+00
1.74600e+03   1.38200e+01   0.00000e+00   -5.28427e-03   0.00000e+00   0.00000e+00   0.00000e+00   0.00000e+00
1.75000e+03   1.38400e+01   0.00000e+00   -5.28448e-03   0.00000e+00   0.00000e+00   0.00000e+00   0.00000e+00
1.75400e+03   1.38600e+01   0.00000e+00   -5.28469e-03   0.00000e+00   0.00000e+00   0.00000e+00   0.00000e+00
1.75800e+03   1.38800e+01   0.00000e+00   -5.28489e-03   0.00000e+00   0.00000e+00   0.00000e+00   0.00000e+00
1.76200e+03   1.39000e+01   0.00000e+00   -5.28509e-03   0.00000e+00   0.00000e+00   0.00000e+00   0.00000e+00
1.76600e+03   1.39200e+01   0.00000e+00   -5.28529e-03   0.00000e+00   0.00000e+00   0.00000e+00   0.00000e+00
1.77000e+03   1.39400e+01   0.00000e+00   -5.28548e-03   0.00000e+00   0.00000e+00   0.00000e+00   0.00000e+00
1.77400e+03   1.39600e+01   0.00000e+00   -5.28567e-03   0.00000e+00   0.00000e+00   0.00000e+00   0.00000e+00
1.77800e+03   1.39800e+01   0.00000e+00   -5.28586e-03   0.00000e+00   0.00000e+00   0.00000e+00   0.00000e+00
1.78200e+03   1.40000e+01   0.00000e+00   -5.28605e-03   0.00000e+00   0.00000e+00   0.00000e+00   0.00000e+00
1.78600e+03   1.40200e+01   0.00000e+00   -5.28624e-03   0.00000e+00   0.00000e+00   0.00000e+00   0.00000e+00
1.79000e+03   1.40400e+01   0.00000e+00   -5.28642e-03   0.00000e+00   0.00000e+00   0.00000e+00   0.00000e+00
1.79400e+03   1.40600e+01   0.00000e+00   -5.28660e-03   0.00000e+00   0.00000e+00   0.00000e+00   0.00000e+00
1.79800e+03   1.40800e+01   0.00000e+00   -5.28677e-03   0.00000e+00   0.00000e+00   0.00000e+00   0.00000e+00
1.80200e+03   1.41000e+01   0.00000e+00   -5.28695e-03   0.00000e+00   0.00000e+00   0.00000e+00   0.00000e+00
1.80600e+03   1.41200e+01   0.00000e+00   -5.28712e-03   0.00000e+00   0.00000e+00   0.00000e+00   0.00000e+00
1.81000e+03   1.41400e+01   0.00000e+00   -5.28729e-03   0.00000e+00   0.00000e+00   0.00000e+00   0.00000e+00
1.81400e+03   1.41600e+01   0.00000e+00   -5.28746e-03   0.00000e+00   0.00000e+00   0.00000e+00   0.00000e+00
1.81800e+03   1.41800e+01   0.00000e+00   -5.28763e-03   0.00000e+00   0.00000e+00   0.00000e+00   0.00000e+00
1.82200e+03   1.42000e+01   0.00000e+00   -5.28779e-03   0.00000e+00   0.00000e+00   0.00000e+00   0.00000e+00
1.82600e+03   1.42200e+01   0.00000e+00   -5.28795e-03   0.00000e+00   0.00000e+00   0.00000e+00   0.00000e+00
1.83000e+03   1.42400e+01   0.00000e+00   -5.28811e-03   0.00000e+00   0.00000e+00   0.00000e+00   0.00000e+00
1.83400e+03   1.42600e+01   0.00000e+00   -5.28827e-03   0.00000e+00   0.00000e+00   0.00000e+00   0.00000e+00
1.83800e+03   1.42800e+01   0.00000e+00   -5.28843e-03   0.00000e+00   0.00000e+00   0.00000e+00   0.00000e+00
1.84200e+03   1.43000e+01   0.00000e+00   -5.28858e-03   0.00000e+00   0.00000e+00   0.00000e+00   0.00000e+00
1.84600e+03   1.43200e+01   0.00000e+00   -5.28873e-03   0.00000e+00   0.00000e+00   0.00000e+00   0.00000e+00
1.85000e+03   1.43400e+01   0.00000e+00   -5.28888e-03   0.00000e+00   0.00000e+00   0.00000e+00   0.00000e+00
1.85400e+03   1.43600e+01   0.00000e+00   -5.28903e-03   0.00000e+00   0.00000e+00   0.00000e+00   0.00000e+00
1.85800e+03   1.43800e+01   0.00000e+00   -5.28917e-03   0.00000e+00   0.00000e+00   0.00000e+00   0.00000e+00
1.86200e+03   1.44000e+01   0.00000e+00   -5.28932e-03   0.00000e+00   0.00000e+00   0.00000e+00   0.00000e+00
1.86600e+03   1.44200e+01   0.00000e+00   -5.28946e-03   0.00000e+00   0.00000e+00   0.00000e+00   0.00000e+00
1.87000e+03   1.44400e+01   0.00000e+00   -5.28960e-03   0.00000e+00   0.00000e+00   0.00000e+00   0.00000e+00
1.87400e+03   1.44600e+01   0.00000e+00   -5.28973e-03   0.00000e+00   0.00000e+00   0.00000e+00   0.00000e+00
1.87800e+03   1.44800e+01   0.00000e+00   -5.28987e-03   0.00000e+00   0.00000e+00   0.00000e+00   0.00000e+00
1.88200e+03   1.45000e+01   0.00000e+00   -5.29000e-03   0.00000e+00   0.00000e+00   0.00000e+00   0.00000e+00
1.88600e+03   1.45200e+01   0.00000e+00   -5.29014e-03   0.00000e+00   0.00000e+00   0.00000e+00   0.00000e+00
1.89000e+03   1.45400e+01   0.00000e+00   -5.29027e-03   0.00000e+00   0.00000e+00   0.00000e+00   0.00000e+00
1.89400e+03   1.45600e+01   0.00000e+00   -5.29040e-03   0.00000e+00   0.00000e+00   0.00000e+00   0.00000e+00
1.89800e+03   1.45800e+01   0.00000e+00   -5.29052e-03   0.00000e+00   0.00000e+00   0.00000e+00   0.00000e+00
1.90200e+03   1.46000e+01   0.00000e+00   -5.29065e-03   0.00000e+00   0.00000e+00   0.00000e+00   0.00000e+00
1.90600e+03   1.46200e+01   0.00000e+00   -5.29077e-03   0.00000e+00   0.00000e+00   0.00000e+00   0.00000e+00
1.91000e+03   1.46400e+01   0.00000e+00   -5.29090e-03   0.00000e+00   0.00000e+00   0.00000e+00   0.00000e+00
1.91400e+03   1.46600e+01   0.00000e+00   -5.29102e-03   0.00000e+00   0.00000e+00   0.00000e+00   0.00000e+00
1.91800e+03   1.46800e+01   0.00000e+00   -5.29113e-03   0.00000e+00   0.00000e+00   0.00000e+00   0.00000e+00
1.92200e+03   1.47000e+01   0.00000e+00   -5.29125e-03   0.00000e+00   0.00000e+00   0.00000e+00   0.00000e+00
1.92600e+03   1.47200e+01   0.00000e+00   -5.29137e-03   0.00000e+00   0.00000e+00   0.00000e+00   0.00000e+00
1.93000e+03   1.47400e+01   0.00000e+00   -5.29148e-03   0.00000e+00   0.00000e+00   0.00000e+00   0.00000e+00
1.93400e+03   1.47600e+01   0.00000e+00   -5.29160e-03   0.00000e+00   0.00000e+00   0.00000e+00   0.00000e+00
1.93800e+03   1.47800e+01   0.00000e+00   -5.29171e-03   0.00000e+00   0.00000e+00   0.00000e+00   0.00000e+00
1.94200e+03   1.48000e+01   0.00000e+00   -5.29182e-03   0.00000e+00   0.00000e+00   0.00000e+00   0.00000e+00
1.94600e+03   1.48200e+01   0.00000e+00   -5.29192e-03   0.00000e+00   0.00000e+00   0.00000e+00   0.00000e+00
1.95000e+03   1.48400e+01   0.00000e+00   -5.29203e-03   0.00000e+00   0.00000e+00   0.00000e+00   0.00000e+00
1.95400e+03   1.48600e+01   0.00000e+00   -5.29214e-03   0.00000e+00   0.00000e+00   0.00000e+00   0.00000e+00
1.95800e+03   1.48800e+01   0.00000e+00   -5.29224e-03   0.00000e+00   0.00000e+00   0.00000e+00   0.00000e+00
1.96200e+03   1.49000e+01   0.00000e+00   -5.29234e-03   0.00000e+00   0.00000e+00   0.00000e+00   0.00000e+00
1.96600e+03   1.49200e+01   0.00000e+00   -5.29245e-03   0.00000e+00   0.00000e+00   0.00000e+00   0.00000e+00
1.97000e+03   1.49400e+01   0.00000e+00   -5.29255e-03   0.00000e+00   0.00000e+00   0.00000e+00   0.00000e+00
1.97400e+03   1.49600e+01   0.00000e+00   -5.29264e-03   0.00000e+00   0.00000e+00   0.00000e+00   0.00000e+00
1.97800e+03   1.49800e+01   0.00000e+00   -5.29274e-03   0.00000e+00   0.00000e+00   0.00000e+00   0.00000e+00
1.98200e+03   1.50000e+01   0.00000e+00   -5.29284e-03   0.00000e+00   0.00000e+00   0.00000e+00   0.00000e+00
1.98600e+03   1.50200e+01   0.00000e+00   -5.29293e-03   0.00000e+00   0.00000e+00   0.00000e+00   0.00000e+00
1.99000e+03   1.50400e+01   0.00000e+00   -5.29303e-03   0.00000e+00   0.00000e+00   0.00000e+00   0.00000e+00
1.99400e+03   1.50600e+01   0.00000e+00   -5.29312e-03   0.00000e+00   0.00000e+00   0.00000e+00   0.00000e+00
1.99800e+03   1.50800e+01   0.00000e+00   -5.29321e-03   0.00000e+00   0.00000e+00   0.00000e+00   0.00000e+00
2.00200e+03   1.51000e+01   0.00000e+00   -5.29330e-03   0.00000e+00   0.00000e+00   0.00000e+00   0.00000e+00
2.00600e+03   1.51200e+01   0.00000e+00   -5.29339e-03   0.00000e+00   0.00000e+00   0.00000e+00   0.00000e+00
2.01000e+03   1.51400e+01   0.00000e+00   -5.29348e-03   0.00000e+00   0.00000e+00   0.00000e+00   0.00000e+00
2.01400e+03   1.51600e+01   0.00000e+00   -5.29356e-03   0.00000e+00   0.00000e+00   0.00000e+00   0.00000e+00
2.01800e+03   1.51800e+01   0.00000e+00   -5.29365e-03   0.00000e+00   0.00000e+00   0.00000e+00   0.00000e+00
2.02200e+03   1.52000e+01   0.00000e+00   -5.29373e-03   0.00000e+00   0.00000e+00   0.00000e+00   0.00000e+00
2.02600e+03   1.52200e+01   0.00000e+00   -5.29381e-03   0.00000e+00   0.00000e+00   0.00000e+00   0.00000e+00
2.03000e+03   1.52400e+01   0.00000e+00   -5.29390e-03   0.00000e+00   0.00000e+00   0.00000e+00   0.00000e+00
2.03400e+03   1.52600e+01   0.00000e+00   -5.29398e-03   0.00000e+00   0.00000e+00   0.00000e+00   0.00000e+00
2.03800e+03   1.52800e+01   0.00000e+00   -5.29406e-03   0.00000e+00   0.00000e+00   0.00000e+00   0.00000e+00
2.04200e+03   1.53000e+01   0.00000e+00   -5.29414e-03   0.00000e+00   0.00000e+00   0.00000e+00   0.00000e+00
2.04600e+03   1.53200e+01   0.00000e+00   -5.29421e-03   0.00000e+00   0.00000e+00   0.00000e+00   0.00000e+00
2.05000e+03   1.53400e+01   0.00000e+00   -5.29429e-03   0.00000e+00   0.00000e+00   0.00000e+00   0.00000e+00
2.05400e+03   1.53600e+01   0.00000e+00   -5.29437e-03   0.00000e+00   0.00000e+00   0.00000e+00   0.00000e+00
2.05800e+03   1.53800e+01   0.00000e+00   -5.29444e-03   0.00000e+00   0.00000e+00   0.00000e+00   0.00000e+00
2.06200e+03   1.54000e+01   0.00000e+00   -5.29451e-03   0.00000e+00   0.00000e+00   0.00000e+00   0.00000e+00
2.06600e+03   1.54200e+01   0.00000e+00   -5.29459e-03   0.00000e+00   0.00000e+00   0.00000e+00   0.00000e+00
2.07000e+03   1.54400e+01   0.00000e+00   -5.29466e-03   0.00000e+00   0.00000e+00   0.00000e+00   0.00000e+00
2.07400e+03   1.54600e+01   0.00000e+00   -5.29473e-03   0.00000e+00   0.00000e+00   0.00000e+00   0.00000e+00
2.07800e+03   1.54800e+01   0.00000e+00   -5.29480e-03   0.00000e+00   0.00000e+00   0.00000e+00   0.00000e+00
2.08200e+03   1.55000e+01   0.00000e+00   -5.29487e-03   0.00000e+00   0.00000e+00   0.00000e+00   0.00000e+00
2.08600e+03   1.55200e+01   0.00000e+00   -5.29494e-03   0.00000e+00   0.00000e+00   0.00000e+00   0.00000e+00
2.09000e+03   1.55400e+01   0.00000e+00   -5.29500e-03   0.00000e+00   0.00000e+00   0.00000e+00   0.00000e+00
2.09400e+03   1.55600e+01   0.00000e+00   -5.29507e-03   0.00000e+00   0.00000e+00   0.00000e+00   0.00000e+00
2.09800e+03   1.55800e+01   0.00000e+00   -5.29513e-03   0.00000e+00   0.00000e+00   0.00000e+00   0.00000e+00
2.10200e+03   1.56000e+01   0.00000e+00   -5.29520e-03   0.00000e+00   0.00000e+00   0.00000e+00   0.00000e+00
2.10600e+03   1.56200e+01   0.00000e+00   -5.29526e-03   0.00000e+00   0.00000e+00   0.00000e+00   0.00000e+00
2.11000e+03   1.56400e+01   0.00000e+00   -5.29533e-03   0.00000e+00   0.00000e+00   0.00000e+00   0.00000e+00
2.11400e+03   1.56600e+01   0.00000e+00   -5.29539e-03   0.00000e+00   0.00000e+00   0.00000e+00   0.00000e+00
2.11800e+03   1.56800e+01   0.00000e+00   -5.29545e-03   0.00000e+00   0.00000e+00   0.00000e+00   0.00000e+00
2.12200e+03   1.57000e+01   0.00000e+00   -5.29551e-03   0.00000e+00   0.00000e+00   0.00000e+00   0.00000e+00
2.12600e+03   1.57200e+01   0.00000e+00   -5.29557e-03   0.00000e+00   0.00000e+00   0.00000e+00   0.00000e+00
2.13000e+03   1.57400e+01   0.00000e+00   -5.29563e-03   0.00000e+00   0.00000e+00   0.00000e+00   0.00000e+00
2.13400e+03   1.57600e+01   0.00000e+00   -5.29568e-03   0.00000e+00   0.00000e+00   0.00000e+00   0.00000e+00
2.13800e+03   1.57800e+01   0.00000e+00   -5.29574e-03   0.00000e+00   0.00000e+00   0.00000e+00   0.00000e+00
2.14200e+03   1.58000e+01   0.00000e+00   -5.29580e-03   0.00000e+00   0.00000e+00   0.00000e+00   0.00000e+00
2.14600e+03   1.58200e+01   0.00000e+00   -5.29585e-03   0.00000e+00   0.00000e+00   0.00000e+00   0.00000e+00
2.15000e+03   1.58400e+01   0.00000e+00   -5.29591e-03   0.00000e+00   0.00000e+00   0.00000e+00   0.00000e+00
2.15400e+03   1.58600e+01   0.00000e+00   -5.29596e-03   0.00000e+00   0.00000e+00   0.00000e+00   0.00000e+00
2.15800e+03   1.58800e+01   0.00000e+00   -5.29602e-03   0.00000e+00   0.00000e+00   0.00000e+00   0.00000e+00
2.16200e+03   1.59000e+01   0.00000e+00   -5.29607e-03   0.00000e+00   0.00000e+00   0.00000e+00   0.00000e+00
2.16600e+03   1.59200e+01   0.00000e+00   -5.29612e-03   0.00000e+00   0.00000e+00   0.00000e+00   0.00000e+00
2.17000e+03   1.59400e+01   0.00000e+00   -5.29612e-03   0.00000e+00   0.00000e+00   0.00000e+00   0.00000e+00
2.17400e+03   1.59600e+01   0.00000e+00   -5.29617e-03   0.00000e+00   0.00000e+00   0.00000e+00   0.00000e+00
2.17800e+03   1.59800e+01   0.00000e+00   -5.29622e-03   0.00000e+00   0.00000e+00   0.00000e+00   0.00000e+00
2.18200e+03   1.60000e+01   0.00000e+00   -5.29627e-03   0.00000e+00   0.00000e+00   0.00000e+00   0.00000e+00
2.18600e+03   1.60200e+01   0.00000e+00   -5.29630e-03   0.00000e+00   0.00000e+00   0.00000e+00   0.00000e+00
2.19000e+03   1.60400e+01   0.00000e+00   -5.29488e-03   0.00000e+00   0.00000e+00   0.00000e+00   0.00000e+00
2.19400e+03   1.60600e+01   0.00000e+00   -5.29417e-03   0.00000e+00   0.00000e+00   0.00000e+00   0.00000e+00
2.19800e+03   1.60800e+01   0.00000e+00   -5.29232e-03   0.00000e+00   0.00000e+00   0.00000e+00   0.00000e+00
2.20200e+03   1.61000e+01   0.00000e+00   -5.28835e-03   0.00000e+00   0.00000e+00   0.00000e+00   0.00000e+00
2.20600e+03   1.61200e+01   0.00000e+00   -5.28434e-03   0.00000e+00   0.00000e+00   0.00000e+00   0.00000e+00
2.21000e+03   1.61400e+01   0.00000e+00   -5.28049e-03   0.00000e+00   0.00000e+00   0.00000e+00   0.00000e+00
2.21400e+03   1.61600e+01   0.00000e+00   -5.27448e-03   0.00000e+00   0.00000e+00   0.00000e+00   0.00000e+00
2.21800e+03   1.61800e+01   0.00000e+00   -5.26732e-03   0.00000e+00   0.00000e+00   0.00000e+00   0.00000e+00
2.22200e+03   1.62000e+01   0.00000e+00   -5.26234e-03   0.00000e+00   0.00000e+00   0.00000e+00   0.00000e+00
2.22600e+03   1.62200e+01   0.00000e+00   -5.25575e-03   0.00000e+00   0.00000e+00   0.00000e+00   0.00000e+00
2.23000e+03   1.62400e+01   0.00000e+00   -5.24856e-03   0.00000e+00   0.00000e+00   0.00000e+00   0.00000e+00
2.23400e+03   1.62600e+01   0.00000e+00   -5.24414e-03   0.00000e+00   0.00000e+00   0.00000e+00   0.00000e+00
2.23800e+03   1.62800e+01   0.00000e+00   -5.24051e-03   0.00000e+00   0.00000e+00   0.00000e+00   0.00000e+00
2.24200e+03   1.63000e+01   0.00000e+00   -5.23462e-03   0.00000e+00   0.00000e+00   0.00000e+00   0.00000e+00
2.24600e+03   1.63200e+01   0.00000e+00   -5.22985e-03   0.00000e+00   0.00000e+00   0.00000e+00   0.00000e+00
2.25000e+03   1.63400e+01   0.00000e+00   -5.22711e-03   0.00000e+00   0.00000e+00   0.00000e+00   0.00000e+00
2.25400e+03   1.63600e+01   0.00000e+00   -5.22295e-03   0.00000e+00   0.00000e+00   0.00000e+00   0.00000e+00
2.25800e+03   1.63800e+01   0.00000e+00   -5.21802e-03   0.00000e+00   0.00000e+00   0.00000e+00   0.00000e+00
2.26200e+03   1.64000e+01   0.00000e+00   -5.21536e-03   0.00000e+00   0.00000e+00   0.00000e+00   0.00000e+00
2.26600e+03   1.64200e+01   0.00000e+00   -5.21238e-03   0.00000e+00   0.00000e+00   0.00000e+00   0.00000e+00
2.27000e+03   1.64400e+01   0.00000e+00   -5.20648e-03   0.00000e+00   0.00000e+00   0.00000e+00   0.00000e+00
2.27400e+03   1.64600e+01   0.00000e+00   -5.20199e-03   0.00000e+00   0.00000e+00   0.00000e+00   0.00000e+00
2.27800e+03   1.64800e+01   0.00000e+00   -5.19943e-03   0.00000e+00   0.00000e+00   0.00000e+00   0.00000e+00
2.28200e+03   1.65000e+01   0.00000e+00   -5.19488e-03   0.00000e+00   0.00000e+00   0.00000e+00   0.00000e+00
2.28600e+03   1.65200e+01   0.00000e+00   -5.18892e-03   0.00000e+00   0.00000e+00   0.00000e+00   0.00000e+00
2.29000e+03   1.65400e+01   0.00000e+00   -5.18507e-03   0.00000e+00   0.00000e+00   0.00000e+00   0.00000e+00
2.29400e+03   1.65600e+01   0.00000e+00   -5.18133e-03   0.00000e+00   0.00000e+00   0.00000e+00   0.00000e+00
2.29800e+03   1.65800e+01   0.00000e+00   -5.17532e-03   0.00000e+00   0.00000e+00   0.00000e+00   0.00000e+00
2.30200e+03   1.66000e+01   0.00000e+00   -5.17059e-03   0.00000e+00   0.00000e+00   0.00000e+00   0.00000e+00
2.30600e+03   1.66200e+01   0.00000e+00   -5.16693e-03   0.00000e+00   0.00000e+00   0.00000e+00   0.00000e+00
2.31000e+03   1.66400e+01   0.00000e+00   -5.16129e-03   0.00000e+00   0.00000e+00   0.00000e+00   0.00000e+00
2.31400e+03   1.66600e+01   0.00000e+00   -5.15523e-03   0.00000e+00   0.00000e+00   0.00000e+00   0.00000e+00
2.31800e+03   1.66800e+01   0.00000e+00   -5.15207e-03   0.00000e+00   0.00000e+00   0.00000e+00   0.00000e+00
2.32200e+03   1.67000e+01   0.00000e+00   -5.14850e-03   0.00000e+00   0.00000e+00   0.00000e+00   0.00000e+00
2.32600e+03   1.67200e+01   0.00000e+00   -5.14178e-03   0.00000e+00   0.00000e+00   0.00000e+00   0.00000e+00
2.33000e+03   1.67400e+01   0.00000e+00   -5.13618e-03   0.00000e+00   0.00000e+00   0.00000e+00   0.00000e+00
2.33400e+03   1.67600e+01   0.00000e+00   -5.13235e-03   0.00000e+00   0.00000e+00   0.00000e+00   0.00000e+00
2.33800e+03   1.67800e+01   0.00000e+00   -5.12719e-03   0.00000e+00   0.00000e+00   0.00000e+00   0.00000e+00
2.34200e+03   1.68000e+01   0.00000e+00   -5.12127e-03   0.00000e+00   0.00000e+00   0.00000e+00   0.00000e+00
2.34600e+03   1.68200e+01   0.00000e+00   -5.11712e-03   0.00000e+00   0.00000e+00   0.00000e+00   0.00000e+00
2.35000e+03   1.68400e+01   0.00000e+00   -5.11200e-03   0.00000e+00   0.00000e+00   0.00000e+00   0.00000e+00
2.35400e+03   1.68600e+01   0.00000e+00   -5.10477e-03   0.00000e+00   0.00000e+00   0.00000e+00   0.00000e+00
2.35800e+03   1.68800e+01   0.00000e+00   -5.09945e-03   0.00000e+00   0.00000e+00   0.00000e+00   0.00000e+00
2.36200e+03   1.69000e+01   0.00000e+00   -5.09560e-03   0.00000e+00   0.00000e+00   0.00000e+00   0.00000e+00
2.36600e+03   1.69200e+01   0.00000e+00   -5.08978e-03   0.00000e+00   0.00000e+00   0.00000e+00   0.00000e+00
2.37000e+03   1.69400e+01   0.00000e+00   -5.08299e-03   0.00000e+00   0.00000e+00   0.00000e+00   0.00000e+00
2.37400e+03   1.69600e+01   0.00000e+00   -5.07848e-03   0.00000e+00   0.00000e+00   0.00000e+00   0.00000e+00
2.37800e+03   1.69800e+01   0.00000e+00   -5.07377e-03   0.00000e+00   0.00000e+00   0.00000e+00   0.00000e+00
2.38200e+03   1.70000e+01   0.00000e+00   -5.06713e-03   0.00000e+00   0.00000e+00   0.00000e+00   0.00000e+00
2.38600e+03   1.70200e+01   0.00000e+00   -5.06165e-03   0.00000e+00   0.00000e+00   0.00000e+00   0.00000e+00
2.39000e+03   1.70400e+01   0.00000e+00   -5.05719e-03   0.00000e+00   0.00000e+00   0.00000e+00   0.00000e+00
2.39400e+03   1.70600e+01   0.00000e+00   -5.05083e-03   0.00000e+00   0.00000e+00   0.00000e+00   0.00000e+00
2.39800e+03   1.70800e+01   0.00000e+00   -5.04372e-03   0.00000e+00   0.00000e+00   0.00000e+00   0.00000e+00
2.40200e+03   1.71000e+01   0.00000e+00   -5.03903e-03   0.00000e+00   0.00000e+00   0.00000e+00   0.00000e+00
2.40600e+03   1.71200e+01   0.00000e+00   -5.03358e-03   0.00000e+00   0.00000e+00   0.00000e+00   0.00000e+00
2.41000e+03   1.71400e+01   0.00000e+00   -5.02595e-03   0.00000e+00   0.00000e+00   0.00000e+00   0.00000e+00
2.41400e+03   1.71600e+01   0.00000e+00   -5.01989e-03   0.00000e+00   0.00000e+00   0.00000e+00   0.00000e+00
2.41800e+03   1.71800e+01   0.00000e+00   -5.01561e-03   0.00000e+00   0.00000e+00   0.00000e+00   0.00000e+00
2.42200e+03   1.72000e+01   0.00000e+00   -5.00967e-03   0.00000e+00   0.00000e+00   0.00000e+00   0.00000e+00
2.42600e+03   1.72200e+01   0.00000e+00   -5.00285e-03   0.00000e+00   0.00000e+00   0.00000e+00   0.00000e+00
2.43000e+03   1.72400e+01   0.00000e+00   -4.99843e-03   0.00000e+00   0.00000e+00   0.00000e+00   0.00000e+00
2.43400e+03   1.72600e+01   0.00000e+00   -4.99385e-03   0.00000e+00   0.00000e+00   0.00000e+00   0.00000e+00
2.43800e+03   1.72800e+01   0.00000e+00   -4.98807e-03   0.00000e+00   0.00000e+00   0.00000e+00   0.00000e+00
2.44200e+03   1.73000e+01   0.00000e+00   -4.98388e-03   0.00000e+00   0.00000e+00   0.00000e+00   0.00000e+00
2.44600e+03   1.73200e+01   0.00000e+00   -4.98060e-03   0.00000e+00   0.00000e+00   0.00000e+00   0.00000e+00
2.45000e+03   1.73400e+01   0.00000e+00   -4.97491e-03   0.00000e+00   0.00000e+00   0.00000e+00   0.00000e+00
2.45400e+03   1.73600e+01   0.00000e+00   -4.96894e-03   0.00000e+00   0.00000e+00   0.00000e+00   0.00000e+00
2.45800e+03   1.73800e+01   0.00000e+00   -4.96598e-03   0.00000e+00   0.00000e+00   0.00000e+00   0.00000e+00
2.46200e+03   1.74000e+01   0.00000e+00   -4.96256e-03   0.00000e+00   0.00000e+00   0.00000e+00   0.00000e+00
2.46600e+03   1.74200e+01   0.00000e+00   -4.95659e-03   0.00000e+00   0.00000e+00   0.00000e+00   0.00000e+00
2.47000e+03   1.74400e+01   0.00000e+00   -4.95113e-03   0.00000e+00   0.00000e+00   0.00000e+00   0.00000e+00
2.47400e+03   1.74600e+01   0.00000e+00   -4.94697e-03   0.00000e+00   0.00000e+00   0.00000e+00   0.00000e+00
2.47800e+03   1.74800e+01   0.00000e+00   -4.94115e-03   0.00000e+00   0.00000e+00   0.00000e+00   0.00000e+00
2.48200e+03   1.75000e+01   0.00000e+00   -4.93524e-03   0.00000e+00   0.00000e+00   0.00000e+00   0.00000e+00
2.48600e+03   1.75200e+01   0.00000e+00   -4.93137e-03   0.00000e+00   0.00000e+00   0.00000e+00   0.00000e+00
2.49000e+03   1.75400e+01   0.00000e+00   -4.92626e-03   0.00000e+00   0.00000e+00   0.00000e+00   0.00000e+00
2.49400e+03   1.75600e+01   0.00000e+00   -4.91898e-03   0.00000e+00   0.00000e+00   0.00000e+00   0.00000e+00
2.49800e+03   1.75800e+01   0.00000e+00   -4.91329e-03   0.00000e+00   0.00000e+00   0.00000e+00   0.00000e+00
2.50200e+03   1.76000e+01   0.00000e+00   -4.90944e-03   0.00000e+00   0.00000e+00   0.00000e+00   0.00000e+00
2.50600e+03   1.76200e+01   0.00000e+00   -4.90332e-03   0.00000e+00   0.00000e+00   0.00000e+00   0.00000e+00
2.51000e+03   1.76400e+01   0.00000e+00   -4.89676e-03   0.00000e+00   0.00000e+00   0.00000e+00   0.00000e+00
2.51400e+03   1.76600e+01   0.00000e+00   -4.89236e-03   0.00000e+00   0.00000e+00   0.00000e+00   0.00000e+00
2.51800e+03   1.76800e+01   0.00000e+00   -4.88723e-03   0.00000e+00   0.00000e+00   0.00000e+00   0.00000e+00
2.52200e+03   1.77000e+01   0.00000e+00   -4.88034e-03   0.00000e+00   0.00000e+00   0.00000e+00   0.00000e+00
2.52600e+03   1.77200e+01   0.00000e+00   -4.87474e-03   0.00000e+00   0.00000e+00   0.00000e+00   0.00000e+00
2.53000e+03   1.77400e+01   0.00000e+00   -4.87015e-03   0.00000e+00   0.00000e+00   0.00000e+00   0.00000e+00
2.53400e+03   1.77600e+01   0.00000e+00   -4.86324e-03   0.00000e+00   0.00000e+00   0.00000e+00   0.00000e+00
2.53800e+03   1.77800e+01   0.00000e+00   -4.85640e-03   0.00000e+00   0.00000e+00   0.00000e+00   0.00000e+00
2.54200e+03   1.78000e+01   0.00000e+00   -4.85173e-03   0.00000e+00   0.00000e+00   0.00000e+00   0.00000e+00
2.54600e+03   1.78200e+01   0.00000e+00   -4.84602e-03   0.00000e+00   0.00000e+00   0.00000e+00   0.00000e+00
2.55000e+03   1.78400e+01   0.00000e+00   -4.83832e-03   0.00000e+00   0.00000e+00   0.00000e+00   0.00000e+00
2.55400e+03   1.78600e+01   0.00000e+00   -4.83232e-03   0.00000e+00   0.00000e+00   0.00000e+00   0.00000e+00
2.55800e+03   1.78800e+01   0.00000e+00   -4.82768e-03   0.00000e+00   0.00000e+00   0.00000e+00   0.00000e+00
2.56200e+03   1.79000e+01   0.00000e+00   -4.82098e-03   0.00000e+00   0.00000e+00   0.00000e+00   0.00000e+00
2.56600e+03   1.79200e+01   0.00000e+00   -4.81379e-03   0.00000e+00   0.00000e+00   0.00000e+00   0.00000e+00
2.57000e+03   1.79400e+01   0.00000e+00   -4.80818e-03   0.00000e+00   0.00000e+00   0.00000e+00   0.00000e+00
2.57400e+03   1.79600e+01   0.00000e+00   -4.80208e-03   0.00000e+00   0.00000e+00   0.00000e+00   0.00000e+00
2.57800e+03   1.79800e+01   0.00000e+00   -4.79448e-03   0.00000e+00   0.00000e+00   0.00000e+00   0.00000e+00
2.58200e+03   1.80000e+01   0.00000e+00   -4.78854e-03   0.00000e+00   0.00000e+00   0.00000e+00   0.00000e+00
2.58600e+03   1.80200e+01   0.00000e+00   -4.78303e-03   0.00000e+00   0.00000e+00   0.00000e+00   0.00000e+00
2.59000e+03   1.80400e+01   0.00000e+00   -4.77515e-03   0.00000e+00   0.00000e+00   0.00000e+00   0.00000e+00
2.59400e+03   1.80600e+01   0.00000e+00   -4.76737e-03   0.00000e+00   0.00000e+00   0.00000e+00   0.00000e+00
2.59800e+03   1.80800e+01   0.00000e+00   -4.76224e-03   0.00000e+00   0.00000e+00   0.00000e+00   0.00000e+00
2.60200e+03   1.81000e+01   0.00000e+00   -4.75685e-03   0.00000e+00   0.00000e+00   0.00000e+00   0.00000e+00
2.60600e+03   1.81200e+01   0.00000e+00   -4.74914e-03   0.00000e+00   0.00000e+00   0.00000e+00   0.00000e+00
2.61000e+03   1.81400e+01   0.00000e+00   -4.74307e-03   0.00000e+00   0.00000e+00   0.00000e+00   0.00000e+00
2.61400e+03   1.81600e+01   0.00000e+00   -4.73823e-03   0.00000e+00   0.00000e+00   0.00000e+00   0.00000e+00
2.61800e+03   1.81800e+01   0.00000e+00   -4.73186e-03   0.00000e+00   0.00000e+00   0.00000e+00   0.00000e+00
2.62200e+03   1.82000e+01   0.00000e+00   -4.72600e-03   0.00000e+00   0.00000e+00   0.00000e+00   0.00000e+00
2.62600e+03   1.82200e+01   0.00000e+00   -4.72211e-03   0.00000e+00   0.00000e+00   0.00000e+00   0.00000e+00
2.63000e+03   1.82400e+01   0.00000e+00   -4.71703e-03   0.00000e+00   0.00000e+00   0.00000e+00   0.00000e+00
2.63400e+03   1.82600e+01   0.00000e+00   -4.71002e-03   0.00000e+00   0.00000e+00   0.00000e+00   0.00000e+00
2.63800e+03   1.82800e+01   0.00000e+00   -4.70525e-03   0.00000e+00   0.00000e+00   0.00000e+00   0.00000e+00
2.64200e+03   1.83000e+01   0.00000e+00   -4.70136e-03   0.00000e+00   0.00000e+00   0.00000e+00   0.00000e+00
2.64600e+03   1.83200e+01   0.00000e+00   -4.69516e-03   0.00000e+00   0.00000e+00   0.00000e+00   0.00000e+00
2.65000e+03   1.83400e+01   0.00000e+00   -4.68899e-03   0.00000e+00   0.00000e+00   0.00000e+00   0.00000e+00
2.65400e+03   1.83600e+01   0.00000e+00   -4.68475e-03   0.00000e+00   0.00000e+00   0.00000e+00   0.00000e+00
2.65800e+03   1.83800e+01   0.00000e+00   -4.67946e-03   0.00000e+00   0.00000e+00   0.00000e+00   0.00000e+00
2.66200e+03   1.84000e+01   0.00000e+00   -4.67264e-03   0.00000e+00   0.00000e+00   0.00000e+00   0.00000e+00
2.66600e+03   1.84200e+01   0.00000e+00   -4.66757e-03   0.00000e+00   0.00000e+00   0.00000e+00   0.00000e+00
2.67000e+03   1.84400e+01   0.00000e+00   -4.66296e-03   0.00000e+00   0.00000e+00   0.00000e+00   0.00000e+00
2.67400e+03   1.84600e+01   0.00000e+00   -4.65626e-03   0.00000e+00   0.00000e+00   0.00000e+00   0.00000e+00
2.67800e+03   1.84800e+01   0.00000e+00   -4.64966e-03   0.00000e+00   0.00000e+00   0.00000e+00   0.00000e+00
2.68200e+03   1.85000e+01   0.00000e+00   -4.64490e-03   0.00000e+00   0.00000e+00   0.00000e+00   0.00000e+00
2.68600e+03   1.85200e+01   0.00000e+00   -4.63864e-03   0.00000e+00   0.00000e+00   0.00000e+00   0.00000e+00
2.69000e+03   1.85400e+01   0.00000e+00   -4.63093e-03   0.00000e+00   0.00000e+00   0.00000e+00   0.00000e+00
2.69400e+03   1.85600e+01   0.00000e+00   -4.62506e-03   0.00000e+00   0.00000e+00   0.00000e+00   0.00000e+00
2.69800e+03   1.85800e+01   0.00000e+00   -4.62001e-03   0.00000e+00   0.00000e+00   0.00000e+00   0.00000e+00
2.70200e+03   1.86000e+01   0.00000e+00   -4.61276e-03   0.00000e+00   0.00000e+00   0.00000e+00   0.00000e+00
2.70600e+03   1.86200e+01   0.00000e+00   -4.60513e-03   0.00000e+00   0.00000e+00   0.00000e+00   0.00000e+00
2.71000e+03   1.86400e+01   0.00000e+00   -4.59937e-03   0.00000e+00   0.00000e+00   0.00000e+00   0.00000e+00
2.71400e+03   1.86600e+01   0.00000e+00   -4.59270e-03   0.00000e+00   0.00000e+00   0.00000e+00   0.00000e+00
2.71800e+03   1.86800e+01   0.00000e+00   -4.58515e-03   0.00000e+00   0.00000e+00   0.00000e+00   0.00000e+00
2.72200e+03   1.87000e+01   0.00000e+00   -4.57930e-03   0.00000e+00   0.00000e+00   0.00000e+00   0.00000e+00
2.72600e+03   1.87200e+01   0.00000e+00   -4.57371e-03   0.00000e+00   0.00000e+00   0.00000e+00   0.00000e+00
2.73000e+03   1.87400e+01   0.00000e+00   -4.56553e-03   0.00000e+00   0.00000e+00   0.00000e+00   0.00000e+00
2.73400e+03   1.87600e+01   0.00000e+00   -4.55755e-03   0.00000e+00   0.00000e+00   0.00000e+00   0.00000e+00
2.73800e+03   1.87800e+01   0.00000e+00   -4.55212e-03   0.00000e+00   0.00000e+00   0.00000e+00   0.00000e+00
2.74200e+03   1.88000e+01   0.00000e+00   -4.54559e-03   0.00000e+00   0.00000e+00   0.00000e+00   0.00000e+00
2.74600e+03   1.88200e+01   0.00000e+00   -4.53735e-03   0.00000e+00   0.00000e+00   0.00000e+00   0.00000e+00
2.75000e+03   1.88400e+01   0.00000e+00   -4.53030e-03   0.00000e+00   0.00000e+00   0.00000e+00   0.00000e+00
2.75400e+03   1.88600e+01   0.00000e+00   -4.52381e-03   0.00000e+00   0.00000e+00   0.00000e+00   0.00000e+00
2.75800e+03   1.88800e+01   0.00000e+00   -4.51519e-03   0.00000e+00   0.00000e+00   0.00000e+00   0.00000e+00
2.76200e+03   1.89000e+01   0.00000e+00   -4.50697e-03   0.00000e+00   0.00000e+00   0.00000e+00   0.00000e+00
2.76600e+03   1.89200e+01   0.00000e+00   -4.50048e-03   0.00000e+00   0.00000e+00   0.00000e+00   0.00000e+00
2.77000e+03   1.89400e+01   0.00000e+00   -4.49236e-03   0.00000e+00   0.00000e+00   0.00000e+00   0.00000e+00
2.77400e+03   1.89600e+01   0.00000e+00   -4.48285e-03   0.00000e+00   0.00000e+00   0.00000e+00   0.00000e+00
2.77800e+03   1.89800e+01   0.00000e+00   -4.47525e-03   0.00000e+00   0.00000e+00   0.00000e+00   0.00000e+00
2.78200e+03   1.90000e+01   0.00000e+00   -4.46858e-03   0.00000e+00   0.00000e+00   0.00000e+00   0.00000e+00
2.78600e+03   1.90200e+01   0.00000e+00   -4.45971e-03   0.00000e+00   0.00000e+00   0.00000e+00   0.00000e+00
2.79000e+03   1.90400e+01   0.00000e+00   -4.45154e-03   0.00000e+00   0.00000e+00   0.00000e+00   0.00000e+00
2.79400e+03   1.90600e+01   0.00000e+00   -4.44553e-03   0.00000e+00   0.00000e+00   0.00000e+00   0.00000e+00
2.79800e+03   1.90800e+01   0.00000e+00   -4.43897e-03   0.00000e+00   0.00000e+00   0.00000e+00   0.00000e+00
2.80200e+03   1.91000e+01   0.00000e+00   -4.43166e-03   0.00000e+00   0.00000e+00   0.00000e+00   0.00000e+00
2.80600e+03   1.91200e+01   0.00000e+00   -4.42619e-03   0.00000e+00   0.00000e+00   0.00000e+00   0.00000e+00
2.81000e+03   1.91400e+01   0.00000e+00   -4.42133e-03   0.00000e+00   0.00000e+00   0.00000e+00   0.00000e+00
2.81400e+03   1.91600e+01   0.00000e+00   -4.41419e-03   0.00000e+00   0.00000e+00   0.00000e+00   0.00000e+00
2.81800e+03   1.91800e+01   0.00000e+00   -4.40783e-03   0.00000e+00   0.00000e+00   0.00000e+00   0.00000e+00
2.82200e+03   1.92000e+01   0.00000e+00   -4.40317e-03   0.00000e+00   0.00000e+00   0.00000e+00   0.00000e+00
2.82600e+03   1.92200e+01   0.00000e+00   -4.39712e-03   0.00000e+00   0.00000e+00   0.00000e+00   0.00000e+00
2.83000e+03   1.92400e+01   0.00000e+00   -4.38934e-03   0.00000e+00   0.00000e+00   0.00000e+00   0.00000e+00
2.83400e+03   1.92600e+01   0.00000e+00   -4.38314e-03   0.00000e+00   0.00000e+00   0.00000e+00   0.00000e+00
2.83800e+03   1.92800e+01   0.00000e+00   -4.37742e-03   0.00000e+00   0.00000e+00   0.00000e+00   0.00000e+00
2.84200e+03   1.93000e+01   0.00000e+00   -4.36931e-03   0.00000e+00   0.00000e+00   0.00000e+00   0.00000e+00
2.84600e+03   1.93200e+01   0.00000e+00   -4.36162e-03   0.00000e+00   0.00000e+00   0.00000e+00   0.00000e+00
2.85000e+03   1.93400e+01   0.00000e+00   -4.35530e-03   0.00000e+00   0.00000e+00   0.00000e+00   0.00000e+00
2.85400e+03   1.93600e+01   0.00000e+00   -4.34773e-03   0.00000e+00   0.00000e+00   0.00000e+00   0.00000e+00
2.85800e+03   1.93800e+01   0.00000e+00   -4.33896e-03   0.00000e+00   0.00000e+00   0.00000e+00   0.00000e+00
2.86200e+03   1.94000e+01   0.00000e+00   -4.33223e-03   0.00000e+00   0.00000e+00   0.00000e+00   0.00000e+00
2.86600e+03   1.94200e+01   0.00000e+00   -4.32542e-03   0.00000e+00   0.00000e+00   0.00000e+00   0.00000e+00
2.87000e+03   1.94400e+01   0.00000e+00   -4.31616e-03   0.00000e+00   0.00000e+00   0.00000e+00   0.00000e+00
2.87400e+03   1.94600e+01   0.00000e+00   -4.30749e-03   0.00000e+00   0.00000e+00   0.00000e+00   0.00000e+00
2.87800e+03   1.94800e+01   0.00000e+00   -4.30054e-03   0.00000e+00   0.00000e+00   0.00000e+00   0.00000e+00
2.88200e+03   1.95000e+01   0.00000e+00   -4.29242e-03   0.00000e+00   0.00000e+00   0.00000e+00   0.00000e+00
2.88600e+03   1.95200e+01   0.00000e+00   -4.28284e-03   0.00000e+00   0.00000e+00   0.00000e+00   0.00000e+00
2.89000e+03   1.95400e+01   0.00000e+00   -4.27513e-03   0.00000e+00   0.00000e+00   0.00000e+00   0.00000e+00
2.89400e+03   1.95600e+01   0.00000e+00   -4.26748e-03   0.00000e+00   0.00000e+00   0.00000e+00   0.00000e+00
2.89800e+03   1.95800e+01   0.00000e+00   -4.25804e-03   0.00000e+00   0.00000e+00   0.00000e+00   0.00000e+00
2.90200e+03   1.96000e+01   0.00000e+00   -4.24921e-03   0.00000e+00   0.00000e+00   0.00000e+00   0.00000e+00
2.90600e+03   1.96200e+01   0.00000e+00   -4.24179e-03   0.00000e+00   0.00000e+00   0.00000e+00   0.00000e+00
2.91000e+03   1.96400e+01   0.00000e+00   -4.23274e-03   0.00000e+00   0.00000e+00   0.00000e+00   0.00000e+00
2.91400e+03   1.96600e+01   0.00000e+00   -4.22235e-03   0.00000e+00   0.00000e+00   0.00000e+00   0.00000e+00
2.91800e+03   1.96800e+01   0.00000e+00   -4.21416e-03   0.00000e+00   0.00000e+00   0.00000e+00   0.00000e+00
2.92200e+03   1.97000e+01   0.00000e+00   -4.20589e-03   0.00000e+00   0.00000e+00   0.00000e+00   0.00000e+00
2.92600e+03   1.97200e+01   0.00000e+00   -4.19508e-03   0.00000e+00   0.00000e+00   0.00000e+00   0.00000e+00
2.93000e+03   1.97400e+01   0.00000e+00   -4.18464e-03   0.00000e+00   0.00000e+00   0.00000e+00   0.00000e+00
2.93400e+03   1.97600e+01   0.00000e+00   -4.17576e-03   0.00000e+00   0.00000e+00   0.00000e+00   0.00000e+00
2.93800e+03   1.97800e+01   0.00000e+00   -4.16535e-03   0.00000e+00   0.00000e+00   0.00000e+00   0.00000e+00
2.94200e+03   1.98000e+01   0.00000e+00   -4.15370e-03   0.00000e+00   0.00000e+00   0.00000e+00   0.00000e+00
2.94600e+03   1.98200e+01   0.00000e+00   -4.14378e-03   0.00000e+00   0.00000e+00   0.00000e+00   0.00000e+00
2.95000e+03   1.98400e+01   0.00000e+00   -4.13346e-03   0.00000e+00   0.00000e+00   0.00000e+00   0.00000e+00
2.95400e+03   1.98600e+01   0.00000e+00   -4.12100e-03   0.00000e+00   0.00000e+00   0.00000e+00   0.00000e+00
2.95800e+03   1.98800e+01   0.00000e+00   -4.10965e-03   0.00000e+00   0.00000e+00   0.00000e+00   0.00000e+00
2.96200e+03   1.99000e+01   0.00000e+00   -4.10002e-03   0.00000e+00   0.00000e+00   0.00000e+00   0.00000e+00
2.96600e+03   1.99200e+01   0.00000e+00   -4.08863e-03   0.00000e+00   0.00000e+00   0.00000e+00   0.00000e+00
2.97000e+03   1.99400e+01   0.00000e+00   -4.07659e-03   0.00000e+00   0.00000e+00   0.00000e+00   0.00000e+00
2.97400e+03   1.99600e+01   0.00000e+00   -4.06715e-03   0.00000e+00   0.00000e+00   0.00000e+00   0.00000e+00
2.97800e+03   1.99800e+01   0.00000e+00   -4.05821e-03   0.00000e+00   0.00000e+00   0.00000e+00   0.00000e+00
2.98200e+03   2.00000e+01   0.00000e+00   -4.04727e-03   0.00000e+00   0.00000e+00   0.00000e+00   0.00000e+00
2.98600e+03   2.00200e+01   0.00000e+00   -4.03705e-03   0.00000e+00   0.00000e+00   0.00000e+00   0.00000e+00
2.99000e+03   2.00400e+01   0.00000e+00   -4.02810e-03   0.00000e+00   0.00000e+00   0.00000e+00   0.00000e+00
2.99400e+03   2.00600e+01   0.00000e+00   -4.01734e-03   0.00000e+00   0.00000e+00   0.00000e+00   0.00000e+00
2.99800e+03   2.00800e+01   0.00000e+00   -4.00620e-03   0.00000e+00   0.00000e+00   0.00000e+00   0.00000e+00
3.00200e+03   2.01000e+01   0.00000e+00   -3.99692e-03   0.00000e+00   0.00000e+00   0.00000e+00   0.00000e+00
3.00600e+03   2.01200e+01   0.00000e+00   -3.98688e-03   0.00000e+00   0.00000e+00   0.00000e+00   0.00000e+00
3.01000e+03   2.01400e+01   0.00000e+00   -3.97396e-03   0.00000e+00   0.00000e+00   0.00000e+00   0.00000e+00
3.01400e+03   2.01600e+01   0.00000e+00   -3.96175e-03   0.00000e+00   0.00000e+00   0.00000e+00   0.00000e+00
3.01800e+03   2.01800e+01   0.00000e+00   -3.95100e-03   0.00000e+00   0.00000e+00   0.00000e+00   0.00000e+00
3.02200e+03   2.02000e+01   0.00000e+00   -3.93851e-03   0.00000e+00   0.00000e+00   0.00000e+00   0.00000e+00
3.02600e+03   2.02200e+01   0.00000e+00   -3.92523e-03   0.00000e+00   0.00000e+00   0.00000e+00   0.00000e+00
3.03000e+03   2.02400e+01   0.00000e+00   -3.91327e-03   0.00000e+00   0.00000e+00   0.00000e+00   0.00000e+00
3.03400e+03   2.02600e+01   0.00000e+00   -3.90071e-03   0.00000e+00   0.00000e+00   0.00000e+00   0.00000e+00
3.03800e+03   2.02800e+01   0.00000e+00   -3.88583e-03   0.00000e+00   0.00000e+00   0.00000e+00   0.00000e+00
3.04200e+03   2.03000e+01   0.00000e+00   -3.87180e-03   0.00000e+00   0.00000e+00   0.00000e+00   0.00000e+00
3.04600e+03   2.03200e+01   0.00000e+00   -3.85861e-03   0.00000e+00   0.00000e+00   0.00000e+00   0.00000e+00
3.05000e+03   2.03400e+01   0.00000e+00   -3.84318e-03   0.00000e+00   0.00000e+00   0.00000e+00   0.00000e+00
3.05400e+03   2.03600e+01   0.00000e+00   -3.82677e-03   0.00000e+00   0.00000e+00   0.00000e+00   0.00000e+00
3.05800e+03   2.03800e+01   0.00000e+00   -3.81174e-03   0.00000e+00   0.00000e+00   0.00000e+00   0.00000e+00
3.06200e+03   2.04000e+01   0.00000e+00   -3.79602e-03   0.00000e+00   0.00000e+00   0.00000e+00   0.00000e+00
3.06600e+03   2.04200e+01   0.00000e+00   -3.77744e-03   0.00000e+00   0.00000e+00   0.00000e+00   0.00000e+00
3.07000e+03   2.04400e+01   0.00000e+00   -3.75931e-03   0.00000e+00   0.00000e+00   0.00000e+00   0.00000e+00
3.07400e+03   2.04600e+01   0.00000e+00   -3.74184e-03   0.00000e+00   0.00000e+00   0.00000e+00   0.00000e+00
3.07800e+03   2.04800e+01   0.00000e+00   -3.72242e-03   0.00000e+00   0.00000e+00   0.00000e+00   0.00000e+00
3.08200e+03   2.05000e+01   0.00000e+00   -3.70173e-03   0.00000e+00   0.00000e+00   0.00000e+00   0.00000e+00
3.08600e+03   2.05200e+01   0.00000e+00   -3.68168e-03   0.00000e+00   0.00000e+00   0.00000e+00   0.00000e+00
3.09000e+03   2.05400e+01   0.00000e+00   -3.66027e-03   0.00000e+00   0.00000e+00   0.00000e+00   0.00000e+00
3.09400e+03   2.05600e+01   0.00000e+00   -3.63594e-03   0.00000e+00   0.00000e+00   0.00000e+00   0.00000e+00
3.09800e+03   2.05800e+01   0.00000e+00   -3.61206e-03   0.00000e+00   0.00000e+00   0.00000e+00   0.00000e+00
3.10200e+03   2.06000e+01   0.00000e+00   -3.58805e-03   0.00000e+00   0.00000e+00   0.00000e+00   0.00000e+00
3.10600e+03   2.06200e+01   0.00000e+00   -3.56095e-03   0.00000e+00   0.00000e+00   0.00000e+00   0.00000e+00
3.11000e+03   2.06400e+01   0.00000e+00   -3.53171e-03   0.00000e+00   0.00000e+00   0.00000e+00   0.00000e+00
3.11400e+03   2.06600e+01   0.00000e+00   -3.50266e-03   0.00000e+00   0.00000e+00   0.00000e+00   0.00000e+00
3.11800e+03   2.06800e+01   0.00000e+00   -3.47155e-03   0.00000e+00   0.00000e+00   0.00000e+00   0.00000e+00
3.12200e+03   2.07000e+01   0.00000e+00   -3.43622e-03   0.00000e+00   0.00000e+00   0.00000e+00   0.00000e+00
3.12600e+03   2.07200e+01   0.00000e+00   -3.39934e-03   0.00000e+00   0.00000e+00   0.00000e+00   0.00000e+00
3.13000e+03   2.07400e+01   0.00000e+00   -3.36038e-03   0.00000e+00   0.00000e+00   0.00000e+00   0.00000e+00
3.13400e+03   2.07600e+01   0.00000e+00   -3.31679e-03   0.00000e+00   0.00000e+00   0.00000e+00   0.00000e+00
3.13800e+03   2.07800e+01   0.00000e+00   -3.26928e-03   0.00000e+00   0.00000e+00   0.00000e+00   0.00000e+00
3.14200e+03   2.08000e+01   0.00000e+00   -3.21902e-03   0.00000e+00   0.00000e+00   0.00000e+00   0.00000e+00
3.14600e+03   2.08200e+01   0.00000e+00   -3.16248e-03   0.00000e+00   0.00000e+00   0.00000e+00   0.00000e+00
3.15000e+03   2.08400e+01   0.00000e+00   -3.09790e-03   0.00000e+00   0.00000e+00   0.00000e+00   0.00000e+00
3.15400e+03   2.08600e+01   0.00000e+00   -3.02720e-03   0.00000e+00   0.00000e+00   0.00000e+00   0.00000e+00
3.15800e+03   2.08800e+01   0.00000e+00   -2.94754e-03   0.00000e+00   0.00000e+00   0.00000e+00   0.00000e+00
3.16200e+03   2.09000e+01   0.00000e+00   -2.85323e-03   0.00000e+00   0.00000e+00   0.00000e+00   0.00000e+00
3.16600e+03   2.09200e+01   0.00000e+00   -2.74045e-03   0.00000e+00   0.00000e+00   0.00000e+00   0.00000e+00
3.17000e+03   2.09400e+01   0.00000e+00   -2.59646e-03   0.00000e+00   0.00000e+00   0.00000e+00   0.00000e+00
3.17400e+03   2.09600e+01   0.00000e+00   -2.40467e-03   0.00000e+00   0.00000e+00   0.00000e+00   0.00000e+00
3.17800e+03   2.09800e+01   0.00000e+00   -2.18167e-03   0.00000e+00   0.00000e+00   0.00000e+00   0.00000e+00
3.18200e+03   2.10000e+01   0.00000e+00   -1.93301e-03   0.00000e+00   0.00000e+00   0.00000e+00   0.00000e+00
3.18600e+03   2.10200e+01   0.00000e+00   -1.59113e-03   0.00000e+00   0.00000e+00   0.00000e+00   0.00000e+00
3.19000e+03   2.10400e+01   0.00000e+00   -1.26425e-03   0.00000e+00   0.00000e+00   0.00000e+00   0.00000e+00
3.19400e+03   2.10600e+01   0.00000e+00   0.00000e+00   0.00000e+00   0.00000e+00   0.00000e+00   0.00000e+00
3.19800e+03   2.10800e+01   0.00000e+00   0.00000e+00   0.00000e+00   0.00000e+00   0.00000e+00   0.00000e+00
