# Input-file high resolution ,
# height    th     qt    u    v    tke
0002.00000   0296.00000   0000.01550   0000.00000   0000.00000   0000.00000
0006.00000   0296.00000   0000.01550   0000.00000   0000.00000   0000.00000
0010.00000   0296.00000   0000.01550   0000.00000   0000.00000   0000.00000
0014.00000   0296.00000   0000.01550   0000.00000   0000.00000   0000.00000
0018.00000   0296.00000   0000.01550   0000.00000   0000.00000   0000.00000
0022.00000   0296.00000   0000.01550   0000.00000   0000.00000   0000.00000
0026.00000   0296.00000   0000.01550   0000.00000   0000.00000   0000.00000
0030.00000   0296.00000   0000.01550   0000.00000   0000.00000   0000.00000
0034.00000   0296.00000   0000.01550   0000.00000   0000.00000   0000.00000
0038.00000   0296.00000   0000.01550   0000.00000   0000.00000   0000.00000
0042.00000   0296.00000   0000.01550   0000.00000   0000.00000   0000.00000
0046.00000   0296.00000   0000.01550   0000.00000   0000.00000   0000.00000
0050.00000   0296.00000   0000.01550   0000.00000   0000.00000   0000.00000
0054.00000   0296.00000   0000.01550   0000.00000   0000.00000   0000.00000
0058.00000   0296.00000   0000.01550   0000.00000   0000.00000   0000.00000
0062.00000   0296.00000   0000.01550   0000.00000   0000.00000   0000.00000
0066.00000   0296.00000   0000.01550   0000.00000   0000.00000   0000.00000
0070.00000   0296.00000   0000.01550   0000.00000   0000.00000   0000.00000
0074.00000   0296.00000   0000.01550   0000.00000   0000.00000   0000.00000
0078.00000   0296.00000   0000.01550   0000.00000   0000.00000   0000.00000
0082.00000   0296.00000   0000.01550   0000.00000   0000.00000   0000.00000
0086.00000   0296.00000   0000.01550   0000.00000   0000.00000   0000.00000
0090.00000   0296.00000   0000.01550   0000.00000   0000.00000   0000.00000
0094.00000   0296.00000   0000.01550   0000.00000   0000.00000   0000.00000
0098.00000   0296.00000   0000.01550   0000.00000   0000.00000   0000.00000
0102.00000   0296.00000   0000.01550   0000.00000   0000.00000   0000.00000
0106.00000   0296.00000   0000.01550   0000.00000   0000.00000   0000.00000
0110.00000   0296.00000   0000.01550   0000.00000   0000.00000   0000.00000
0114.00000   0296.00000   0000.01550   0000.00000   0000.00000   0000.00000
0118.00000   0296.00000   0000.01550   0000.00000   0000.00000   0000.00000
0122.00000   0296.00000   0000.01550   0000.00000   0000.00000   0000.00000
0126.00000   0296.00000   0000.01550   0000.00000   0000.00000   0000.00000
0130.00000   0296.00000   0000.01550   0000.00000   0000.00000   0000.00000
0134.00000   0296.00000   0000.01550   0000.00000   0000.00000   0000.00000
0138.00000   0296.00000   0000.01550   0000.00000   0000.00000   0000.00000
0142.00000   0296.00000   0000.01550   0000.00000   0000.00000   0000.00000
0146.00000   0296.00000   0000.01550   0000.00000   0000.00000   0000.00000
0150.00000   0296.00000   0000.01550   0000.00000   0000.00000   0000.00000
0154.00000   0296.00000   0000.01550   0000.00000   0000.00000   0000.00000
0158.00000   0296.00000   0000.01550   0000.00000   0000.00000   0000.00000
0162.00000   0296.00000   0000.01550   0000.00000   0000.00000   0000.00000
0166.00000   0296.00000   0000.01550   0000.00000   0000.00000   0000.00000
0170.00000   0296.00000   0000.01550   0000.00000   0000.00000   0000.00000
0174.00000   0296.00000   0000.01550   0000.00000   0000.00000   0000.00000
0178.00000   0296.00000   0000.01550   0000.00000   0000.00000   0000.00000
0182.00000   0296.00000   0000.01550   0000.00000   0000.00000   0000.00000
0186.00000   0296.00000   0000.01550   0000.00000   0000.00000   0000.00000
0190.00000   0296.00000   0000.01550   0000.00000   0000.00000   0000.00000
0194.00000   0296.00000   0000.01550   0000.00000   0000.00000   0000.00000
0198.00000   0296.00000   0000.01550   0000.00000   0000.00000   0000.00000
0202.00000   0296.00000   0000.01550   0000.00000   0000.00000   0000.00000
0206.00000   0296.00000   0000.01550   0000.00000   0000.00000   0000.00000
0210.00000   0296.00000   0000.01550   0000.00000   0000.00000   0000.00000
0214.00000   0296.00000   0000.01550   0000.00000   0000.00000   0000.00000
0218.00000   0296.00000   0000.01550   0000.00000   0000.00000   0000.00000
0222.00000   0296.00000   0000.01550   0000.00000   0000.00000   0000.00000
0226.00000   0296.00000   0000.01550   0000.00000   0000.00000   0000.00000
0230.00000   0296.00000   0000.01550   0000.00000   0000.00000   0000.00000
0234.00000   0296.00000   0000.01550   0000.00000   0000.00000   0000.00000
0238.00000   0296.00000   0000.01550   0000.00000   0000.00000   0000.00000
0242.00000   0296.00000   0000.01550   0000.00000   0000.00000   0000.00000
0246.00000   0296.00000   0000.01550   0000.00000   0000.00000   0000.00000
0250.00000   0296.00000   0000.01550   0000.00000   0000.00000   0000.00000
0254.00000   0296.00000   0000.01550   0000.00000   0000.00000   0000.00000
0258.00000   0296.00000   0000.01550   0000.00000   0000.00000   0000.00000
0262.00000   0296.00000   0000.01550   0000.00000   0000.00000   0000.00000
0266.00000   0296.00000   0000.01550   0000.00000   0000.00000   0000.00000
0270.00000   0296.00000   0000.01550   0000.00000   0000.00000   0000.00000
0274.00000   0296.00000   0000.01550   0000.00000   0000.00000   0000.00000
0278.00000   0296.00000   0000.01550   0000.00000   0000.00000   0000.00000
0282.00000   0296.00000   0000.01550   0000.00000   0000.00000   0000.00000
0286.00000   0296.00000   0000.01550   0000.00000   0000.00000   0000.00000
0290.00000   0296.00000   0000.01550   0000.00000   0000.00000   0000.00000
0294.00000   0296.00000   0000.01550   0000.00000   0000.00000   0000.00000
0298.00000   0296.00000   0000.01550   0000.00000   0000.00000   0000.00000
0302.00000   0296.00000   0000.01550   0000.00000   0000.00000   0000.00000
0306.00000   0296.00000   0000.01550   0000.00000   0000.00000   0000.00000
0310.00000   0296.00000   0000.01550   0000.00000   0000.00000   0000.00000
0314.00000   0296.00000   0000.01550   0000.00000   0000.00000   0000.00000
0318.00000   0296.00000   0000.01550   0000.00000   0000.00000   0000.00000
0322.00000   0296.00000   0000.01550   0000.00000   0000.00000   0000.00000
0326.00000   0296.00000   0000.01550   0000.00000   0000.00000   0000.00000
0330.00000   0296.00000   0000.01550   0000.00000   0000.00000   0000.00000
0334.00000   0296.00000   0000.01550   0000.00000   0000.00000   0000.00000
0338.00000   0296.00000   0000.01550   0000.00000   0000.00000   0000.00000
0342.00000   0296.00000   0000.01550   0000.00000   0000.00000   0000.00000
0346.00000   0296.00000   0000.01550   0000.00000   0000.00000   0000.00000
0350.00000   0296.00000   0000.01550   0000.00000   0000.00000   0000.00000
0354.00000   0296.00000   0000.01550   0000.00000   0000.00000   0000.00000
0358.00000   0296.00000   0000.01550   0000.00000   0000.00000   0000.00000
0362.00000   0296.00000   0000.01550   0000.00000   0000.00000   0000.00000
0366.00000   0296.00000   0000.01550   0000.00000   0000.00000   0000.00000
0370.00000   0296.00000   0000.01550   0000.00000   0000.00000   0000.00000
0374.00000   0296.00000   0000.01550   0000.00000   0000.00000   0000.00000
0378.00000   0296.00000   0000.01550   0000.00000   0000.00000   0000.00000
0382.00000   0296.00000   0000.01550   0000.00000   0000.00000   0000.00000
0386.00000   0296.00000   0000.01550   0000.00000   0000.00000   0000.00000
0390.00000   0296.00000   0000.01550   0000.00000   0000.00000   0000.00000
0394.00000   0296.00000   0000.01550   0000.00000   0000.00000   0000.00000
0398.00000   0296.00000   0000.01550   0000.00000   0000.00000   0000.00000
0402.00000   0296.00000   0000.01550   0000.00000   0000.00000   0000.00000
0406.00000   0296.00000   0000.01550   0000.00000   0000.00000   0000.00000
0410.00000   0296.00000   0000.01550   0000.00000   0000.00000   0000.00000
0414.00000   0296.00000   0000.01550   0000.00000   0000.00000   0000.00000
0418.00000   0296.00000   0000.01550   0000.00000   0000.00000   0000.00000
0422.00000   0296.00000   0000.01550   0000.00000   0000.00000   0000.00000
0426.00000   0296.00000   0000.01550   0000.00000   0000.00000   0000.00000
0430.00000   0296.00000   0000.01550   0000.00000   0000.00000   0000.00000
0434.00000   0296.00000   0000.01550   0000.00000   0000.00000   0000.00000
0438.00000   0296.00000   0000.01550   0000.00000   0000.00000   0000.00000
0442.00000   0296.00000   0000.01550   0000.00000   0000.00000   0000.00000
0446.00000   0296.00000   0000.01550   0000.00000   0000.00000   0000.00000
0450.00000   0296.00000   0000.01550   0000.00000   0000.00000   0000.00000
0454.00000   0296.00000   0000.01550   0000.00000   0000.00000   0000.00000
0458.00000   0296.00000   0000.01550   0000.00000   0000.00000   0000.00000
0462.00000   0296.00000   0000.01550   0000.00000   0000.00000   0000.00000
0466.00000   0296.00000   0000.01550   0000.00000   0000.00000   0000.00000
0470.00000   0296.00000   0000.01550   0000.00000   0000.00000   0000.00000
0474.00000   0296.00000   0000.01550   0000.00000   0000.00000   0000.00000
0478.00000   0296.00000   0000.01550   0000.00000   0000.00000   0000.00000
0482.00000   0296.00000   0000.01550   0000.00000   0000.00000   0000.00000
0486.00000   0296.00000   0000.01550   0000.00000   0000.00000   0000.00000
0490.00000   0296.00000   0000.01550   0000.00000   0000.00000   0000.00000
0494.00000   0296.00000   0000.01550   0000.00000   0000.00000   0000.00000
0498.00000   0296.00000   0000.01550   0000.00000   0000.00000   0000.00000
0502.00000   0296.00000   0000.01550   0000.00000   0000.00000   0000.00000
0506.00000   0296.00000   0000.01550   0000.00000   0000.00000   0000.00000
0510.00000   0296.00000   0000.01550   0000.00000   0000.00000   0000.00000
0514.00000   0296.00000   0000.01550   0000.00000   0000.00000   0000.00000
0518.00000   0296.00000   0000.01550   0000.00000   0000.00000   0000.00000
0522.00000   0296.00000   0000.01550   0000.00000   0000.00000   0000.00000
0526.00000   0296.00000   0000.01550   0000.00000   0000.00000   0000.00000
0530.00000   0296.00000   0000.01550   0000.00000   0000.00000   0000.00000
0534.00000   0296.00000   0000.01550   0000.00000   0000.00000   0000.00000
0538.00000   0296.00000   0000.01550   0000.00000   0000.00000   0000.00000
0542.00000   0296.00000   0000.01550   0000.00000   0000.00000   0000.00000
0546.00000   0296.00000   0000.01550   0000.00000   0000.00000   0000.00000
0550.00000   0296.00000   0000.01550   0000.00000   0000.00000   0000.00000
0554.00000   0296.00000   0000.01550   0000.00000   0000.00000   0000.00000
0558.00000   0296.67500   0000.01550   0000.00000   0000.00000   0000.00000
0562.00000   0297.57500   0000.01550   0000.00000   0000.00000   0000.00000
0566.00000   0298.47500   0000.01550   0000.00000   0000.00000   0000.00000
0570.00000   0299.37500   0000.01550   0000.00000   0000.00000   0000.00000
0574.00000   0300.27500   0000.01550   0000.00000   0000.00000   0000.00000
0578.00000   0300.51402   0000.01549   0000.00000   0000.00000   0000.00000
0582.00000   0300.53272   0000.01548   0000.00000   0000.00000   0000.00000
0586.00000   0300.55141   0000.01547   0000.00000   0000.00000   0000.00000
0590.00000   0300.57011   0000.01545   0000.00000   0000.00000   0000.00000
0594.00000   0300.58881   0000.01543   0000.00000   0000.00000   0000.00000
0598.00000   0300.60750   0000.01542   0000.00000   0000.00000   0000.00000
0602.00000   0300.62620   0000.01541   0000.00000   0000.00000   0000.00000
0606.00000   0300.64489   0000.01540   0000.00000   0000.00000   0000.00000
0610.00000   0300.66359   0000.01538   0000.00000   0000.00000   0000.00000
0614.00000   0300.68229   0000.01537   0000.00000   0000.00000   0000.00000
0618.00000   0300.70098   0000.01536   0000.00000   0000.00000   0000.00000
0622.00000   0300.71968   0000.01535   0000.00000   0000.00000   0000.00000
0626.00000   0300.73837   0000.01534   0000.00000   0000.00000   0000.00000
0630.00000   0300.75707   0000.01532   0000.00000   0000.00000   0000.00000
0634.00000   0300.77577   0000.01530   0000.00000   0000.00000   0000.00000
0638.00000   0300.79447   0000.01529   0000.00000   0000.00000   0000.00000
0642.00000   0300.81316   0000.01528   0000.00000   0000.00000   0000.00000
0646.00000   0300.83186   0000.01527   0000.00000   0000.00000   0000.00000
0650.00000   0300.85056   0000.01526   0000.00000   0000.00000   0000.00000
0654.00000   0300.86926   0000.01524   0000.00000   0000.00000   0000.00000
0658.00000   0300.88795   0000.01523   0000.00000   0000.00000   0000.00000
0662.00000   0300.90665   0000.01521   0000.00000   0000.00000   0000.00000
0666.00000   0300.92534   0000.01520   0000.00000   0000.00000   0000.00000
0670.00000   0300.94404   0000.01519   0000.00000   0000.00000   0000.00000
0674.00000   0300.96274   0000.01517   0000.00000   0000.00000   0000.00000
0678.00000   0300.98143   0000.01516   0000.00000   0000.00000   0000.00000
0682.00000   0301.00013   0000.01515   0000.00000   0000.00000   0000.00000
0686.00000   0301.01882   0000.01514   0000.00000   0000.00000   0000.00000
0690.00000   0301.03752   0000.01512   0000.00000   0000.00000   0000.00000
0694.00000   0301.05622   0000.01511   0000.00000   0000.00000   0000.00000
0698.00000   0301.07491   0000.01510   0000.00000   0000.00000   0000.00000
0702.00000   0301.09361   0000.01508   0000.00000   0000.00000   0000.00000
0706.00000   0301.11230   0000.01507   0000.00000   0000.00000   0000.00000
0710.00000   0301.13100   0000.01505   0000.00000   0000.00000   0000.00000
0714.00000   0301.14970   0000.01504   0000.00000   0000.00000   0000.00000
0718.00000   0301.16839   0000.01503   0000.00000   0000.00000   0000.00000
0722.00000   0301.18709   0000.01502   0000.00000   0000.00000   0000.00000
0726.00000   0301.20578   0000.01501   0000.00000   0000.00000   0000.00000
0730.00000   0301.22448   0000.01499   0000.00000   0000.00000   0000.00000
0734.00000   0301.24318   0000.01497   0000.00000   0000.00000   0000.00000
0738.00000   0301.26187   0000.01496   0000.00000   0000.00000   0000.00000
0742.00000   0301.28057   0000.01495   0000.00000   0000.00000   0000.00000
0746.00000   0301.29926   0000.01494   0000.00000   0000.00000   0000.00000
0750.00000   0301.31796   0000.01493   0000.00000   0000.00000   0000.00000
0754.00000   0301.33666   0000.01491   0000.00000   0000.00000   0000.00000
0758.00000   0301.35535   0000.01490   0000.00000   0000.00000   0000.00000
0762.00000   0301.37405   0000.01489   0000.00000   0000.00000   0000.00000
0766.00000   0301.39274   0000.01488   0000.00000   0000.00000   0000.00000
0770.00000   0301.41144   0000.01486   0000.00000   0000.00000   0000.00000
0774.00000   0301.43014   0000.01484   0000.00000   0000.00000   0000.00000
0778.00000   0301.44884   0000.01483   0000.00000   0000.00000   0000.00000
0782.00000   0301.46753   0000.01482   0000.00000   0000.00000   0000.00000
0786.00000   0301.48623   0000.01481   0000.00000   0000.00000   0000.00000
0790.00000   0301.50493   0000.01479   0000.00000   0000.00000   0000.00000
0794.00000   0301.52363   0000.01478   0000.00000   0000.00000   0000.00000
0798.00000   0301.54232   0000.01477   0000.00000   0000.00000   0000.00000
0802.00000   0301.56102   0000.01475   0000.00000   0000.00000   0000.00000
0806.00000   0301.57971   0000.01474   0000.00000   0000.00000   0000.00000
0810.00000   0301.59841   0000.01473   0000.00000   0000.00000   0000.00000
0814.00000   0301.61711   0000.01471   0000.00000   0000.00000   0000.00000
0818.00000   0301.63580   0000.01470   0000.00000   0000.00000   0000.00000
0822.00000   0301.65450   0000.01469   0000.00000   0000.00000   0000.00000
0826.00000   0301.67319   0000.01468   0000.00000   0000.00000   0000.00000
0830.00000   0301.69189   0000.01467   0000.00000   0000.00000   0000.00000
0834.00000   0301.71059   0000.01465   0000.00000   0000.00000   0000.00000
0838.00000   0301.72928   0000.01464   0000.00000   0000.00000   0000.00000
0842.00000   0301.74798   0000.01462   0000.00000   0000.00000   0000.00000
0846.00000   0301.76667   0000.01461   0000.00000   0000.00000   0000.00000
0850.00000   0301.78537   0000.01460   0000.00000   0000.00000   0000.00000
0854.00000   0301.80407   0000.01458   0000.00000   0000.00000   0000.00000
0858.00000   0301.82276   0000.01457   0000.00000   0000.00000   0000.00000
0862.00000   0301.84146   0000.01456   0000.00000   0000.00000   0000.00000
0866.00000   0301.86015   0000.01455   0000.00000   0000.00000   0000.00000
0870.00000   0301.87885   0000.01453   0000.00000   0000.00000   0000.00000
0874.00000   0301.89755   0000.01451   0000.00000   0000.00000   0000.00000
0878.00000   0301.91624   0000.01450   0000.00000   0000.00000   0000.00000
0882.00000   0301.93494   0000.01449   0000.00000   0000.00000   0000.00000
0886.00000   0301.95363   0000.01448   0000.00000   0000.00000   0000.00000
0890.00000   0301.97233   0000.01446   0000.00000   0000.00000   0000.00000
0894.00000   0301.99103   0000.01445   0000.00000   0000.00000   0000.00000
0898.00000   0302.00972   0000.01444   0000.00000   0000.00000   0000.00000
0902.00000   0302.02842   0000.01442   0000.00000   0000.00000   0000.00000
0906.00000   0302.04712   0000.01441   0000.00000   0000.00000   0000.00000
0910.00000   0302.06581   0000.01439   0000.00000   0000.00000   0000.00000
0914.00000   0302.08451   0000.01438   0000.00000   0000.00000   0000.00000
0918.00000   0302.10321   0000.01437   0000.00000   0000.00000   0000.00000
0922.00000   0302.12191   0000.01436   0000.00000   0000.00000   0000.00000
0926.00000   0302.14060   0000.01435   0000.00000   0000.00000   0000.00000
0930.00000   0302.15930   0000.01434   0000.00000   0000.00000   0000.00000
0934.00000   0302.17800   0000.01432   0000.00000   0000.00000   0000.00000
0938.00000   0302.19669   0000.01431   0000.00000   0000.00000   0000.00000
0942.00000   0302.21539   0000.01429   0000.00000   0000.00000   0000.00000
0946.00000   0302.23408   0000.01428   0000.00000   0000.00000   0000.00000
0950.00000   0302.25278   0000.01426   0000.00000   0000.00000   0000.00000
0954.00000   0302.27148   0000.01425   0000.00000   0000.00000   0000.00000
0958.00000   0302.29017   0000.01424   0000.00000   0000.00000   0000.00000
0962.00000   0302.30887   0000.01423   0000.00000   0000.00000   0000.00000
0966.00000   0302.32756   0000.01422   0000.00000   0000.00000   0000.00000
0970.00000   0302.34626   0000.01420   0000.00000   0000.00000   0000.00000
0974.00000   0302.36496   0000.01418   0000.00000   0000.00000   0000.00000
0978.00000   0302.38365   0000.01417   0000.00000   0000.00000   0000.00000
0982.00000   0302.40235   0000.01416   0000.00000   0000.00000   0000.00000
0986.00000   0302.42104   0000.01415   0000.00000   0000.00000   0000.00000
0990.00000   0302.43974   0000.01413   0000.00000   0000.00000   0000.00000
0994.00000   0302.45844   0000.01412   0000.00000   0000.00000   0000.00000
0998.00000   0302.47713   0000.01411   0000.00000   0000.00000   0000.00000
1002.00000   0302.49583   0000.01410   0000.00000   0000.00000   0000.00000
1006.00000   0302.51452   0000.01409   0000.00000   0000.00000   0000.00000
1010.00000   0302.53322   0000.01407   0000.00000   0000.00000   0000.00000
1014.00000   0302.55192   0000.01405   0000.00000   0000.00000   0000.00000
1018.00000   0302.57061   0000.01404   0000.00000   0000.00000   0000.00000
1022.00000   0302.58931   0000.01403   0000.00000   0000.00000   0000.00000
1026.00000   0302.60800   0000.01402   0000.00000   0000.00000   0000.00000
1030.00000   0302.62670   0000.01401   0000.00000   0000.00000   0000.00000
1034.00000   0302.64540   0000.01399   0000.00000   0000.00000   0000.00000
1038.00000   0302.66409   0000.01398   0000.00000   0000.00000   0000.00000
1042.00000   0302.68279   0000.01396   0000.00000   0000.00000   0000.00000
1046.00000   0302.70149   0000.01395   0000.00000   0000.00000   0000.00000
1050.00000   0302.72019   0000.01393   0000.00000   0000.00000   0000.00000
1054.00000   0302.73888   0000.01392   0000.00000   0000.00000   0000.00000
1058.00000   0302.75758   0000.01391   0000.00000   0000.00000   0000.00000
1062.00000   0302.77628   0000.01390   0000.00000   0000.00000   0000.00000
1066.00000   0302.79497   0000.01389   0000.00000   0000.00000   0000.00000
1070.00000   0302.81367   0000.01388   0000.00000   0000.00000   0000.00000
1074.00000   0302.83237   0000.01386   0000.00000   0000.00000   0000.00000
1078.00000   0302.85106   0000.01385   0000.00000   0000.00000   0000.00000
1082.00000   0302.86976   0000.01383   0000.00000   0000.00000   0000.00000
1086.00000   0302.88845   0000.01382   0000.00000   0000.00000   0000.00000
1090.00000   0302.90715   0000.01381   0000.00000   0000.00000   0000.00000
1094.00000   0302.92585   0000.01379   0000.00000   0000.00000   0000.00000
1098.00000   0302.94454   0000.01378   0000.00000   0000.00000   0000.00000
1102.00000   0302.96324   0000.01377   0000.00000   0000.00000   0000.00000
1106.00000   0302.98193   0000.01376   0000.00000   0000.00000   0000.00000
1110.00000   0303.00063   0000.01374   0000.00000   0000.00000   0000.00000
1114.00000   0303.01933   0000.01372   0000.00000   0000.00000   0000.00000
1118.00000   0303.03802   0000.01371   0000.00000   0000.00000   0000.00000
1122.00000   0303.05672   0000.01370   0000.00000   0000.00000   0000.00000
1126.00000   0303.07541   0000.01369   0000.00000   0000.00000   0000.00000
1130.00000   0303.09411   0000.01367   0000.00000   0000.00000   0000.00000
1134.00000   0303.11281   0000.01366   0000.00000   0000.00000   0000.00000
1138.00000   0303.13150   0000.01365   0000.00000   0000.00000   0000.00000
1142.00000   0303.15020   0000.01364   0000.00000   0000.00000   0000.00000
1146.00000   0303.16889   0000.01363   0000.00000   0000.00000   0000.00000
1150.00000   0303.18759   0000.01361   0000.00000   0000.00000   0000.00000
1154.00000   0303.20629   0000.01359   0000.00000   0000.00000   0000.00000
1158.00000   0303.22498   0000.01358   0000.00000   0000.00000   0000.00000
1162.00000   0303.24368   0000.01357   0000.00000   0000.00000   0000.00000
1166.00000   0303.26237   0000.01356   0000.00000   0000.00000   0000.00000
1170.00000   0303.28107   0000.01354   0000.00000   0000.00000   0000.00000
1174.00000   0303.29977   0000.01353   0000.00000   0000.00000   0000.00000
1178.00000   0303.31847   0000.01352   0000.00000   0000.00000   0000.00000
1182.00000   0303.33716   0000.01350   0000.00000   0000.00000   0000.00000
1186.00000   0303.35586   0000.01349   0000.00000   0000.00000   0000.00000
1190.00000   0303.37456   0000.01348   0000.00000   0000.00000   0000.00000
1194.00000   0303.39326   0000.01346   0000.00000   0000.00000   0000.00000
1198.00000   0303.41195   0000.01345   0000.00000   0000.00000   0000.00000
1202.00000   0303.43065   0000.01344   0000.00000   0000.00000   0000.00000
1206.00000   0303.44934   0000.01343   0000.00000   0000.00000   0000.00000
1210.00000   0303.46804   0000.01341   0000.00000   0000.00000   0000.00000
1214.00000   0303.48674   0000.01340   0000.00000   0000.00000   0000.00000
1218.00000   0303.50543   0000.01339   0000.00000   0000.00000   0000.00000
1222.00000   0303.52413   0000.01337   0000.00000   0000.00000   0000.00000
1226.00000   0303.54282   0000.01336   0000.00000   0000.00000   0000.00000
1230.00000   0303.56152   0000.01334   0000.00000   0000.00000   0000.00000
1234.00000   0303.58022   0000.01333   0000.00000   0000.00000   0000.00000
1238.00000   0303.59891   0000.01332   0000.00000   0000.00000   0000.00000
1242.00000   0303.61761   0000.01331   0000.00000   0000.00000   0000.00000
1246.00000   0303.63630   0000.01330   0000.00000   0000.00000   0000.00000
1250.00000   0303.65500   0000.01328   0000.00000   0000.00000   0000.00000
1254.00000   0303.67370   0000.01326   0000.00000   0000.00000   0000.00000
1258.00000   0303.69239   0000.01325   0000.00000   0000.00000   0000.00000
1262.00000   0303.71109   0000.01324   0000.00000   0000.00000   0000.00000
1266.00000   0303.72978   0000.01323   0000.00000   0000.00000   0000.00000
1270.00000   0303.74848   0000.01322   0000.00000   0000.00000   0000.00000
1274.00000   0303.76718   0000.01320   0000.00000   0000.00000   0000.00000
1278.00000   0303.78587   0000.01319   0000.00000   0000.00000   0000.00000
1282.00000   0303.80457   0000.01318   0000.00000   0000.00000   0000.00000
1286.00000   0303.82326   0000.01317   0000.00000   0000.00000   0000.00000
1290.00000   0303.84196   0000.01315   0000.00000   0000.00000   0000.00000
1294.00000   0303.86066   0000.01313   0000.00000   0000.00000   0000.00000
1298.00000   0303.87935   0000.01312   0000.00000   0000.00000   0000.00000
1302.00000   0303.89805   0000.01311   0000.00000   0000.00000   0000.00000
1306.00000   0303.91674   0000.01310   0000.00000   0000.00000   0000.00000
1310.00000   0303.93544   0000.01308   0000.00000   0000.00000   0000.00000
1314.00000   0303.95414   0000.01307   0000.00000   0000.00000   0000.00000
1318.00000   0303.97284   0000.01306   0000.00000   0000.00000   0000.00000
1322.00000   0303.99153   0000.01304   0000.00000   0000.00000   0000.00000
1326.00000   0304.01023   0000.01303   0000.00000   0000.00000   0000.00000
1330.00000   0304.02893   0000.01301   0000.00000   0000.00000   0000.00000
1334.00000   0304.04763   0000.01300   0000.00000   0000.00000   0000.00000
1338.00000   0304.06632   0000.01299   0000.00000   0000.00000   0000.00000
1342.00000   0304.08502   0000.01298   0000.00000   0000.00000   0000.00000
1346.00000   0304.10371   0000.01297   0000.00000   0000.00000   0000.00000
1350.00000   0304.12241   0000.01296   0000.00000   0000.00000   0000.00000
1354.00000   0304.14111   0000.01294   0000.00000   0000.00000   0000.00000
1358.00000   0304.15980   0000.01293   0000.00000   0000.00000   0000.00000
1362.00000   0304.17850   0000.01291   0000.00000   0000.00000   0000.00000
1366.00000   0304.19719   0000.01290   0000.00000   0000.00000   0000.00000
1370.00000   0304.21589   0000.01289   0000.00000   0000.00000   0000.00000
1374.00000   0304.23459   0000.01287   0000.00000   0000.00000   0000.00000
1378.00000   0304.25328   0000.01286   0000.00000   0000.00000   0000.00000
1382.00000   0304.27198   0000.01285   0000.00000   0000.00000   0000.00000
1386.00000   0304.29067   0000.01284   0000.00000   0000.00000   0000.00000
1390.00000   0304.30937   0000.01282   0000.00000   0000.00000   0000.00000
1394.00000   0304.32807   0000.01280   0000.00000   0000.00000   0000.00000
1398.00000   0304.34676   0000.01279   0000.00000   0000.00000   0000.00000
1402.00000   0304.36546   0000.01278   0000.00000   0000.00000   0000.00000
1406.00000   0304.38415   0000.01277   0000.00000   0000.00000   0000.00000
1410.00000   0304.40285   0000.01275   0000.00000   0000.00000   0000.00000
1414.00000   0304.42155   0000.01274   0000.00000   0000.00000   0000.00000
1418.00000   0304.44024   0000.01273   0000.00000   0000.00000   0000.00000
1422.00000   0304.45894   0000.01272   0000.00000   0000.00000   0000.00000
1426.00000   0304.47763   0000.01271   0000.00000   0000.00000   0000.00000
1430.00000   0304.49633   0000.01269   0000.00000   0000.00000   0000.00000
1434.00000   0304.51503   0000.01267   0000.00000   0000.00000   0000.00000
1438.00000   0304.53372   0000.01266   0000.00000   0000.00000   0000.00000
1442.00000   0304.55242   0000.01265   0000.00000   0000.00000   0000.00000
1446.00000   0304.57112   0000.01264   0000.00000   0000.00000   0000.00000
1450.00000   0304.58981   0000.01263   0000.00000   0000.00000   0000.00000
1454.00000   0304.60851   0000.01261   0000.00000   0000.00000   0000.00000
1458.00000   0304.62721   0000.01260   0000.00000   0000.00000   0000.00000
1462.00000   0304.64591   0000.01258   0000.00000   0000.00000   0000.00000
1466.00000   0304.66460   0000.01257   0000.00000   0000.00000   0000.00000
1470.00000   0304.68330   0000.01256   0000.00000   0000.00000   0000.00000
1474.00000   0304.70200   0000.01254   0000.00000   0000.00000   0000.00000
1478.00000   0304.72069   0000.01253   0000.00000   0000.00000   0000.00000
1482.00000   0304.73939   0000.01252   0000.00000   0000.00000   0000.00000
1486.00000   0304.75808   0000.01251   0000.00000   0000.00000   0000.00000
1490.00000   0304.77678   0000.01249   0000.00000   0000.00000   0000.00000
1494.00000   0304.79548   0000.01248   0000.00000   0000.00000   0000.00000
1498.00000   0304.81417   0000.01247   0000.00000   0000.00000   0000.00000
1502.00000   0304.83287   0000.01245   0000.00000   0000.00000   0000.00000
1506.00000   0304.85156   0000.01244   0000.00000   0000.00000   0000.00000
1510.00000   0304.87026   0000.01242   0000.00000   0000.00000   0000.00000
1514.00000   0304.88896   0000.01241   0000.00000   0000.00000   0000.00000
1518.00000   0304.90765   0000.01240   0000.00000   0000.00000   0000.00000
1522.00000   0304.92635   0000.01239   0000.00000   0000.00000   0000.00000
1526.00000   0304.94504   0000.01238   0000.00000   0000.00000   0000.00000
1530.00000   0304.96374   0000.01236   0000.00000   0000.00000   0000.00000
1534.00000   0304.98244   0000.01234   0000.00000   0000.00000   0000.00000
1538.00000   0305.00113   0000.01233   0000.00000   0000.00000   0000.00000
1542.00000   0305.01983   0000.01232   0000.00000   0000.00000   0000.00000
1546.00000   0305.03852   0000.01231   0000.00000   0000.00000   0000.00000
1550.00000   0305.05722   0000.01230   0000.00000   0000.00000   0000.00000
1554.00000   0305.07592   0000.01228   0000.00000   0000.00000   0000.00000
1558.00000   0305.09461   0000.01227   0000.00000   0000.00000   0000.00000
1562.00000   0305.11331   0000.01225   0000.00000   0000.00000   0000.00000
1566.00000   0305.13200   0000.01224   0000.00000   0000.00000   0000.00000
1570.00000   0305.15070   0000.01222   0000.00000   0000.00000   0000.00000
1574.00000   0305.16940   0000.01221   0000.00000   0000.00000   0000.00000
1578.00000   0305.18809   0000.01220   0000.00000   0000.00000   0000.00000
1582.00000   0305.20679   0000.01219   0000.00000   0000.00000   0000.00000
1586.00000   0305.22548   0000.01218   0000.00000   0000.00000   0000.00000
1590.00000   0305.24419   0000.01216   0000.00000   0000.00000   0000.00000
1594.00000   0305.26288   0000.01215   0000.00000   0000.00000   0000.00000
1598.00000   0305.28158   0000.01214   0000.00000   0000.00000   0000.00000
1602.00000   0305.30028   0000.01212   0000.00000   0000.00000   0000.00000
1606.00000   0305.31897   0000.01211   0000.00000   0000.00000   0000.00000
1610.00000   0305.33767   0000.01209   0000.00000   0000.00000   0000.00000
1614.00000   0305.35637   0000.01208   0000.00000   0000.00000   0000.00000
1618.00000   0305.37506   0000.01207   0000.00000   0000.00000   0000.00000
1622.00000   0305.39376   0000.01206   0000.00000   0000.00000   0000.00000
1626.00000   0305.41245   0000.01205   0000.00000   0000.00000   0000.00000
1630.00000   0305.43115   0000.01203   0000.00000   0000.00000   0000.00000
1634.00000   0305.44985   0000.01201   0000.00000   0000.00000   0000.00000
1638.00000   0305.46854   0000.01200   0000.00000   0000.00000   0000.00000
1642.00000   0305.48724   0000.01199   0000.00000   0000.00000   0000.00000
1646.00000   0305.50593   0000.01198   0000.00000   0000.00000   0000.00000
1650.00000   0305.52463   0000.01196   0000.00000   0000.00000   0000.00000
1654.00000   0305.54333   0000.01195   0000.00000   0000.00000   0000.00000
1658.00000   0305.56202   0000.01194   0000.00000   0000.00000   0000.00000
1662.00000   0305.58072   0000.01193   0000.00000   0000.00000   0000.00000
1666.00000   0305.59941   0000.01192   0000.00000   0000.00000   0000.00000
1670.00000   0305.61811   0000.01190   0000.00000   0000.00000   0000.00000
1674.00000   0305.63681   0000.01188   0000.00000   0000.00000   0000.00000
1678.00000   0305.65550   0000.01187   0000.00000   0000.00000   0000.00000
1682.00000   0305.67420   0000.01186   0000.00000   0000.00000   0000.00000
1686.00000   0305.69289   0000.01185   0000.00000   0000.00000   0000.00000
1690.00000   0305.71159   0000.01184   0000.00000   0000.00000   0000.00000
1694.00000   0305.73029   0000.01182   0000.00000   0000.00000   0000.00000
1698.00000   0305.74898   0000.01181   0000.00000   0000.00000   0000.00000
1702.00000   0305.76768   0000.01179   0000.00000   0000.00000   0000.00000
1706.00000   0305.78637   0000.01178   0000.00000   0000.00000   0000.00000
1710.00000   0305.80507   0000.01177   0000.00000   0000.00000   0000.00000
1714.00000   0305.82377   0000.01175   0000.00000   0000.00000   0000.00000
1718.00000   0305.84247   0000.01174   0000.00000   0000.00000   0000.00000
1722.00000   0305.86116   0000.01173   0000.00000   0000.00000   0000.00000
1726.00000   0305.87986   0000.01172   0000.00000   0000.00000   0000.00000
1730.00000   0305.89856   0000.01171   0000.00000   0000.00000   0000.00000
1734.00000   0305.91726   0000.01169   0000.00000   0000.00000   0000.00000
1738.00000   0305.93595   0000.01168   0000.00000   0000.00000   0000.00000
1742.00000   0305.95465   0000.01166   0000.00000   0000.00000   0000.00000
1746.00000   0305.97334   0000.01165   0000.00000   0000.00000   0000.00000
1750.00000   0305.99204   0000.01163   0000.00000   0000.00000   0000.00000
1754.00000   0306.01074   0000.01162   0000.00000   0000.00000   0000.00000
1758.00000   0306.02943   0000.01161   0000.00000   0000.00000   0000.00000
1762.00000   0306.04813   0000.01160   0000.00000   0000.00000   0000.00000
1766.00000   0306.06682   0000.01159   0000.00000   0000.00000   0000.00000
1770.00000   0306.08552   0000.01157   0000.00000   0000.00000   0000.00000
1774.00000   0306.10422   0000.01155   0000.00000   0000.00000   0000.00000
1778.00000   0306.12291   0000.01154   0000.00000   0000.00000   0000.00000
1782.00000   0306.14161   0000.01153   0000.00000   0000.00000   0000.00000
1786.00000   0306.16030   0000.01152   0000.00000   0000.00000   0000.00000
1790.00000   0306.17900   0000.01151   0000.00000   0000.00000   0000.00000
1794.00000   0306.19770   0000.01149   0000.00000   0000.00000   0000.00000
1798.00000   0306.21639   0000.01148   0000.00000   0000.00000   0000.00000
1802.00000   0306.23509   0000.01147   0000.00000   0000.00000   0000.00000
1806.00000   0306.25378   0000.01146   0000.00000   0000.00000   0000.00000
1810.00000   0306.27248   0000.01144   0000.00000   0000.00000   0000.00000
1814.00000   0306.29118   0000.01142   0000.00000   0000.00000   0000.00000
1818.00000   0306.30987   0000.01141   0000.00000   0000.00000   0000.00000
1822.00000   0306.32857   0000.01140   0000.00000   0000.00000   0000.00000
1826.00000   0306.34726   0000.01139   0000.00000   0000.00000   0000.00000
1830.00000   0306.36596   0000.01137   0000.00000   0000.00000   0000.00000
1834.00000   0306.38466   0000.01136   0000.00000   0000.00000   0000.00000
1838.00000   0306.40335   0000.01135   0000.00000   0000.00000   0000.00000
1842.00000   0306.42205   0000.01133   0000.00000   0000.00000   0000.00000
1846.00000   0306.44074   0000.01132   0000.00000   0000.00000   0000.00000
1850.00000   0306.45944   0000.01130   0000.00000   0000.00000   0000.00000
1854.00000   0306.47814   0000.01129   0000.00000   0000.00000   0000.00000
1858.00000   0306.49683   0000.01128   0000.00000   0000.00000   0000.00000
1862.00000   0306.51553   0000.01127   0000.00000   0000.00000   0000.00000
1866.00000   0306.53423   0000.01126   0000.00000   0000.00000   0000.00000
1870.00000   0306.55293   0000.01124   0000.00000   0000.00000   0000.00000
1874.00000   0306.57163   0000.01123   0000.00000   0000.00000   0000.00000
1878.00000   0306.59032   0000.01122   0000.00000   0000.00000   0000.00000
1882.00000   0306.60902   0000.01120   0000.00000   0000.00000   0000.00000
1886.00000   0306.62771   0000.01119   0000.00000   0000.00000   0000.00000
1890.00000   0306.64641   0000.01118   0000.00000   0000.00000   0000.00000
1894.00000   0306.66511   0000.01116   0000.00000   0000.00000   0000.00000
1898.00000   0306.68380   0000.01115   0000.00000   0000.00000   0000.00000
1902.00000   0306.70250   0000.01114   0000.00000   0000.00000   0000.00000
1906.00000   0306.72119   0000.01113   0000.00000   0000.00000   0000.00000
1910.00000   0306.73989   0000.01111   0000.00000   0000.00000   0000.00000
1914.00000   0306.75859   0000.01109   0000.00000   0000.00000   0000.00000
1918.00000   0306.77728   0000.01108   0000.00000   0000.00000   0000.00000
1922.00000   0306.79598   0000.01107   0000.00000   0000.00000   0000.00000
1926.00000   0306.81467   0000.01106   0000.00000   0000.00000   0000.00000
1930.00000   0306.83337   0000.01104   0000.00000   0000.00000   0000.00000
1934.00000   0306.85207   0000.01103   0000.00000   0000.00000   0000.00000
1938.00000   0306.87076   0000.01102   0000.00000   0000.00000   0000.00000
1942.00000   0306.88946   0000.01101   0000.00000   0000.00000   0000.00000
1946.00000   0306.90815   0000.01100   0000.00000   0000.00000   0000.00000
1950.00000   0306.92685   0000.01098   0000.00000   0000.00000   0000.00000
1954.00000   0306.94555   0000.01096   0000.00000   0000.00000   0000.00000
1958.00000   0306.96424   0000.01095   0000.00000   0000.00000   0000.00000
1962.00000   0306.98294   0000.01094   0000.00000   0000.00000   0000.00000
1966.00000   0307.00163   0000.01093   0000.00000   0000.00000   0000.00000
1970.00000   0307.02033   0000.01092   0000.00000   0000.00000   0000.00000
1974.00000   0307.03903   0000.01090   0000.00000   0000.00000   0000.00000
1978.00000   0307.05772   0000.01089   0000.00000   0000.00000   0000.00000
1982.00000   0307.07642   0000.01087   0000.00000   0000.00000   0000.00000
1986.00000   0307.09512   0000.01086   0000.00000   0000.00000   0000.00000
1990.00000   0307.11381   0000.01085   0000.00000   0000.00000   0000.00000
1994.00000   0307.13251   0000.01083   0000.00000   0000.00000   0000.00000
1998.00000   0307.15121   0000.01082   0000.00000   0000.00000   0000.00000
2002.00000   0307.16991   0000.01081   0000.00000   0000.00000   0000.00000
2006.00000   0307.18860   0000.01080   0000.00000   0000.00000   0000.00000
2010.00000   0307.20730   0000.01078   0000.00000   0000.00000   0000.00000
2014.00000   0307.22600   0000.01077   0000.00000   0000.00000   0000.00000
2018.00000   0307.24469   0000.01076   0000.00000   0000.00000   0000.00000
2022.00000   0307.26339   0000.01074   0000.00000   0000.00000   0000.00000
2026.00000   0307.28208   0000.01073   0000.00000   0000.00000   0000.00000
2030.00000   0307.30078   0000.01071   0000.00000   0000.00000   0000.00000
2034.00000   0307.31948   0000.01070   0000.00000   0000.00000   0000.00000
2038.00000   0307.33817   0000.01069   0000.00000   0000.00000   0000.00000
2042.00000   0307.35687   0000.01068   0000.00000   0000.00000   0000.00000
2046.00000   0307.37556   0000.01067   0000.00000   0000.00000   0000.00000
2050.00000   0307.39426   0000.01065   0000.00000   0000.00000   0000.00000
2054.00000   0307.41296   0000.01063   0000.00000   0000.00000   0000.00000
2058.00000   0307.43165   0000.01062   0000.00000   0000.00000   0000.00000
2062.00000   0307.45035   0000.01061   0000.00000   0000.00000   0000.00000
2066.00000   0307.46904   0000.01060   0000.00000   0000.00000   0000.00000
2070.00000   0307.48774   0000.01059   0000.00000   0000.00000   0000.00000
2074.00000   0307.50644   0000.01057   0000.00000   0000.00000   0000.00000
2078.00000   0307.52513   0000.01056   0000.00000   0000.00000   0000.00000
2082.00000   0307.54383   0000.01055   0000.00000   0000.00000   0000.00000
2086.00000   0307.56252   0000.01054   0000.00000   0000.00000   0000.00000
2090.00000   0307.58122   0000.01052   0000.00000   0000.00000   0000.00000
2094.00000   0307.59992   0000.01050   0000.00000   0000.00000   0000.00000
2098.00000   0307.61861   0000.01049   0000.00000   0000.00000   0000.00000
2102.00000   0307.63731   0000.01048   0000.00000   0000.00000   0000.00000
2106.00000   0307.65600   0000.01047   0000.00000   0000.00000   0000.00000
2110.00000   0307.67470   0000.01045   0000.00000   0000.00000   0000.00000
2114.00000   0307.69340   0000.01044   0000.00000   0000.00000   0000.00000
2118.00000   0307.71209   0000.01043   0000.00000   0000.00000   0000.00000
2122.00000   0307.73079   0000.01041   0000.00000   0000.00000   0000.00000
2126.00000   0307.74948   0000.01040   0000.00000   0000.00000   0000.00000
2130.00000   0307.76819   0000.01039   0000.00000   0000.00000   0000.00000
2134.00000   0307.78688   0000.01037   0000.00000   0000.00000   0000.00000
2138.00000   0307.80558   0000.01036   0000.00000   0000.00000   0000.00000
2142.00000   0307.82428   0000.01035   0000.00000   0000.00000   0000.00000
2146.00000   0307.84297   0000.01034   0000.00000   0000.00000   0000.00000
2150.00000   0307.86167   0000.01033   0000.00000   0000.00000   0000.00000
2154.00000   0307.88037   0000.01031   0000.00000   0000.00000   0000.00000
2158.00000   0307.89906   0000.01030   0000.00000   0000.00000   0000.00000
2162.00000   0307.91776   0000.01028   0000.00000   0000.00000   0000.00000
2166.00000   0307.93645   0000.01027   0000.00000   0000.00000   0000.00000
2170.00000   0307.95515   0000.01026   0000.00000   0000.00000   0000.00000
2174.00000   0307.97385   0000.01024   0000.00000   0000.00000   0000.00000
2178.00000   0307.99254   0000.01023   0000.00000   0000.00000   0000.00000
2182.00000   0308.01124   0000.01022   0000.00000   0000.00000   0000.00000
2186.00000   0308.02993   0000.01021   0000.00000   0000.00000   0000.00000
2190.00000   0308.04863   0000.01019   0000.00000   0000.00000   0000.00000
2194.00000   0308.06733   0000.01017   0000.00000   0000.00000   0000.00000
2198.00000   0308.08602   0000.01016   0000.00000   0000.00000   0000.00000
2202.00000   0308.10472   0000.01015   0000.00000   0000.00000   0000.00000
2206.00000   0308.12341   0000.01014   0000.00000   0000.00000   0000.00000
2210.00000   0308.14211   0000.01012   0000.00000   0000.00000   0000.00000
2214.00000   0308.16081   0000.01011   0000.00000   0000.00000   0000.00000
2218.00000   0308.17950   0000.01010   0000.00000   0000.00000   0000.00000
2222.00000   0308.19820   0000.01008   0000.00000   0000.00000   0000.00000
2226.00000   0308.21689   0000.01007   0000.00000   0000.00000   0000.00000
2230.00000   0308.23559   0000.01006   0000.00000   0000.00000   0000.00000
2234.00000   0308.25429   0000.01004   0000.00000   0000.00000   0000.00000
2238.00000   0308.27298   0000.01003   0000.00000   0000.00000   0000.00000
2242.00000   0308.29168   0000.01002   0000.00000   0000.00000   0000.00000
2246.00000   0308.31037   0000.01001   0000.00000   0000.00000   0000.00000
2250.00000   0308.32907   0000.01000   0000.00000   0000.00000   0000.00000
2254.00000   0308.34777   0000.00998   0000.00000   0000.00000   0000.00000
2258.00000   0308.36647   0000.00997   0000.00000   0000.00000   0000.00000
2262.00000   0308.38516   0000.00995   0000.00000   0000.00000   0000.00000
2266.00000   0308.40386   0000.00994   0000.00000   0000.00000   0000.00000
2270.00000   0308.42256   0000.00992   0000.00000   0000.00000   0000.00000
2274.00000   0308.44126   0000.00991   0000.00000   0000.00000   0000.00000
2278.00000   0308.45995   0000.00990   0000.00000   0000.00000   0000.00000
2282.00000   0308.47865   0000.00989   0000.00000   0000.00000   0000.00000
2286.00000   0308.49734   0000.00988   0000.00000   0000.00000   0000.00000
2290.00000   0308.51604   0000.00986   0000.00000   0000.00000   0000.00000
2294.00000   0308.53474   0000.00984   0000.00000   0000.00000   0000.00000
2298.00000   0308.55343   0000.00983   0000.00000   0000.00000   0000.00000
2302.00000   0308.57213   0000.00982   0000.00000   0000.00000   0000.00000
2306.00000   0308.59082   0000.00981   0000.00000   0000.00000   0000.00000
2310.00000   0308.60952   0000.00979   0000.00000   0000.00000   0000.00000
2314.00000   0308.62822   0000.00978   0000.00000   0000.00000   0000.00000
2318.00000   0308.64691   0000.00977   0000.00000   0000.00000   0000.00000
2322.00000   0308.66561   0000.00976   0000.00000   0000.00000   0000.00000
2326.00000   0308.68430   0000.00975   0000.00000   0000.00000   0000.00000
2330.00000   0308.70300   0000.00973   0000.00000   0000.00000   0000.00000
2334.00000   0308.72170   0000.00971   0000.00000   0000.00000   0000.00000
2338.00000   0308.74039   0000.00970   0000.00000   0000.00000   0000.00000
2342.00000   0308.75909   0000.00969   0000.00000   0000.00000   0000.00000
2346.00000   0308.77778   0000.00968   0000.00000   0000.00000   0000.00000
2350.00000   0308.79648   0000.00966   0000.00000   0000.00000   0000.00000
2354.00000   0308.81518   0000.00965   0000.00000   0000.00000   0000.00000
2358.00000   0308.83387   0000.00964   0000.00000   0000.00000   0000.00000
2362.00000   0308.85257   0000.00962   0000.00000   0000.00000   0000.00000
2366.00000   0308.87126   0000.00961   0000.00000   0000.00000   0000.00000
2370.00000   0308.88996   0000.00959   0000.00000   0000.00000   0000.00000
2374.00000   0308.90866   0000.00958   0000.00000   0000.00000   0000.00000
2378.00000   0308.92735   0000.00957   0000.00000   0000.00000   0000.00000
2382.00000   0308.94605   0000.00956   0000.00000   0000.00000   0000.00000
2386.00000   0308.96474   0000.00955   0000.00000   0000.00000   0000.00000
2390.00000   0308.98344   0000.00954   0000.00000   0000.00000   0000.00000
2394.00000   0309.00214   0000.00952   0000.00000   0000.00000   0000.00000
2398.00000   0309.02083   0000.00951   0000.00000   0000.00000   0000.00000
2402.00000   0309.03954   0000.00949   0000.00000   0000.00000   0000.00000
2406.00000   0309.05823   0000.00948   0000.00000   0000.00000   0000.00000
2410.00000   0309.07693   0000.00947   0000.00000   0000.00000   0000.00000
2414.00000   0309.09563   0000.00945   0000.00000   0000.00000   0000.00000
2418.00000   0309.11432   0000.00944   0000.00000   0000.00000   0000.00000
2422.00000   0309.13302   0000.00943   0000.00000   0000.00000   0000.00000
2426.00000   0309.15171   0000.00942   0000.00000   0000.00000   0000.00000
2430.00000   0309.17041   0000.00940   0000.00000   0000.00000   0000.00000
2434.00000   0309.18911   0000.00938   0000.00000   0000.00000   0000.00000
2438.00000   0309.20780   0000.00937   0000.00000   0000.00000   0000.00000
2442.00000   0309.22650   0000.00936   0000.00000   0000.00000   0000.00000
2446.00000   0309.24519   0000.00935   0000.00000   0000.00000   0000.00000
2450.00000   0309.26389   0000.00933   0000.00000   0000.00000   0000.00000
2454.00000   0309.28259   0000.00932   0000.00000   0000.00000   0000.00000
2458.00000   0309.30128   0000.00931   0000.00000   0000.00000   0000.00000
2462.00000   0309.31998   0000.00930   0000.00000   0000.00000   0000.00000
2466.00000   0309.33867   0000.00929   0000.00000   0000.00000   0000.00000
2470.00000   0309.35737   0000.00927   0000.00000   0000.00000   0000.00000
2474.00000   0309.37607   0000.00925   0000.00000   0000.00000   0000.00000
2478.00000   0309.39476   0000.00924   0000.00000   0000.00000   0000.00000
2482.00000   0309.41346   0000.00923   0000.00000   0000.00000   0000.00000
2486.00000   0309.43215   0000.00922   0000.00000   0000.00000   0000.00000
2490.00000   0309.45085   0000.00921   0000.00000   0000.00000   0000.00000
2494.00000   0309.46955   0000.00919   0000.00000   0000.00000   0000.00000
2498.00000   0309.48824   0000.00918   0000.00000   0000.00000   0000.00000
2502.00000   0309.50694   0000.00916   0000.00000   0000.00000   0000.00000
2506.00000   0309.52563   0000.00915   0000.00000   0000.00000   0000.00000
2510.00000   0309.54433   0000.00914   0000.00000   0000.00000   0000.00000
2514.00000   0309.56303   0000.00912   0000.00000   0000.00000   0000.00000
2518.00000   0309.58172   0000.00911   0000.00000   0000.00000   0000.00000
2522.00000   0309.60042   0000.00910   0000.00000   0000.00000   0000.00000
2526.00000   0309.61911   0000.00909   0000.00000   0000.00000   0000.00000
2530.00000   0309.63781   0000.00907   0000.00000   0000.00000   0000.00000
2534.00000   0309.65651   0000.00906   0000.00000   0000.00000   0000.00000
2538.00000   0309.67521   0000.00905   0000.00000   0000.00000   0000.00000
2542.00000   0309.69390   0000.00903   0000.00000   0000.00000   0000.00000
2546.00000   0309.71260   0000.00902   0000.00000   0000.00000   0000.00000
2550.00000   0309.73130   0000.00900   0000.00000   0000.00000   0000.00000
2554.00000   0309.75000   0000.00899   0000.00000   0000.00000   0000.00000
2558.00000   0309.76869   0000.00898   0000.00000   0000.00000   0000.00000
2562.00000   0309.78739   0000.00897   0000.00000   0000.00000   0000.00000
2566.00000   0309.80608   0000.00896   0000.00000   0000.00000   0000.00000
2570.00000   0309.82478   0000.00894   0000.00000   0000.00000   0000.00000
2574.00000   0309.84348   0000.00892   0000.00000   0000.00000   0000.00000
2578.00000   0309.86217   0000.00891   0000.00000   0000.00000   0000.00000
2582.00000   0309.88087   0000.00890   0000.00000   0000.00000   0000.00000
2586.00000   0309.89956   0000.00889   0000.00000   0000.00000   0000.00000
2590.00000   0309.91826   0000.00888   0000.00000   0000.00000   0000.00000
2594.00000   0309.93696   0000.00886   0000.00000   0000.00000   0000.00000
2598.00000   0309.95565   0000.00885   0000.00000   0000.00000   0000.00000
2602.00000   0309.97435   0000.00884   0000.00000   0000.00000   0000.00000
2606.00000   0309.99304   0000.00883   0000.00000   0000.00000   0000.00000
2610.00000   0310.01174   0000.00881   0000.00000   0000.00000   0000.00000
2614.00000   0310.03044   0000.00879   0000.00000   0000.00000   0000.00000
2618.00000   0310.04913   0000.00878   0000.00000   0000.00000   0000.00000
2622.00000   0310.06783   0000.00877   0000.00000   0000.00000   0000.00000
2626.00000   0310.08652   0000.00876   0000.00000   0000.00000   0000.00000
2630.00000   0310.10522   0000.00874   0000.00000   0000.00000   0000.00000
2634.00000   0310.12392   0000.00873   0000.00000   0000.00000   0000.00000
2638.00000   0310.14261   0000.00872   0000.00000   0000.00000   0000.00000
2642.00000   0310.16131   0000.00870   0000.00000   0000.00000   0000.00000
2646.00000   0310.18000   0000.00869   0000.00000   0000.00000   0000.00000
2650.00000   0310.19870   0000.00867   0000.00000   0000.00000   0000.00000
2654.00000   0310.21740   0000.00866   0000.00000   0000.00000   0000.00000
2658.00000   0310.23609   0000.00865   0000.00000   0000.00000   0000.00000
2662.00000   0310.25479   0000.00864   0000.00000   0000.00000   0000.00000
2666.00000   0310.27348   0000.00863   0000.00000   0000.00000   0000.00000
2670.00000   0310.29219   0000.00862   0000.00000   0000.00000   0000.00000
2674.00000   0310.31088   0000.00860   0000.00000   0000.00000   0000.00000
2678.00000   0310.32958   0000.00859   0000.00000   0000.00000   0000.00000
2682.00000   0310.34828   0000.00857   0000.00000   0000.00000   0000.00000
2686.00000   0310.36697   0000.00856   0000.00000   0000.00000   0000.00000
2690.00000   0310.38567   0000.00855   0000.00000   0000.00000   0000.00000
2694.00000   0310.40437   0000.00853   0000.00000   0000.00000   0000.00000
2698.00000   0310.42306   0000.00852   0000.00000   0000.00000   0000.00000
2702.00000   0310.44176   0000.00851   0000.00000   0000.00000   0000.00000
2706.00000   0310.46045   0000.00850   0000.00000   0000.00000   0000.00000
2710.00000   0310.47915   0000.00848   0000.00000   0000.00000   0000.00000
2714.00000   0310.49785   0000.00846   0000.00000   0000.00000   0000.00000
2718.00000   0310.51654   0000.00845   0000.00000   0000.00000   0000.00000
2722.00000   0310.53524   0000.00844   0000.00000   0000.00000   0000.00000
2726.00000   0310.55393   0000.00843   0000.00000   0000.00000   0000.00000
2730.00000   0310.57263   0000.00841   0000.00000   0000.00000   0000.00000
2734.00000   0310.59133   0000.00840   0000.00000   0000.00000   0000.00000
2738.00000   0310.61002   0000.00839   0000.00000   0000.00000   0000.00000
2742.00000   0310.62872   0000.00838   0000.00000   0000.00000   0000.00000
2746.00000   0310.64741   0000.00837   0000.00000   0000.00000   0000.00000
2750.00000   0310.66611   0000.00835   0000.00000   0000.00000   0000.00000
2754.00000   0310.68481   0000.00833   0000.00000   0000.00000   0000.00000
2758.00000   0310.70350   0000.00832   0000.00000   0000.00000   0000.00000
2762.00000   0310.72220   0000.00831   0000.00000   0000.00000   0000.00000
2766.00000   0310.74089   0000.00830   0000.00000   0000.00000   0000.00000
2770.00000   0310.75959   0000.00829   0000.00000   0000.00000   0000.00000
2774.00000   0310.77829   0000.00827   0000.00000   0000.00000   0000.00000
2778.00000   0310.79698   0000.00826   0000.00000   0000.00000   0000.00000
2782.00000   0310.81568   0000.00824   0000.00000   0000.00000   0000.00000
2786.00000   0310.83437   0000.00823   0000.00000   0000.00000   0000.00000
2790.00000   0310.85307   0000.00822   0000.00000   0000.00000   0000.00000
2794.00000   0310.87177   0000.00820   0000.00000   0000.00000   0000.00000
2798.00000   0310.89046   0000.00819   0000.00000   0000.00000   0000.00000
2802.00000   0310.90916   0000.00818   0000.00000   0000.00000   0000.00000
2806.00000   0310.92786   0000.00817   0000.00000   0000.00000   0000.00000
2810.00000   0310.94655   0000.00815   0000.00000   0000.00000   0000.00000
2814.00000   0310.96525   0000.00814   0000.00000   0000.00000   0000.00000
2818.00000   0310.98395   0000.00813   0000.00000   0000.00000   0000.00000
2822.00000   0311.00265   0000.00811   0000.00000   0000.00000   0000.00000
2826.00000   0311.02134   0000.00810   0000.00000   0000.00000   0000.00000
2830.00000   0311.04004   0000.00809   0000.00000   0000.00000   0000.00000
2834.00000   0311.05874   0000.00807   0000.00000   0000.00000   0000.00000
2838.00000   0311.07743   0000.00806   0000.00000   0000.00000   0000.00000
2842.00000   0311.09613   0000.00805   0000.00000   0000.00000   0000.00000
2846.00000   0311.11482   0000.00804   0000.00000   0000.00000   0000.00000
2850.00000   0311.13352   0000.00802   0000.00000   0000.00000   0000.00000
2854.00000   0311.15222   0000.00800   0000.00000   0000.00000   0000.00000
2858.00000   0311.17091   0000.00799   0000.00000   0000.00000   0000.00000
2862.00000   0311.18961   0000.00798   0000.00000   0000.00000   0000.00000
2866.00000   0311.20830   0000.00797   0000.00000   0000.00000   0000.00000
2870.00000   0311.22700   0000.00796   0000.00000   0000.00000   0000.00000
2874.00000   0311.24570   0000.00794   0000.00000   0000.00000   0000.00000
2878.00000   0311.26439   0000.00793   0000.00000   0000.00000   0000.00000
2882.00000   0311.28309   0000.00791   0000.00000   0000.00000   0000.00000
2886.00000   0311.30178   0000.00790   0000.00000   0000.00000   0000.00000
2890.00000   0311.32048   0000.00788   0000.00000   0000.00000   0000.00000
2894.00000   0311.33918   0000.00787   0000.00000   0000.00000   0000.00000
2898.00000   0311.35787   0000.00786   0000.00000   0000.00000   0000.00000
2902.00000   0311.37657   0000.00785   0000.00000   0000.00000   0000.00000
2906.00000   0311.39526   0000.00784   0000.00000   0000.00000   0000.00000
2910.00000   0311.41396   0000.00783   0000.00000   0000.00000   0000.00000
2914.00000   0311.43266   0000.00781   0000.00000   0000.00000   0000.00000
2918.00000   0311.45135   0000.00780   0000.00000   0000.00000   0000.00000
2922.00000   0311.47005   0000.00778   0000.00000   0000.00000   0000.00000
2926.00000   0311.48874   0000.00777   0000.00000   0000.00000   0000.00000
2930.00000   0311.50744   0000.00775   0000.00000   0000.00000   0000.00000
2934.00000   0311.52614   0000.00774   0000.00000   0000.00000   0000.00000
2938.00000   0311.54483   0000.00773   0000.00000   0000.00000   0000.00000
2942.00000   0311.56354   0000.00772   0000.00000   0000.00000   0000.00000
2946.00000   0311.58223   0000.00771   0000.00000   0000.00000   0000.00000
2950.00000   0311.60093   0000.00769   0000.00000   0000.00000   0000.00000
2954.00000   0311.61963   0000.00767   0000.00000   0000.00000   0000.00000
2958.00000   0311.63832   0000.00766   0000.00000   0000.00000   0000.00000
2962.00000   0311.65702   0000.00765   0000.00000   0000.00000   0000.00000
2966.00000   0311.67571   0000.00764   0000.00000   0000.00000   0000.00000
2970.00000   0311.69441   0000.00762   0000.00000   0000.00000   0000.00000
2974.00000   0311.71311   0000.00761   0000.00000   0000.00000   0000.00000
2978.00000   0311.73180   0000.00760   0000.00000   0000.00000   0000.00000
2982.00000   0311.75050   0000.00759   0000.00000   0000.00000   0000.00000
2986.00000   0311.76919   0000.00758   0000.00000   0000.00000   0000.00000
2990.00000   0311.78789   0000.00756   0000.00000   0000.00000   0000.00000
2994.00000   0311.80659   0000.00754   0000.00000   0000.00000   0000.00000
2998.00000   0311.82528   0000.00753   0000.00000   0000.00000   0000.00000
3002.00000   0311.84398   0000.00752   0000.00000   0000.00000   0000.00000
3006.00000   0311.86267   0000.00751   0000.00000   0000.00000   0000.00000
3010.00000   0311.88137   0000.00749   0000.00000   0000.00000   0000.00000
3014.00000   0311.90007   0000.00748   0000.00000   0000.00000   0000.00000
3018.00000   0311.91876   0000.00747   0000.00000   0000.00000   0000.00000
3022.00000   0311.93746   0000.00745   0000.00000   0000.00000   0000.00000
3026.00000   0311.95615   0000.00744   0000.00000   0000.00000   0000.00000
3030.00000   0311.97485   0000.00743   0000.00000   0000.00000   0000.00000
3034.00000   0311.99355   0000.00741   0000.00000   0000.00000   0000.00000
3038.00000   0312.01224   0000.00740   0000.00000   0000.00000   0000.00000
3042.00000   0312.03094   0000.00739   0000.00000   0000.00000   0000.00000
3046.00000   0312.04963   0000.00738   0000.00000   0000.00000   0000.00000
3050.00000   0312.06833   0000.00737   0000.00000   0000.00000   0000.00000
3054.00000   0312.08703   0000.00735   0000.00000   0000.00000   0000.00000
3058.00000   0312.10572   0000.00734   0000.00000   0000.00000   0000.00000
3062.00000   0312.12442   0000.00732   0000.00000   0000.00000   0000.00000
3066.00000   0312.14311   0000.00731   0000.00000   0000.00000   0000.00000
3070.00000   0312.16181   0000.00729   0000.00000   0000.00000   0000.00000
3074.00000   0312.18051   0000.00728   0000.00000   0000.00000   0000.00000
3078.00000   0312.19921   0000.00727   0000.00000   0000.00000   0000.00000
3082.00000   0312.21790   0000.00726   0000.00000   0000.00000   0000.00000
3086.00000   0312.23660   0000.00725   0000.00000   0000.00000   0000.00000
3090.00000   0312.25530   0000.00723   0000.00000   0000.00000   0000.00000
3094.00000   0312.27400   0000.00721   0000.00000   0000.00000   0000.00000
3098.00000   0312.29269   0000.00720   0000.00000   0000.00000   0000.00000
3102.00000   0312.31139   0000.00719   0000.00000   0000.00000   0000.00000
3106.00000   0312.33008   0000.00718   0000.00000   0000.00000   0000.00000
3110.00000   0312.34878   0000.00716   0000.00000   0000.00000   0000.00000
3114.00000   0312.36748   0000.00715   0000.00000   0000.00000   0000.00000
3118.00000   0312.38617   0000.00714   0000.00000   0000.00000   0000.00000
3122.00000   0312.40487   0000.00713   0000.00000   0000.00000   0000.00000
3126.00000   0312.42356   0000.00712   0000.00000   0000.00000   0000.00000
3130.00000   0312.44226   0000.00710   0000.00000   0000.00000   0000.00000
3134.00000   0312.46096   0000.00708   0000.00000   0000.00000   0000.00000
3138.00000   0312.47965   0000.00707   0000.00000   0000.00000   0000.00000
3142.00000   0312.49835   0000.00706   0000.00000   0000.00000   0000.00000
3146.00000   0312.51704   0000.00705   0000.00000   0000.00000   0000.00000
3150.00000   0312.53574   0000.00703   0000.00000   0000.00000   0000.00000
3154.00000   0312.55444   0000.00702   0000.00000   0000.00000   0000.00000
3158.00000   0312.57313   0000.00701   0000.00000   0000.00000   0000.00000
3162.00000   0312.59183   0000.00699   0000.00000   0000.00000   0000.00000
3166.00000   0312.61052   0000.00698   0000.00000   0000.00000   0000.00000
3170.00000   0312.62922   0000.00696   0000.00000   0000.00000   0000.00000
3174.00000   0312.64792   0000.00695   0000.00000   0000.00000   0000.00000
3178.00000   0312.66661   0000.00694   0000.00000   0000.00000   0000.00000
3182.00000   0312.68531   0000.00693   0000.00000   0000.00000   0000.00000
3186.00000   0312.70400   0000.00692   0000.00000   0000.00000   0000.00000
3190.00000   0312.72270   0000.00690   0000.00000   0000.00000   0000.00000
3194.00000   0312.74140   0000.00689   0000.00000   0000.00000   0000.00000
3198.00000   0312.76009   0000.00688   0000.00000   0000.00000   0000.00000
