# Scalar Input-file high resolution 
#  height    qr    Nr    CO2 
0002.00000   0000.00000   0000.00000   430000.00000
0006.00000   0000.00000   0000.00000   430000.00000
0010.00000   0000.00000   0000.00000   430000.00000
0014.00000   0000.00000   0000.00000   430000.00000
0018.00000   0000.00000   0000.00000   430000.00000
0022.00000   0000.00000   0000.00000   430000.00000
0026.00000   0000.00000   0000.00000   430000.00000
0030.00000   0000.00000   0000.00000   430000.00000
0034.00000   0000.00000   0000.00000   430000.00000
0038.00000   0000.00000   0000.00000   430000.00000
0042.00000   0000.00000   0000.00000   430000.00000
0046.00000   0000.00000   0000.00000   430000.00000
0050.00000   0000.00000   0000.00000   430000.00000
0054.00000   0000.00000   0000.00000   430000.00000
0058.00000   0000.00000   0000.00000   430000.00000
0062.00000   0000.00000   0000.00000   430000.00000
0066.00000   0000.00000   0000.00000   430000.00000
0070.00000   0000.00000   0000.00000   430000.00000
0074.00000   0000.00000   0000.00000   430000.00000
0078.00000   0000.00000   0000.00000   430000.00000
0082.00000   0000.00000   0000.00000   430000.00000
0086.00000   0000.00000   0000.00000   430000.00000
0090.00000   0000.00000   0000.00000   430000.00000
0094.00000   0000.00000   0000.00000   430000.00000
0098.00000   0000.00000   0000.00000   430000.00000
0102.00000   0000.00000   0000.00000   430000.00000
0106.00000   0000.00000   0000.00000   430000.00000
0110.00000   0000.00000   0000.00000   430000.00000
0114.00000   0000.00000   0000.00000   430000.00000
0118.00000   0000.00000   0000.00000   430000.00000
0122.00000   0000.00000   0000.00000   430000.00000
0126.00000   0000.00000   0000.00000   430000.00000
0130.00000   0000.00000   0000.00000   430000.00000
0134.00000   0000.00000   0000.00000   430000.00000
0138.00000   0000.00000   0000.00000   430000.00000
0142.00000   0000.00000   0000.00000   430000.00000
0146.00000   0000.00000   0000.00000   430000.00000
0150.00000   0000.00000   0000.00000   430000.00000
0154.00000   0000.00000   0000.00000   430000.00000
0158.00000   0000.00000   0000.00000   430000.00000
0162.00000   0000.00000   0000.00000   430000.00000
0166.00000   0000.00000   0000.00000   430000.00000
0170.00000   0000.00000   0000.00000   430000.00000
0174.00000   0000.00000   0000.00000   430000.00000
0178.00000   0000.00000   0000.00000   430000.00000
0182.00000   0000.00000   0000.00000   430000.00000
0186.00000   0000.00000   0000.00000   430000.00000
0190.00000   0000.00000   0000.00000   430000.00000
0194.00000   0000.00000   0000.00000   430000.00000
0198.00000   0000.00000   0000.00000   430000.00000
0202.00000   0000.00000   0000.00000   430000.00000
0206.00000   0000.00000   0000.00000   430000.00000
0210.00000   0000.00000   0000.00000   430000.00000
0214.00000   0000.00000   0000.00000   430000.00000
0218.00000   0000.00000   0000.00000   430000.00000
0222.00000   0000.00000   0000.00000   430000.00000
0226.00000   0000.00000   0000.00000   430000.00000
0230.00000   0000.00000   0000.00000   430000.00000
0234.00000   0000.00000   0000.00000   430000.00000
0238.00000   0000.00000   0000.00000   430000.00000
0242.00000   0000.00000   0000.00000   430000.00000
0246.00000   0000.00000   0000.00000   430000.00000
0250.00000   0000.00000   0000.00000   430000.00000
0254.00000   0000.00000   0000.00000   430000.00000
0258.00000   0000.00000   0000.00000   430000.00000
0262.00000   0000.00000   0000.00000   430000.00000
0266.00000   0000.00000   0000.00000   430000.00000
0270.00000   0000.00000   0000.00000   430000.00000
0274.00000   0000.00000   0000.00000   430000.00000
0278.00000   0000.00000   0000.00000   430000.00000
0282.00000   0000.00000   0000.00000   430000.00000
0286.00000   0000.00000   0000.00000   430000.00000
0290.00000   0000.00000   0000.00000   430000.00000
0294.00000   0000.00000   0000.00000   430000.00000
0298.00000   0000.00000   0000.00000   430000.00000
0302.00000   0000.00000   0000.00000   430000.00000
0306.00000   0000.00000   0000.00000   430000.00000
0310.00000   0000.00000   0000.00000   430000.00000
0314.00000   0000.00000   0000.00000   430000.00000
0318.00000   0000.00000   0000.00000   430000.00000
0322.00000   0000.00000   0000.00000   430000.00000
0326.00000   0000.00000   0000.00000   430000.00000
0330.00000   0000.00000   0000.00000   430000.00000
0334.00000   0000.00000   0000.00000   430000.00000
0338.00000   0000.00000   0000.00000   430000.00000
0342.00000   0000.00000   0000.00000   430000.00000
0346.00000   0000.00000   0000.00000   430000.00000
0350.00000   0000.00000   0000.00000   430000.00000
0354.00000   0000.00000   0000.00000   430000.00000
0358.00000   0000.00000   0000.00000   430000.00000
0362.00000   0000.00000   0000.00000   430000.00000
0366.00000   0000.00000   0000.00000   430000.00000
0370.00000   0000.00000   0000.00000   430000.00000
0374.00000   0000.00000   0000.00000   430000.00000
0378.00000   0000.00000   0000.00000   430000.00000
0382.00000   0000.00000   0000.00000   430000.00000
0386.00000   0000.00000   0000.00000   430000.00000
0390.00000   0000.00000   0000.00000   430000.00000
0394.00000   0000.00000   0000.00000   430000.00000
0398.00000   0000.00000   0000.00000   430000.00000
0402.00000   0000.00000   0000.00000   430000.00000
0406.00000   0000.00000   0000.00000   430000.00000
0410.00000   0000.00000   0000.00000   430000.00000
0414.00000   0000.00000   0000.00000   430000.00000
0418.00000   0000.00000   0000.00000   430000.00000
0422.00000   0000.00000   0000.00000   430000.00000
0426.00000   0000.00000   0000.00000   430000.00000
0430.00000   0000.00000   0000.00000   430000.00000
0434.00000   0000.00000   0000.00000   430000.00000
0438.00000   0000.00000   0000.00000   430000.00000
0442.00000   0000.00000   0000.00000   430000.00000
0446.00000   0000.00000   0000.00000   430000.00000
0450.00000   0000.00000   0000.00000   430000.00000
0454.00000   0000.00000   0000.00000   430000.00000
0458.00000   0000.00000   0000.00000   430000.00000
0462.00000   0000.00000   0000.00000   430000.00000
0466.00000   0000.00000   0000.00000   430000.00000
0470.00000   0000.00000   0000.00000   430000.00000
0474.00000   0000.00000   0000.00000   430000.00000
0478.00000   0000.00000   0000.00000   430000.00000
0482.00000   0000.00000   0000.00000   430000.00000
0486.00000   0000.00000   0000.00000   430000.00000
0490.00000   0000.00000   0000.00000   430000.00000
0494.00000   0000.00000   0000.00000   430000.00000
0498.00000   0000.00000   0000.00000   430000.00000
0502.00000   0000.00000   0000.00000   430000.00000
0506.00000   0000.00000   0000.00000   430000.00000
0510.00000   0000.00000   0000.00000   430000.00000
0514.00000   0000.00000   0000.00000   430000.00000
0518.00000   0000.00000   0000.00000   430000.00000
0522.00000   0000.00000   0000.00000   430000.00000
0526.00000   0000.00000   0000.00000   430000.00000
0530.00000   0000.00000   0000.00000   430000.00000
0534.00000   0000.00000   0000.00000   430000.00000
0538.00000   0000.00000   0000.00000   430000.00000
0542.00000   0000.00000   0000.00000   430000.00000
0546.00000   0000.00000   0000.00000   430000.00000
0550.00000   0000.00000   0000.00000   430000.00000
0554.00000   0000.00000   0000.00000   430000.00000
0558.00000   0000.00000   0000.00000   424900.00000
0562.00000   0000.00000   0000.00000   418100.00000
0566.00000   0000.00000   0000.00000   411380.00000
0570.00000   0000.00000   0000.00000   404900.00000
0574.00000   0000.00000   0000.00000   398420.00000
0578.00000   0000.00000   0000.00000   391760.00000
0582.00000   0000.00000   0000.00000   385040.00000
0586.00000   0000.00000   0000.00000   380000.00000
0590.00000   0000.00000   0000.00000   380000.00000
0594.00000   0000.00000   0000.00000   380000.00000
0598.00000   0000.00000   0000.00000   380000.00000
0602.00000   0000.00000   0000.00000   380000.00000
0606.00000   0000.00000   0000.00000   380000.00000
0610.00000   0000.00000   0000.00000   380000.00000
0614.00000   0000.00000   0000.00000   380000.00000
0618.00000   0000.00000   0000.00000   380000.00000
0622.00000   0000.00000   0000.00000   380000.00000
0626.00000   0000.00000   0000.00000   380000.00000
0630.00000   0000.00000   0000.00000   380000.00000
0634.00000   0000.00000   0000.00000   380000.00000
0638.00000   0000.00000   0000.00000   380000.00000
0642.00000   0000.00000   0000.00000   380000.00000
0646.00000   0000.00000   0000.00000   380000.00000
0650.00000   0000.00000   0000.00000   380000.00000
0654.00000   0000.00000   0000.00000   380000.00000
0658.00000   0000.00000   0000.00000   380000.00000
0662.00000   0000.00000   0000.00000   380000.00000
0666.00000   0000.00000   0000.00000   380000.00000
0670.00000   0000.00000   0000.00000   380000.00000
0674.00000   0000.00000   0000.00000   380000.00000
0678.00000   0000.00000   0000.00000   380000.00000
0682.00000   0000.00000   0000.00000   380000.00000
0686.00000   0000.00000   0000.00000   380000.00000
0690.00000   0000.00000   0000.00000   380000.00000
0694.00000   0000.00000   0000.00000   380000.00000
0698.00000   0000.00000   0000.00000   380000.00000
0702.00000   0000.00000   0000.00000   380000.00000
0706.00000   0000.00000   0000.00000   380000.00000
0710.00000   0000.00000   0000.00000   380000.00000
0714.00000   0000.00000   0000.00000   380000.00000
0718.00000   0000.00000   0000.00000   380000.00000
0722.00000   0000.00000   0000.00000   380000.00000
0726.00000   0000.00000   0000.00000   380000.00000
0730.00000   0000.00000   0000.00000   380000.00000
0734.00000   0000.00000   0000.00000   380000.00000
0738.00000   0000.00000   0000.00000   380000.00000
0742.00000   0000.00000   0000.00000   380000.00000
0746.00000   0000.00000   0000.00000   380000.00000
0750.00000   0000.00000   0000.00000   380000.00000
0754.00000   0000.00000   0000.00000   380000.00000
0758.00000   0000.00000   0000.00000   380000.00000
0762.00000   0000.00000   0000.00000   380000.00000
0766.00000   0000.00000   0000.00000   380000.00000
0770.00000   0000.00000   0000.00000   380000.00000
0774.00000   0000.00000   0000.00000   380000.00000
0778.00000   0000.00000   0000.00000   380000.00000
0782.00000   0000.00000   0000.00000   380000.00000
0786.00000   0000.00000   0000.00000   380000.00000
0790.00000   0000.00000   0000.00000   380000.00000
0794.00000   0000.00000   0000.00000   380000.00000
0798.00000   0000.00000   0000.00000   380000.00000
0802.00000   0000.00000   0000.00000   380000.00000
0806.00000   0000.00000   0000.00000   380000.00000
0810.00000   0000.00000   0000.00000   380000.00000
0814.00000   0000.00000   0000.00000   380000.00000
0818.00000   0000.00000   0000.00000   380000.00000
0822.00000   0000.00000   0000.00000   380000.00000
0826.00000   0000.00000   0000.00000   380000.00000
0830.00000   0000.00000   0000.00000   380000.00000
0834.00000   0000.00000   0000.00000   380000.00000
0838.00000   0000.00000   0000.00000   380000.00000
0842.00000   0000.00000   0000.00000   380000.00000
0846.00000   0000.00000   0000.00000   380000.00000
0850.00000   0000.00000   0000.00000   380000.00000
0854.00000   0000.00000   0000.00000   380000.00000
0858.00000   0000.00000   0000.00000   380000.00000
0862.00000   0000.00000   0000.00000   380000.00000
0866.00000   0000.00000   0000.00000   380000.00000
0870.00000   0000.00000   0000.00000   380000.00000
0874.00000   0000.00000   0000.00000   380000.00000
0878.00000   0000.00000   0000.00000   380000.00000
0882.00000   0000.00000   0000.00000   380000.00000
0886.00000   0000.00000   0000.00000   380000.00000
0890.00000   0000.00000   0000.00000   380000.00000
0894.00000   0000.00000   0000.00000   380000.00000
0898.00000   0000.00000   0000.00000   380000.00000
0902.00000   0000.00000   0000.00000   380000.00000
0906.00000   0000.00000   0000.00000   380000.00000
0910.00000   0000.00000   0000.00000   380000.00000
0914.00000   0000.00000   0000.00000   380000.00000
0918.00000   0000.00000   0000.00000   380000.00000
0922.00000   0000.00000   0000.00000   380000.00000
0926.00000   0000.00000   0000.00000   380000.00000
0930.00000   0000.00000   0000.00000   380000.00000
0934.00000   0000.00000   0000.00000   380000.00000
0938.00000   0000.00000   0000.00000   380000.00000
0942.00000   0000.00000   0000.00000   380000.00000
0946.00000   0000.00000   0000.00000   380000.00000
0950.00000   0000.00000   0000.00000   380000.00000
0954.00000   0000.00000   0000.00000   380000.00000
0958.00000   0000.00000   0000.00000   380000.00000
0962.00000   0000.00000   0000.00000   380000.00000
0966.00000   0000.00000   0000.00000   380000.00000
0970.00000   0000.00000   0000.00000   380000.00000
0974.00000   0000.00000   0000.00000   380000.00000
0978.00000   0000.00000   0000.00000   380000.00000
0982.00000   0000.00000   0000.00000   380000.00000
0986.00000   0000.00000   0000.00000   380000.00000
0990.00000   0000.00000   0000.00000   380000.00000
0994.00000   0000.00000   0000.00000   380000.00000
0998.00000   0000.00000   0000.00000   380000.00000
1002.00000   0000.00000   0000.00000   380000.00000
1006.00000   0000.00000   0000.00000   380000.00000
1010.00000   0000.00000   0000.00000   380000.00000
1014.00000   0000.00000   0000.00000   380000.00000
1018.00000   0000.00000   0000.00000   380000.00000
1022.00000   0000.00000   0000.00000   380000.00000
1026.00000   0000.00000   0000.00000   380000.00000
1030.00000   0000.00000   0000.00000   380000.00000
1034.00000   0000.00000   0000.00000   380000.00000
1038.00000   0000.00000   0000.00000   380000.00000
1042.00000   0000.00000   0000.00000   380000.00000
1046.00000   0000.00000   0000.00000   380000.00000
1050.00000   0000.00000   0000.00000   380000.00000
1054.00000   0000.00000   0000.00000   380000.00000
1058.00000   0000.00000   0000.00000   380000.00000
1062.00000   0000.00000   0000.00000   380000.00000
1066.00000   0000.00000   0000.00000   380000.00000
1070.00000   0000.00000   0000.00000   380000.00000
1074.00000   0000.00000   0000.00000   380000.00000
1078.00000   0000.00000   0000.00000   380000.00000
1082.00000   0000.00000   0000.00000   380000.00000
1086.00000   0000.00000   0000.00000   380000.00000
1090.00000   0000.00000   0000.00000   380000.00000
1094.00000   0000.00000   0000.00000   380000.00000
1098.00000   0000.00000   0000.00000   380000.00000
1102.00000   0000.00000   0000.00000   380000.00000
1106.00000   0000.00000   0000.00000   380000.00000
1110.00000   0000.00000   0000.00000   380000.00000
1114.00000   0000.00000   0000.00000   380000.00000
1118.00000   0000.00000   0000.00000   380000.00000
1122.00000   0000.00000   0000.00000   380000.00000
1126.00000   0000.00000   0000.00000   380000.00000
1130.00000   0000.00000   0000.00000   380000.00000
1134.00000   0000.00000   0000.00000   380000.00000
1138.00000   0000.00000   0000.00000   380000.00000
1142.00000   0000.00000   0000.00000   380000.00000
1146.00000   0000.00000   0000.00000   380000.00000
1150.00000   0000.00000   0000.00000   380000.00000
1154.00000   0000.00000   0000.00000   380000.00000
1158.00000   0000.00000   0000.00000   380000.00000
1162.00000   0000.00000   0000.00000   380000.00000
1166.00000   0000.00000   0000.00000   380000.00000
1170.00000   0000.00000   0000.00000   380000.00000
1174.00000   0000.00000   0000.00000   380000.00000
1178.00000   0000.00000   0000.00000   380000.00000
1182.00000   0000.00000   0000.00000   380000.00000
1186.00000   0000.00000   0000.00000   380000.00000
1190.00000   0000.00000   0000.00000   380000.00000
1194.00000   0000.00000   0000.00000   380000.00000
1198.00000   0000.00000   0000.00000   380000.00000
1202.00000   0000.00000   0000.00000   380000.00000
1206.00000   0000.00000   0000.00000   380000.00000
1210.00000   0000.00000   0000.00000   380000.00000
1214.00000   0000.00000   0000.00000   380000.00000
1218.00000   0000.00000   0000.00000   380000.00000
1222.00000   0000.00000   0000.00000   380000.00000
1226.00000   0000.00000   0000.00000   380000.00000
1230.00000   0000.00000   0000.00000   380000.00000
1234.00000   0000.00000   0000.00000   380000.00000
1238.00000   0000.00000   0000.00000   380000.00000
1242.00000   0000.00000   0000.00000   380000.00000
1246.00000   0000.00000   0000.00000   380000.00000
1250.00000   0000.00000   0000.00000   380000.00000
1254.00000   0000.00000   0000.00000   380000.00000
1258.00000   0000.00000   0000.00000   380000.00000
1262.00000   0000.00000   0000.00000   380000.00000
1266.00000   0000.00000   0000.00000   380000.00000
1270.00000   0000.00000   0000.00000   380000.00000
1274.00000   0000.00000   0000.00000   380000.00000
1278.00000   0000.00000   0000.00000   380000.00000
1282.00000   0000.00000   0000.00000   380000.00000
1286.00000   0000.00000   0000.00000   380000.00000
1290.00000   0000.00000   0000.00000   380000.00000
1294.00000   0000.00000   0000.00000   380000.00000
1298.00000   0000.00000   0000.00000   380000.00000
1302.00000   0000.00000   0000.00000   380000.00000
1306.00000   0000.00000   0000.00000   380000.00000
1310.00000   0000.00000   0000.00000   380000.00000
1314.00000   0000.00000   0000.00000   380000.00000
1318.00000   0000.00000   0000.00000   380000.00000
1322.00000   0000.00000   0000.00000   380000.00000
1326.00000   0000.00000   0000.00000   380000.00000
1330.00000   0000.00000   0000.00000   380000.00000
1334.00000   0000.00000   0000.00000   380000.00000
1338.00000   0000.00000   0000.00000   380000.00000
1342.00000   0000.00000   0000.00000   380000.00000
1346.00000   0000.00000   0000.00000   380000.00000
1350.00000   0000.00000   0000.00000   380000.00000
1354.00000   0000.00000   0000.00000   380000.00000
1358.00000   0000.00000   0000.00000   380000.00000
1362.00000   0000.00000   0000.00000   380000.00000
1366.00000   0000.00000   0000.00000   380000.00000
1370.00000   0000.00000   0000.00000   380000.00000
1374.00000   0000.00000   0000.00000   380000.00000
1378.00000   0000.00000   0000.00000   380000.00000
1382.00000   0000.00000   0000.00000   380000.00000
1386.00000   0000.00000   0000.00000   380000.00000
1390.00000   0000.00000   0000.00000   380000.00000
1394.00000   0000.00000   0000.00000   380000.00000
1398.00000   0000.00000   0000.00000   380000.00000
1402.00000   0000.00000   0000.00000   380000.00000
1406.00000   0000.00000   0000.00000   380000.00000
1410.00000   0000.00000   0000.00000   380000.00000
1414.00000   0000.00000   0000.00000   380000.00000
1418.00000   0000.00000   0000.00000   380000.00000
1422.00000   0000.00000   0000.00000   380000.00000
1426.00000   0000.00000   0000.00000   380000.00000
1430.00000   0000.00000   0000.00000   380000.00000
1434.00000   0000.00000   0000.00000   380000.00000
1438.00000   0000.00000   0000.00000   380000.00000
1442.00000   0000.00000   0000.00000   380000.00000
1446.00000   0000.00000   0000.00000   380000.00000
1450.00000   0000.00000   0000.00000   380000.00000
1454.00000   0000.00000   0000.00000   380000.00000
1458.00000   0000.00000   0000.00000   380000.00000
1462.00000   0000.00000   0000.00000   380000.00000
1466.00000   0000.00000   0000.00000   380000.00000
1470.00000   0000.00000   0000.00000   380000.00000
1474.00000   0000.00000   0000.00000   380000.00000
1478.00000   0000.00000   0000.00000   380000.00000
1482.00000   0000.00000   0000.00000   380000.00000
1486.00000   0000.00000   0000.00000   380000.00000
1490.00000   0000.00000   0000.00000   380000.00000
1494.00000   0000.00000   0000.00000   380000.00000
1498.00000   0000.00000   0000.00000   380000.00000
1502.00000   0000.00000   0000.00000   380000.00000
1506.00000   0000.00000   0000.00000   380000.00000
1510.00000   0000.00000   0000.00000   380000.00000
1514.00000   0000.00000   0000.00000   380000.00000
1518.00000   0000.00000   0000.00000   380000.00000
1522.00000   0000.00000   0000.00000   380000.00000
1526.00000   0000.00000   0000.00000   380000.00000
1530.00000   0000.00000   0000.00000   380000.00000
1534.00000   0000.00000   0000.00000   380000.00000
1538.00000   0000.00000   0000.00000   380000.00000
1542.00000   0000.00000   0000.00000   380000.00000
1546.00000   0000.00000   0000.00000   380000.00000
1550.00000   0000.00000   0000.00000   380000.00000
1554.00000   0000.00000   0000.00000   380000.00000
1558.00000   0000.00000   0000.00000   380000.00000
1562.00000   0000.00000   0000.00000   380000.00000
1566.00000   0000.00000   0000.00000   380000.00000
1570.00000   0000.00000   0000.00000   380000.00000
1574.00000   0000.00000   0000.00000   380000.00000
1578.00000   0000.00000   0000.00000   380000.00000
1582.00000   0000.00000   0000.00000   380000.00000
1586.00000   0000.00000   0000.00000   380000.00000
1590.00000   0000.00000   0000.00000   380000.00000
1594.00000   0000.00000   0000.00000   380000.00000
1598.00000   0000.00000   0000.00000   380000.00000
1602.00000   0000.00000   0000.00000   380000.00000
1606.00000   0000.00000   0000.00000   380000.00000
1610.00000   0000.00000   0000.00000   380000.00000
1614.00000   0000.00000   0000.00000   380000.00000
1618.00000   0000.00000   0000.00000   380000.00000
1622.00000   0000.00000   0000.00000   380000.00000
1626.00000   0000.00000   0000.00000   380000.00000
1630.00000   0000.00000   0000.00000   380000.00000
1634.00000   0000.00000   0000.00000   380000.00000
1638.00000   0000.00000   0000.00000   380000.00000
1642.00000   0000.00000   0000.00000   380000.00000
1646.00000   0000.00000   0000.00000   380000.00000
1650.00000   0000.00000   0000.00000   380000.00000
1654.00000   0000.00000   0000.00000   380000.00000
1658.00000   0000.00000   0000.00000   380000.00000
1662.00000   0000.00000   0000.00000   380000.00000
1666.00000   0000.00000   0000.00000   380000.00000
1670.00000   0000.00000   0000.00000   380000.00000
1674.00000   0000.00000   0000.00000   380000.00000
1678.00000   0000.00000   0000.00000   380000.00000
1682.00000   0000.00000   0000.00000   380000.00000
1686.00000   0000.00000   0000.00000   380000.00000
1690.00000   0000.00000   0000.00000   380000.00000
1694.00000   0000.00000   0000.00000   380000.00000
1698.00000   0000.00000   0000.00000   380000.00000
1702.00000   0000.00000   0000.00000   380000.00000
1706.00000   0000.00000   0000.00000   380000.00000
1710.00000   0000.00000   0000.00000   380000.00000
1714.00000   0000.00000   0000.00000   380000.00000
1718.00000   0000.00000   0000.00000   380000.00000
1722.00000   0000.00000   0000.00000   380000.00000
1726.00000   0000.00000   0000.00000   380000.00000
1730.00000   0000.00000   0000.00000   380000.00000
1734.00000   0000.00000   0000.00000   380000.00000
1738.00000   0000.00000   0000.00000   380000.00000
1742.00000   0000.00000   0000.00000   380000.00000
1746.00000   0000.00000   0000.00000   380000.00000
1750.00000   0000.00000   0000.00000   380000.00000
1754.00000   0000.00000   0000.00000   380000.00000
1758.00000   0000.00000   0000.00000   380000.00000
1762.00000   0000.00000   0000.00000   380000.00000
1766.00000   0000.00000   0000.00000   380000.00000
1770.00000   0000.00000   0000.00000   380000.00000
1774.00000   0000.00000   0000.00000   380000.00000
1778.00000   0000.00000   0000.00000   380000.00000
1782.00000   0000.00000   0000.00000   380000.00000
1786.00000   0000.00000   0000.00000   380000.00000
1790.00000   0000.00000   0000.00000   380000.00000
1794.00000   0000.00000   0000.00000   380000.00000
1798.00000   0000.00000   0000.00000   380000.00000
1802.00000   0000.00000   0000.00000   380000.00000
1806.00000   0000.00000   0000.00000   380000.00000
1810.00000   0000.00000   0000.00000   380000.00000
1814.00000   0000.00000   0000.00000   380000.00000
1818.00000   0000.00000   0000.00000   380000.00000
1822.00000   0000.00000   0000.00000   380000.00000
1826.00000   0000.00000   0000.00000   380000.00000
1830.00000   0000.00000   0000.00000   380000.00000
1834.00000   0000.00000   0000.00000   380000.00000
1838.00000   0000.00000   0000.00000   380000.00000
1842.00000   0000.00000   0000.00000   380000.00000
1846.00000   0000.00000   0000.00000   380000.00000
1850.00000   0000.00000   0000.00000   380000.00000
1854.00000   0000.00000   0000.00000   380000.00000
1858.00000   0000.00000   0000.00000   380000.00000
1862.00000   0000.00000   0000.00000   380000.00000
1866.00000   0000.00000   0000.00000   380000.00000
1870.00000   0000.00000   0000.00000   380000.00000
1874.00000   0000.00000   0000.00000   380000.00000
1878.00000   0000.00000   0000.00000   380000.00000
1882.00000   0000.00000   0000.00000   380000.00000
1886.00000   0000.00000   0000.00000   380000.00000
1890.00000   0000.00000   0000.00000   380000.00000
1894.00000   0000.00000   0000.00000   380000.00000
1898.00000   0000.00000   0000.00000   380000.00000
1902.00000   0000.00000   0000.00000   380000.00000
1906.00000   0000.00000   0000.00000   380000.00000
1910.00000   0000.00000   0000.00000   380000.00000
1914.00000   0000.00000   0000.00000   380000.00000
1918.00000   0000.00000   0000.00000   380000.00000
1922.00000   0000.00000   0000.00000   380000.00000
1926.00000   0000.00000   0000.00000   380000.00000
1930.00000   0000.00000   0000.00000   380000.00000
1934.00000   0000.00000   0000.00000   380000.00000
1938.00000   0000.00000   0000.00000   380000.00000
1942.00000   0000.00000   0000.00000   380000.00000
1946.00000   0000.00000   0000.00000   380000.00000
1950.00000   0000.00000   0000.00000   380000.00000
1954.00000   0000.00000   0000.00000   380000.00000
1958.00000   0000.00000   0000.00000   380000.00000
1962.00000   0000.00000   0000.00000   380000.00000
1966.00000   0000.00000   0000.00000   380000.00000
1970.00000   0000.00000   0000.00000   380000.00000
1974.00000   0000.00000   0000.00000   380000.00000
1978.00000   0000.00000   0000.00000   380000.00000
1982.00000   0000.00000   0000.00000   380000.00000
1986.00000   0000.00000   0000.00000   380000.00000
1990.00000   0000.00000   0000.00000   380000.00000
1994.00000   0000.00000   0000.00000   380000.00000
1998.00000   0000.00000   0000.00000   380000.00000
2002.00000   0000.00000   0000.00000   380000.00000
2006.00000   0000.00000   0000.00000   380000.00000
2010.00000   0000.00000   0000.00000   380000.00000
2014.00000   0000.00000   0000.00000   380000.00000
2018.00000   0000.00000   0000.00000   380000.00000
2022.00000   0000.00000   0000.00000   380000.00000
2026.00000   0000.00000   0000.00000   380000.00000
2030.00000   0000.00000   0000.00000   380000.00000
2034.00000   0000.00000   0000.00000   380000.00000
2038.00000   0000.00000   0000.00000   380000.00000
2042.00000   0000.00000   0000.00000   380000.00000
2046.00000   0000.00000   0000.00000   380000.00000
2050.00000   0000.00000   0000.00000   380000.00000
2054.00000   0000.00000   0000.00000   380000.00000
2058.00000   0000.00000   0000.00000   380000.00000
2062.00000   0000.00000   0000.00000   380000.00000
2066.00000   0000.00000   0000.00000   380000.00000
2070.00000   0000.00000   0000.00000   380000.00000
2074.00000   0000.00000   0000.00000   380000.00000
2078.00000   0000.00000   0000.00000   380000.00000
2082.00000   0000.00000   0000.00000   380000.00000
2086.00000   0000.00000   0000.00000   380000.00000
2090.00000   0000.00000   0000.00000   380000.00000
2094.00000   0000.00000   0000.00000   380000.00000
2098.00000   0000.00000   0000.00000   380000.00000
2102.00000   0000.00000   0000.00000   380000.00000
2106.00000   0000.00000   0000.00000   380000.00000
2110.00000   0000.00000   0000.00000   380000.00000
2114.00000   0000.00000   0000.00000   380000.00000
2118.00000   0000.00000   0000.00000   380000.00000
2122.00000   0000.00000   0000.00000   380000.00000
2126.00000   0000.00000   0000.00000   380000.00000
2130.00000   0000.00000   0000.00000   380000.00000
2134.00000   0000.00000   0000.00000   380000.00000
2138.00000   0000.00000   0000.00000   380000.00000
2142.00000   0000.00000   0000.00000   380000.00000
2146.00000   0000.00000   0000.00000   380000.00000
2150.00000   0000.00000   0000.00000   380000.00000
2154.00000   0000.00000   0000.00000   380000.00000
2158.00000   0000.00000   0000.00000   380000.00000
2162.00000   0000.00000   0000.00000   380000.00000
2166.00000   0000.00000   0000.00000   380000.00000
2170.00000   0000.00000   0000.00000   380000.00000
2174.00000   0000.00000   0000.00000   380000.00000
2178.00000   0000.00000   0000.00000   380000.00000
2182.00000   0000.00000   0000.00000   380000.00000
2186.00000   0000.00000   0000.00000   380000.00000
2190.00000   0000.00000   0000.00000   380000.00000
2194.00000   0000.00000   0000.00000   380000.00000
2198.00000   0000.00000   0000.00000   380000.00000
2202.00000   0000.00000   0000.00000   380000.00000
2206.00000   0000.00000   0000.00000   380000.00000
2210.00000   0000.00000   0000.00000   380000.00000
2214.00000   0000.00000   0000.00000   380000.00000
2218.00000   0000.00000   0000.00000   380000.00000
2222.00000   0000.00000   0000.00000   380000.00000
2226.00000   0000.00000   0000.00000   380000.00000
2230.00000   0000.00000   0000.00000   380000.00000
2234.00000   0000.00000   0000.00000   380000.00000
2238.00000   0000.00000   0000.00000   380000.00000
2242.00000   0000.00000   0000.00000   380000.00000
2246.00000   0000.00000   0000.00000   380000.00000
2250.00000   0000.00000   0000.00000   380000.00000
2254.00000   0000.00000   0000.00000   380000.00000
2258.00000   0000.00000   0000.00000   380000.00000
2262.00000   0000.00000   0000.00000   380000.00000
2266.00000   0000.00000   0000.00000   380000.00000
2270.00000   0000.00000   0000.00000   380000.00000
2274.00000   0000.00000   0000.00000   380000.00000
2278.00000   0000.00000   0000.00000   380000.00000
2282.00000   0000.00000   0000.00000   380000.00000
2286.00000   0000.00000   0000.00000   380000.00000
2290.00000   0000.00000   0000.00000   380000.00000
2294.00000   0000.00000   0000.00000   380000.00000
2298.00000   0000.00000   0000.00000   380000.00000
2302.00000   0000.00000   0000.00000   380000.00000
2306.00000   0000.00000   0000.00000   380000.00000
2310.00000   0000.00000   0000.00000   380000.00000
2314.00000   0000.00000   0000.00000   380000.00000
2318.00000   0000.00000   0000.00000   380000.00000
2322.00000   0000.00000   0000.00000   380000.00000
2326.00000   0000.00000   0000.00000   380000.00000
2330.00000   0000.00000   0000.00000   380000.00000
2334.00000   0000.00000   0000.00000   380000.00000
2338.00000   0000.00000   0000.00000   380000.00000
2342.00000   0000.00000   0000.00000   380000.00000
2346.00000   0000.00000   0000.00000   380000.00000
2350.00000   0000.00000   0000.00000   380000.00000
2354.00000   0000.00000   0000.00000   380000.00000
2358.00000   0000.00000   0000.00000   380000.00000
2362.00000   0000.00000   0000.00000   380000.00000
2366.00000   0000.00000   0000.00000   380000.00000
2370.00000   0000.00000   0000.00000   380000.00000
2374.00000   0000.00000   0000.00000   380000.00000
2378.00000   0000.00000   0000.00000   380000.00000
2382.00000   0000.00000   0000.00000   380000.00000
2386.00000   0000.00000   0000.00000   380000.00000
2390.00000   0000.00000   0000.00000   380000.00000
2394.00000   0000.00000   0000.00000   380000.00000
2398.00000   0000.00000   0000.00000   380000.00000
2402.00000   0000.00000   0000.00000   380000.00000
2406.00000   0000.00000   0000.00000   380000.00000
2410.00000   0000.00000   0000.00000   380000.00000
2414.00000   0000.00000   0000.00000   380000.00000
2418.00000   0000.00000   0000.00000   380000.00000
2422.00000   0000.00000   0000.00000   380000.00000
2426.00000   0000.00000   0000.00000   380000.00000
2430.00000   0000.00000   0000.00000   380000.00000
2434.00000   0000.00000   0000.00000   380000.00000
2438.00000   0000.00000   0000.00000   380000.00000
2442.00000   0000.00000   0000.00000   380000.00000
2446.00000   0000.00000   0000.00000   380000.00000
2450.00000   0000.00000   0000.00000   380000.00000
2454.00000   0000.00000   0000.00000   380000.00000
2458.00000   0000.00000   0000.00000   380000.00000
2462.00000   0000.00000   0000.00000   380000.00000
2466.00000   0000.00000   0000.00000   380000.00000
2470.00000   0000.00000   0000.00000   380000.00000
2474.00000   0000.00000   0000.00000   380000.00000
2478.00000   0000.00000   0000.00000   380000.00000
2482.00000   0000.00000   0000.00000   380000.00000
2486.00000   0000.00000   0000.00000   380000.00000
2490.00000   0000.00000   0000.00000   380000.00000
2494.00000   0000.00000   0000.00000   380000.00000
2498.00000   0000.00000   0000.00000   380000.00000
2502.00000   0000.00000   0000.00000   380000.00000
2506.00000   0000.00000   0000.00000   380000.00000
2510.00000   0000.00000   0000.00000   380000.00000
2514.00000   0000.00000   0000.00000   380000.00000
2518.00000   0000.00000   0000.00000   380000.00000
2522.00000   0000.00000   0000.00000   380000.00000
2526.00000   0000.00000   0000.00000   380000.00000
2530.00000   0000.00000   0000.00000   380000.00000
2534.00000   0000.00000   0000.00000   380000.00000
2538.00000   0000.00000   0000.00000   380000.00000
2542.00000   0000.00000   0000.00000   380000.00000
2546.00000   0000.00000   0000.00000   380000.00000
2550.00000   0000.00000   0000.00000   380000.00000
2554.00000   0000.00000   0000.00000   380000.00000
2558.00000   0000.00000   0000.00000   380000.00000
2562.00000   0000.00000   0000.00000   380000.00000
2566.00000   0000.00000   0000.00000   380000.00000
2570.00000   0000.00000   0000.00000   380000.00000
2574.00000   0000.00000   0000.00000   380000.00000
2578.00000   0000.00000   0000.00000   380000.00000
2582.00000   0000.00000   0000.00000   380000.00000
2586.00000   0000.00000   0000.00000   380000.00000
2590.00000   0000.00000   0000.00000   380000.00000
2594.00000   0000.00000   0000.00000   380000.00000
2598.00000   0000.00000   0000.00000   380000.00000
2602.00000   0000.00000   0000.00000   380000.00000
2606.00000   0000.00000   0000.00000   380000.00000
2610.00000   0000.00000   0000.00000   380000.00000
2614.00000   0000.00000   0000.00000   380000.00000
2618.00000   0000.00000   0000.00000   380000.00000
2622.00000   0000.00000   0000.00000   380000.00000
2626.00000   0000.00000   0000.00000   380000.00000
2630.00000   0000.00000   0000.00000   380000.00000
2634.00000   0000.00000   0000.00000   380000.00000
2638.00000   0000.00000   0000.00000   380000.00000
2642.00000   0000.00000   0000.00000   380000.00000
2646.00000   0000.00000   0000.00000   380000.00000
2650.00000   0000.00000   0000.00000   380000.00000
2654.00000   0000.00000   0000.00000   380000.00000
2658.00000   0000.00000   0000.00000   380000.00000
2662.00000   0000.00000   0000.00000   380000.00000
2666.00000   0000.00000   0000.00000   380000.00000
2670.00000   0000.00000   0000.00000   380000.00000
2674.00000   0000.00000   0000.00000   380000.00000
2678.00000   0000.00000   0000.00000   380000.00000
2682.00000   0000.00000   0000.00000   380000.00000
2686.00000   0000.00000   0000.00000   380000.00000
2690.00000   0000.00000   0000.00000   380000.00000
2694.00000   0000.00000   0000.00000   380000.00000
2698.00000   0000.00000   0000.00000   380000.00000
2702.00000   0000.00000   0000.00000   380000.00000
2706.00000   0000.00000   0000.00000   380000.00000
2710.00000   0000.00000   0000.00000   380000.00000
2714.00000   0000.00000   0000.00000   380000.00000
2718.00000   0000.00000   0000.00000   380000.00000
2722.00000   0000.00000   0000.00000   380000.00000
2726.00000   0000.00000   0000.00000   380000.00000
2730.00000   0000.00000   0000.00000   380000.00000
2734.00000   0000.00000   0000.00000   380000.00000
2738.00000   0000.00000   0000.00000   380000.00000
2742.00000   0000.00000   0000.00000   380000.00000
2746.00000   0000.00000   0000.00000   380000.00000
2750.00000   0000.00000   0000.00000   380000.00000
2754.00000   0000.00000   0000.00000   380000.00000
2758.00000   0000.00000   0000.00000   380000.00000
2762.00000   0000.00000   0000.00000   380000.00000
2766.00000   0000.00000   0000.00000   380000.00000
2770.00000   0000.00000   0000.00000   380000.00000
2774.00000   0000.00000   0000.00000   380000.00000
2778.00000   0000.00000   0000.00000   380000.00000
2782.00000   0000.00000   0000.00000   380000.00000
2786.00000   0000.00000   0000.00000   380000.00000
2790.00000   0000.00000   0000.00000   380000.00000
2794.00000   0000.00000   0000.00000   380000.00000
2798.00000   0000.00000   0000.00000   380000.00000
2802.00000   0000.00000   0000.00000   380000.00000
2806.00000   0000.00000   0000.00000   380000.00000
2810.00000   0000.00000   0000.00000   380000.00000
2814.00000   0000.00000   0000.00000   380000.00000
2818.00000   0000.00000   0000.00000   380000.00000
2822.00000   0000.00000   0000.00000   380000.00000
2826.00000   0000.00000   0000.00000   380000.00000
2830.00000   0000.00000   0000.00000   380000.00000
2834.00000   0000.00000   0000.00000   380000.00000
2838.00000   0000.00000   0000.00000   380000.00000
2842.00000   0000.00000   0000.00000   380000.00000
2846.00000   0000.00000   0000.00000   380000.00000
2850.00000   0000.00000   0000.00000   380000.00000
2854.00000   0000.00000   0000.00000   380000.00000
2858.00000   0000.00000   0000.00000   380000.00000
2862.00000   0000.00000   0000.00000   380000.00000
2866.00000   0000.00000   0000.00000   380000.00000
2870.00000   0000.00000   0000.00000   380000.00000
2874.00000   0000.00000   0000.00000   380000.00000
2878.00000   0000.00000   0000.00000   380000.00000
2882.00000   0000.00000   0000.00000   380000.00000
2886.00000   0000.00000   0000.00000   380000.00000
2890.00000   0000.00000   0000.00000   380000.00000
2894.00000   0000.00000   0000.00000   380000.00000
2898.00000   0000.00000   0000.00000   380000.00000
2902.00000   0000.00000   0000.00000   380000.00000
2906.00000   0000.00000   0000.00000   380000.00000
2910.00000   0000.00000   0000.00000   380000.00000
2914.00000   0000.00000   0000.00000   380000.00000
2918.00000   0000.00000   0000.00000   380000.00000
2922.00000   0000.00000   0000.00000   380000.00000
2926.00000   0000.00000   0000.00000   380000.00000
2930.00000   0000.00000   0000.00000   380000.00000
2934.00000   0000.00000   0000.00000   380000.00000
2938.00000   0000.00000   0000.00000   380000.00000
2942.00000   0000.00000   0000.00000   380000.00000
2946.00000   0000.00000   0000.00000   380000.00000
2950.00000   0000.00000   0000.00000   380000.00000
2954.00000   0000.00000   0000.00000   380000.00000
2958.00000   0000.00000   0000.00000   380000.00000
2962.00000   0000.00000   0000.00000   380000.00000
2966.00000   0000.00000   0000.00000   380000.00000
2970.00000   0000.00000   0000.00000   380000.00000
2974.00000   0000.00000   0000.00000   380000.00000
2978.00000   0000.00000   0000.00000   380000.00000
2982.00000   0000.00000   0000.00000   380000.00000
2986.00000   0000.00000   0000.00000   380000.00000
2990.00000   0000.00000   0000.00000   380000.00000
2994.00000   0000.00000   0000.00000   380000.00000
2998.00000   0000.00000   0000.00000   380000.00000
3002.00000   0000.00000   0000.00000   380000.00000
3006.00000   0000.00000   0000.00000   380000.00000
3010.00000   0000.00000   0000.00000   380000.00000
3014.00000   0000.00000   0000.00000   380000.00000
3018.00000   0000.00000   0000.00000   380000.00000
3022.00000   0000.00000   0000.00000   380000.00000
3026.00000   0000.00000   0000.00000   380000.00000
3030.00000   0000.00000   0000.00000   380000.00000
3034.00000   0000.00000   0000.00000   380000.00000
3038.00000   0000.00000   0000.00000   380000.00000
3042.00000   0000.00000   0000.00000   380000.00000
3046.00000   0000.00000   0000.00000   380000.00000
3050.00000   0000.00000   0000.00000   380000.00000
3054.00000   0000.00000   0000.00000   380000.00000
3058.00000   0000.00000   0000.00000   380000.00000
3062.00000   0000.00000   0000.00000   380000.00000
3066.00000   0000.00000   0000.00000   380000.00000
3070.00000   0000.00000   0000.00000   380000.00000
3074.00000   0000.00000   0000.00000   380000.00000
3078.00000   0000.00000   0000.00000   380000.00000
3082.00000   0000.00000   0000.00000   380000.00000
3086.00000   0000.00000   0000.00000   380000.00000
3090.00000   0000.00000   0000.00000   380000.00000
3094.00000   0000.00000   0000.00000   380000.00000
3098.00000   0000.00000   0000.00000   380000.00000
3102.00000   0000.00000   0000.00000   380000.00000
3106.00000   0000.00000   0000.00000   380000.00000
3110.00000   0000.00000   0000.00000   380000.00000
3114.00000   0000.00000   0000.00000   380000.00000
3118.00000   0000.00000   0000.00000   380000.00000
3122.00000   0000.00000   0000.00000   380000.00000
3126.00000   0000.00000   0000.00000   380000.00000
3130.00000   0000.00000   0000.00000   380000.00000
3134.00000   0000.00000   0000.00000   380000.00000
3138.00000   0000.00000   0000.00000   380000.00000
3142.00000   0000.00000   0000.00000   380000.00000
3146.00000   0000.00000   0000.00000   380000.00000
3150.00000   0000.00000   0000.00000   380000.00000
3154.00000   0000.00000   0000.00000   380000.00000
3158.00000   0000.00000   0000.00000   380000.00000
3162.00000   0000.00000   0000.00000   380000.00000
3166.00000   0000.00000   0000.00000   380000.00000
3170.00000   0000.00000   0000.00000   380000.00000
3174.00000   0000.00000   0000.00000   380000.00000
3178.00000   0000.00000   0000.00000   380000.00000
3182.00000   0000.00000   0000.00000   380000.00000
3186.00000   0000.00000   0000.00000   380000.00000
3190.00000   0000.00000   0000.00000   380000.00000
3194.00000   0000.00000   0000.00000   380000.00000
3198.00000   0000.00000   0000.00000   380000.00000
