# Input-file high resolution ,
# height    th     qt    u    v    tke
0001.50000   0296.90000   0000.02120   -007.00000   -001.00000   0000.00000
0004.50000   0297.35954   0000.02108   -007.00000   -001.00000   0000.00000
0007.50000   0297.81908   0000.02097   -007.00000   -001.00000   0000.00000
0010.50000   0298.27861   0000.02085   -007.00000   -001.00000   0000.00000
0013.50000   0298.73815   0000.02073   -007.00000   -001.00000   0000.00000
0016.50000   0299.19769   0000.02061   -007.00000   -001.00000   0000.00000
0019.50000   0299.59538   0000.02038   -007.00000   -001.00000   0000.00000
0022.50000   0299.99306   0000.02014   -007.00000   -001.00000   0000.00000
0025.50000   0300.39075   0000.01990   -007.00000   -001.00000   0000.00000
0028.50000   0300.78844   0000.01990   -007.00000   -001.00000   0000.00000
0031.50000   0300.82688   0000.01980   -007.00000   -001.00000   0000.00000
0034.50000   0300.86532   0000.01970   -007.00000   -001.00000   0000.00000
0037.50000   0300.90376   0000.01960   -007.00000   -001.00000   0000.00000
0040.50000   0301.00752   0000.01950   -007.00000   -001.00000   0000.00000
0043.50000   0301.11128   0000.01950   -007.00000   -001.00000   0000.00000
0046.50000   0301.12256   0000.01950   -007.00000   -001.00000   0000.00000
0049.50000   0301.13384   0000.01950   -007.00000   -001.00000   0000.00000
0052.50000   0301.14512   0000.01935   -007.00000   -001.00000   0000.00000
0055.50000   0301.15640   0000.01920   -007.00000   -001.00000   0000.00000
0058.50000   0301.16769   0000.01905   -007.00000   -001.00000   0000.00000
0061.50000   0301.17897   0000.01889   -007.00000   -001.00000   0000.00000
0064.50000   0301.19025   0000.01874   -007.00000   -001.00000   0000.00000
0067.50000   0301.20153   0000.01859   -007.00000   -001.00000   0000.00000
0070.50000   0301.21281   0000.01844   -007.00000   -001.00000   0000.00000
0073.50000   0301.22409   0000.01829   -007.00000   -001.00000   0000.00000
0076.50000   0301.23537   0000.01814   -007.00000   -001.00000   0000.00000
0079.50000   0301.24665   0000.01799   -007.00000   -001.00000   0000.00000
0082.50000   0301.25793   0000.01783   -007.00000   -001.00000   0000.00000
0085.50000   0301.26921   0000.01780   -007.00000   -001.00000   0000.00000
0088.50000   0301.28049   0000.01777   -007.00000   -001.00000   0000.00000
0091.50000   0301.29177   0000.01774   -007.00000   -001.00000   0000.00000
0094.50000   0301.30306   0000.01771   -007.00000   -001.00000   0000.00000
0097.50000   0301.31434   0000.01768   -007.00000   -001.00000   0000.00000
0100.50000   0301.32562   0000.01765   -007.00000   -001.00000   0000.00000
0103.50000   0301.33690   0000.01761   -007.00000   -001.00000   0000.00000
0106.50000   0301.34818   0000.01758   -007.00000   -001.00000   0000.00000
0109.50000   0301.35946   0000.01755   -007.00000   -001.00000   0000.00000
0112.50000   0301.37074   0000.01752   -007.00000   -001.00000   0000.00000
0115.50000   0301.38202   0000.01749   -007.00000   -001.00000   0000.00000
0118.50000   0301.39330   0000.01746   -007.00000   -001.00000   0000.00000
0121.50000   0301.40458   0000.01743   -007.00000   -001.00000   0000.00000
0124.50000   0301.41586   0000.01739   -007.00000   -001.00000   0000.00000
0127.50000   0301.42714   0000.01736   -007.00000   -001.00000   0000.00000
0130.50000   0301.43843   0000.01733   -007.00000   -001.00000   0000.00000
0133.50000   0301.44971   0000.01730   -007.00000   -001.00000   0000.00000
0136.50000   0301.46099   0000.01727   -007.00000   -001.00000   0000.00000
0139.50000   0301.47227   0000.01724   -007.00000   -001.00000   0000.00000
0142.50000   0301.48355   0000.01721   -007.00000   -001.00000   0000.00000
0145.50000   0301.49483   0000.01717   -007.00000   -001.00000   0000.00000
0148.50000   0301.50611   0000.01714   -007.00000   -001.00000   0000.00000
0151.50000   0301.51739   0000.01711   -007.00000   -001.00000   0000.00000
0154.50000   0301.52867   0000.01708   -007.00000   -001.00000   0000.00000
0157.50000   0301.53995   0000.01705   -007.00000   -001.00000   0000.00000
0160.50000   0301.55123   0000.01702   -007.00000   -001.00000   0000.00000
0163.50000   0301.56251   0000.01699   -007.00000   -001.00000   0000.00000
0166.50000   0301.57380   0000.01695   -007.00000   -001.00000   0000.00000
0169.50000   0301.58508   0000.01692   -007.00000   -001.00000   0000.00000
0172.50000   0301.59636   0000.01689   -007.00000   -001.00000   0000.00000
0175.50000   0301.60764   0000.01686   -007.00000   -001.00000   0000.00000
0178.50000   0301.61892   0000.01683   -007.00000   -001.00000   0000.00000
0181.50000   0301.63020   0000.01680   -007.00000   -001.00000   0000.00000
0184.50000   0301.64148   0000.01677   -007.00000   -001.00000   0000.00000
0187.50000   0301.65276   0000.01673   -007.00000   -001.00000   0000.00000
0190.50000   0301.66404   0000.01670   -007.00000   -001.00000   0000.00000
0193.50000   0301.67532   0000.01667   -007.00000   -001.00000   0000.00000
0196.50000   0301.68660   0000.01664   -007.00000   -001.00000   0000.00000
0199.50000   0301.69788   0000.01661   -007.00000   -001.00000   0000.00000
0202.50000   0301.70917   0000.01658   -007.00000   -001.00000   0000.00000
0205.50000   0301.72045   0000.01655   -007.00000   -001.00000   0000.00000
0208.50000   0301.73173   0000.01651   -007.00000   -001.00000   0000.00000
0211.50000   0301.74301   0000.01648   -007.00000   -001.00000   0000.00000
0214.50000   0301.75429   0000.01645   -007.00000   -001.00000   0000.00000
0217.50000   0301.76557   0000.01642   -007.00000   -001.00000   0000.00000
0220.50000   0301.77685   0000.01639   -007.00000   -001.00000   0000.00000
0223.50000   0301.78813   0000.01636   -007.00000   -001.00000   0000.00000
0226.50000   0301.79941   0000.01633   -007.00000   -001.00000   0000.00000
0229.50000   0301.81069   0000.01629   -007.00000   -001.00000   0000.00000
0232.50000   0301.82197   0000.01626   -007.00000   -001.00000   0000.00000
0235.50000   0301.83325   0000.01623   -007.00000   -001.00000   0000.00000
0238.50000   0301.84454   0000.01620   -007.00000   -001.00000   0000.00000
0241.50000   0301.85582   0000.01617   -007.00000   -001.00000   0000.00000
0244.50000   0301.86710   0000.01614   -007.00000   -001.00000   0000.00000
0247.50000   0301.87838   0000.01610   -007.00000   -001.00000   0000.00000
0250.50000   0301.88966   0000.01607   -007.00000   -001.00000   0000.00000
0253.50000   0301.90094   0000.01604   -007.00000   -001.00000   0000.00000
0256.50000   0301.91222   0000.01601   -007.00000   -001.00000   0000.00000
0259.50000   0301.92350   0000.01598   -007.00000   -001.00000   0000.00000
0262.50000   0301.93478   0000.01595   -007.00000   -001.00000   0000.00000
0265.50000   0301.94606   0000.01592   -007.00000   -001.00000   0000.00000
0268.50000   0301.95734   0000.01588   -007.00000   -001.00000   0000.00000
0271.50000   0301.96862   0000.01585   -007.00000   -001.00000   0000.00000
0274.50000   0301.97991   0000.01582   -007.00000   -001.00000   0000.00000
0277.50000   0301.99119   0000.01579   -007.00000   -001.00000   0000.00000
0280.50000   0302.00247   0000.01576   -007.00000   -001.00000   0000.00000
0283.50000   0302.01375   0000.01573   -007.00000   -001.00000   0000.00000
0286.50000   0302.02503   0000.01570   -007.00000   -001.00000   0000.00000
0289.50000   0302.03631   0000.01566   -007.00000   -001.00000   0000.00000
0292.50000   0302.04759   0000.01563   -007.00000   -001.00000   0000.00000
0295.50000   0302.05887   0000.01560   -007.00000   -001.00000   0000.00000
0298.50000   0302.07015   0000.01557   -007.00000   -001.00000   0000.00000
0301.50000   0302.08143   0000.01554   -007.00000   -001.00000   0000.00000
0304.50000   0302.09271   0000.01551   -007.00000   -001.00000   0000.00000
0307.50000   0302.10400   0000.01548   -007.00000   -001.00000   0000.00000
0310.50000   0302.11528   0000.01544   -007.00000   -001.00000   0000.00000
0313.50000   0302.12656   0000.01541   -007.00000   -001.00000   0000.00000
0316.50000   0302.13784   0000.01538   -007.00000   -001.00000   0000.00000
0319.50000   0302.14912   0000.01535   -007.00000   -001.00000   0000.00000
0322.50000   0302.16040   0000.01532   -007.00000   -001.00000   0000.00000
0325.50000   0302.17168   0000.01529   -007.00000   -001.00000   0000.00000
0328.50000   0302.18296   0000.01526   -007.00000   -001.00000   0000.00000
0331.50000   0302.19424   0000.01522   -007.00000   -001.00000   0000.00000
0334.50000   0302.20552   0000.01519   -007.00000   -001.00000   0000.00000
0337.50000   0302.21680   0000.01516   -007.00000   -001.00000   0000.00000
0340.50000   0302.22808   0000.01513   -007.00000   -001.00000   0000.00000
0343.50000   0302.23937   0000.01510   -007.00000   -001.00000   0000.00000
0346.50000   0302.25065   0000.01507   -007.00000   -001.00000   0000.00000
0349.50000   0302.26193   0000.01504   -007.00000   -001.00000   0000.00000
0352.50000   0302.27321   0000.01500   -007.00000   -001.00000   0000.00000
0355.50000   0302.28449   0000.01497   -007.00000   -001.00000   0000.00000
0358.50000   0302.29577   0000.01494   -007.00000   -001.00000   0000.00000
0361.50000   0302.30705   0000.01491   -007.00000   -001.00000   0000.00000
0364.50000   0302.31833   0000.01488   -007.00000   -001.00000   0000.00000
0367.50000   0302.32961   0000.01485   -007.00000   -001.00000   0000.00000
0370.50000   0302.34089   0000.01482   -007.00000   -001.00000   0000.00000
0373.50000   0302.35217   0000.01478   -007.00000   -001.00000   0000.00000
0376.50000   0302.36345   0000.01475   -007.00000   -001.00000   0000.00000
0379.50000   0302.37474   0000.01472   -007.00000   -001.00000   0000.00000
0382.50000   0302.38602   0000.01469   -007.00000   -001.00000   0000.00000
0385.50000   0302.39730   0000.01466   -007.00000   -001.00000   0000.00000
0388.50000   0302.40858   0000.01463   -007.00000   -001.00000   0000.00000
0391.50000   0302.41986   0000.01460   -007.00000   -001.00000   0000.00000
0394.50000   0302.43114   0000.01456   -007.00000   -001.00000   0000.00000
0397.50000   0302.44242   0000.01453   -007.00000   -001.00000   0000.00000
0400.50000   0302.45370   0000.01450   -007.00000   -001.00000   0000.00000
0403.50000   0302.46498   0000.01447   -007.00000   -001.00000   0000.00000
0406.50000   0302.47626   0000.01446   -007.00000   -001.00000   0000.00000
0409.50000   0302.48754   0000.01445   -007.00000   -001.00000   0000.00000
0412.50000   0302.49882   0000.01444   -007.00000   -001.00000   0000.00000
0415.50000   0302.51011   0000.01443   -007.00000   -001.00000   0000.00000
0418.50000   0302.52139   0000.01442   -007.00000   -001.00000   0000.00000
0421.50000   0302.53267   0000.01442   -007.00000   -001.00000   0000.00000
0424.50000   0302.54395   0000.01441   -007.00000   -001.00000   0000.00000
0427.50000   0302.55523   0000.01440   -007.00000   -001.00000   0000.00000
0430.50000   0302.56651   0000.01439   -007.00000   -001.00000   0000.00000
0433.50000   0302.57779   0000.01438   -007.00000   -001.00000   0000.00000
0436.50000   0302.58907   0000.01437   -007.00000   -001.00000   0000.00000
0439.50000   0302.60035   0000.01436   -007.00000   -001.00000   0000.00000
0442.50000   0302.61163   0000.01435   -007.00000   -001.00000   0000.00000
0445.50000   0302.62291   0000.01434   -007.00000   -001.00000   0000.00000
0448.50000   0302.63419   0000.01433   -007.00000   -001.00000   0000.00000
0451.50000   0302.64548   0000.01433   -007.00000   -001.00000   0000.00000
0454.50000   0302.65676   0000.01432   -007.00000   -001.00000   0000.00000
0457.50000   0302.66804   0000.01431   -007.00000   -001.00000   0000.00000
0460.50000   0302.67932   0000.01430   -007.00000   -001.00000   0000.00000
0463.50000   0302.69060   0000.01429   -007.00000   -001.00000   0000.00000
0466.50000   0302.70188   0000.01428   -007.00000   -001.00000   0000.00000
0469.50000   0302.71316   0000.01427   -007.00000   -001.00000   0000.00000
0472.50000   0302.72444   0000.01426   -007.00000   -001.00000   0000.00000
0475.50000   0302.73572   0000.01425   -007.00000   -001.00000   0000.00000
0478.50000   0302.74700   0000.01424   -007.00000   -001.00000   0000.00000
0481.50000   0302.75828   0000.01424   -007.00000   -001.00000   0000.00000
0484.50000   0302.76956   0000.01423   -007.00000   -001.00000   0000.00000
0487.50000   0302.78085   0000.01422   -007.00000   -001.00000   0000.00000
0490.50000   0302.79213   0000.01421   -007.00000   -001.00000   0000.00000
0493.50000   0302.80341   0000.01420   -007.00000   -001.00000   0000.00000
0496.50000   0302.81469   0000.01419   -007.00000   -001.00000   0000.00000
0499.50000   0302.82597   0000.01418   -007.00000   -001.00000   0000.00000
0502.50000   0302.83725   0000.01417   -007.00000   -001.00000   0000.00000
0505.50000   0302.87595   0000.01416   -007.00000   -001.00000   0000.00000
0508.50000   0302.91465   0000.01415   -007.00000   -001.00000   0000.00000
0511.50000   0302.95335   0000.01415   -007.00000   -001.00000   0000.00000
0514.50000   0302.99205   0000.01414   -007.00000   -001.00000   0000.00000
0517.50000   0303.03075   0000.01413   -007.00000   -001.00000   0000.00000
0520.50000   0303.06945   0000.01412   -007.00000   -001.00000   0000.00000
0523.50000   0303.10815   0000.01411   -007.00000   -001.00000   0000.00000
0526.50000   0303.14685   0000.01410   -007.00000   -001.00000   0000.00000
0529.50000   0303.18555   0000.01409   -007.00000   -001.00000   0000.00000
0532.50000   0303.19300   0000.01408   -007.00000   -001.00000   0000.00000
0535.50000   0303.19420   0000.01407   -007.00000   -001.00000   0000.00000
0538.50000   0303.19540   0000.01406   -007.00000   -001.00000   0000.00000
0541.50000   0303.19660   0000.01406   -007.00000   -001.00000   0000.00000
0544.50000   0303.19780   0000.01405   -007.00000   -001.00000   0000.00000
0547.50000   0303.19900   0000.01404   -007.00000   -001.00000   0000.00000
0550.50000   0303.20125   0000.01403   -007.00000   -001.00000   0000.00000
0553.50000   0303.20875   0000.01402   -007.00000   -001.00000   0000.00000
0556.50000   0303.21625   0000.01401   -007.00000   -001.00000   0000.00000
0559.50000   0303.22375   0000.01400   -007.00000   -001.00000   0000.00000
0562.50000   0303.23125   0000.01399   -007.00000   -001.00000   0000.00000
0565.50000   0303.23875   0000.01398   -007.00000   -001.00000   0000.00000
0568.50000   0303.24625   0000.01397   -007.00000   -001.00000   0000.00000
0571.50000   0303.25375   0000.01397   -007.00000   -001.00000   0000.00000
0574.50000   0303.26125   0000.01396   -007.00000   -001.00000   0000.00000
0577.50000   0303.26875   0000.01395   -007.00000   -001.00000   0000.00000
0580.50000   0303.27625   0000.01394   -007.00000   -001.00000   0000.00000
0583.50000   0303.28375   0000.01393   -007.00000   -001.00000   0000.00000
0586.50000   0303.29125   0000.01392   -007.00000   -001.00000   0000.00000
0589.50000   0303.29875   0000.01391   -007.00000   -001.00000   0000.00000
0592.50000   0303.30625   0000.01390   -007.00000   -001.00000   0000.00000
0595.50000   0303.31375   0000.01389   -007.00000   -001.00000   0000.00000
0598.50000   0303.32125   0000.01388   -007.00000   -001.00000   0000.00000
0601.50000   0303.32875   0000.01388   -007.00000   -001.00000   0000.00000
0604.50000   0303.33625   0000.01387   -007.00000   -001.00000   0000.00000
0607.50000   0303.34375   0000.01386   -007.00000   -001.00000   0000.00000
0610.50000   0303.35125   0000.01385   -007.00000   -001.00000   0000.00000
0613.50000   0303.35875   0000.01384   -007.00000   -001.00000   0000.00000
0616.50000   0303.36625   0000.01383   -007.00000   -001.00000   0000.00000
0619.50000   0303.37375   0000.01383   -007.00000   -001.00000   0000.00000
0622.50000   0303.38125   0000.01382   -007.00000   -001.00000   0000.00000
0625.50000   0303.38875   0000.01381   -007.00000   -001.00000   0000.00000
0628.50000   0303.39625   0000.01380   -007.00000   -001.00000   0000.00000
0631.50000   0303.40375   0000.01380   -007.00000   -001.00000   0000.00000
0634.50000   0303.41125   0000.01379   -007.00000   -001.00000   0000.00000
0637.50000   0303.41875   0000.01378   -007.00000   -001.00000   0000.00000
0640.50000   0303.42625   0000.01377   -007.00000   -001.00000   0000.00000
0643.50000   0303.43375   0000.01376   -007.00000   -001.00000   0000.00000
0646.50000   0303.44125   0000.01375   -007.00000   -001.00000   0000.00000
0649.50000   0303.44875   0000.01374   -007.00000   -001.00000   0000.00000
0652.50000   0303.45625   0000.01373   -007.00000   -001.00000   0000.00000
0655.50000   0303.46375   0000.01372   -007.00000   -001.00000   0000.00000
0658.50000   0303.47125   0000.01371   -007.00000   -001.00000   0000.00000
0661.50000   0303.47875   0000.01371   -007.00000   -001.00000   0000.00000
0664.50000   0303.48625   0000.01370   -007.00000   -001.00000   0000.00000
0667.50000   0303.49375   0000.01369   -007.00000   -001.00000   0000.00000
0670.50000   0303.50125   0000.01368   -007.00000   -001.00000   0000.00000
0673.50000   0303.50875   0000.01367   -007.00000   -001.00000   0000.00000
0676.50000   0303.51625   0000.01366   -007.00000   -001.00000   0000.00000
0679.50000   0303.52375   0000.01365   -007.00000   -001.00000   0000.00000
0682.50000   0303.53125   0000.01364   -007.00000   -001.00000   0000.00000
0685.50000   0303.53875   0000.01363   -007.00000   -001.00000   0000.00000
0688.50000   0303.54625   0000.01362   -007.00000   -001.00000   0000.00000
0691.50000   0303.55375   0000.01362   -007.00000   -001.00000   0000.00000
0694.50000   0303.56125   0000.01361   -007.00000   -001.00000   0000.00000
0697.50000   0303.56875   0000.01360   -007.00000   -001.00000   0000.00000
0700.50000   0303.57625   0000.01359   -007.00000   -001.00000   0000.00000
0703.50000   0303.58375   0000.01358   -007.00000   -001.00000   0000.00000
0706.50000   0303.59125   0000.01357   -007.00000   -001.00000   0000.00000
0709.50000   0303.59875   0000.01356   -007.00000   -001.00000   0000.00000
0712.50000   0303.60625   0000.01355   -007.00000   -001.00000   0000.00000
0715.50000   0303.61375   0000.01354   -007.00000   -001.00000   0000.00000
0718.50000   0303.62125   0000.01353   -007.00000   -001.00000   0000.00000
0721.50000   0303.62875   0000.01353   -007.00000   -001.00000   0000.00000
0724.50000   0303.63625   0000.01352   -007.00000   -001.00000   0000.00000
0727.50000   0303.64375   0000.01351   -007.00000   -001.00000   0000.00000
0730.50000   0303.65125   0000.01350   -007.00000   -001.00000   0000.00000
0733.50000   0303.65875   0000.01349   -007.00000   -001.00000   0000.00000
0736.50000   0303.66625   0000.01348   -007.00000   -001.00000   0000.00000
0739.50000   0303.67375   0000.01347   -007.00000   -001.00000   0000.00000
0742.50000   0303.68125   0000.01346   -007.00000   -001.00000   0000.00000
0745.50000   0303.68875   0000.01345   -007.00000   -001.00000   0000.00000
0748.50000   0303.69625   0000.01344   -007.00000   -001.00000   0000.00000
0751.50000   0303.70375   0000.01344   -007.00000   -001.00000   0000.00000
0754.50000   0303.71125   0000.01343   -007.00000   -001.00000   0000.00000
0757.50000   0303.71875   0000.01342   -007.00000   -001.00000   0000.00000
0760.50000   0303.72625   0000.01341   -007.00000   -001.00000   0000.00000
0763.50000   0303.73375   0000.01340   -007.00000   -001.00000   0000.00000
0766.50000   0303.74125   0000.01339   -007.00000   -001.00000   0000.00000
0769.50000   0303.74875   0000.01338   -007.00000   -001.00000   0000.00000
0772.50000   0303.75625   0000.01337   -007.00000   -001.00000   0000.00000
0775.50000   0303.76375   0000.01336   -007.00000   -001.00000   0000.00000
0778.50000   0303.77125   0000.01335   -007.00000   -001.00000   0000.00000
0781.50000   0303.77875   0000.01335   -007.00000   -001.00000   0000.00000
0784.50000   0303.78625   0000.01334   -007.00000   -001.00000   0000.00000
0787.50000   0303.79375   0000.01333   -007.00000   -001.00000   0000.00000
0790.50000   0303.80125   0000.01332   -007.00000   -001.00000   0000.00000
0793.50000   0303.80875   0000.01331   -007.00000   -001.00000   0000.00000
0796.50000   0303.81625   0000.01330   -007.00000   -001.00000   0000.00000
0799.50000   0303.82375   0000.01329   -007.00000   -001.00000   0000.00000
0802.50000   0303.83125   0000.01328   -007.00000   -001.00000   0000.00000
0805.50000   0303.83875   0000.01327   -007.00000   -001.00000   0000.00000
0808.50000   0303.84625   0000.01326   -007.00000   -001.00000   0000.00000
0811.50000   0303.85375   0000.01326   -007.00000   -001.00000   0000.00000
0814.50000   0303.86125   0000.01325   -007.00000   -001.00000   0000.00000
0817.50000   0303.86875   0000.01324   -007.00000   -001.00000   0000.00000
0820.50000   0303.87625   0000.01323   -007.00000   -001.00000   0000.00000
0823.50000   0303.88375   0000.01322   -007.00000   -001.00000   0000.00000
0826.50000   0303.89125   0000.01321   -007.00000   -001.00000   0000.00000
0829.50000   0303.89875   0000.01320   -007.00000   -001.00000   0000.00000
0832.50000   0303.90625   0000.01319   -007.00000   -001.00000   0000.00000
0835.50000   0303.91375   0000.01318   -007.00000   -001.00000   0000.00000
0838.50000   0303.92125   0000.01317   -007.00000   -001.00000   0000.00000
0841.50000   0303.92875   0000.01317   -007.00000   -001.00000   0000.00000
0844.50000   0303.93625   0000.01316   -007.00000   -001.00000   0000.00000
0847.50000   0303.94375   0000.01315   -007.00000   -001.00000   0000.00000
0850.50000   0303.95125   0000.01314   -007.00000   -001.00000   0000.00000
0853.50000   0303.95875   0000.01313   -007.00000   -001.00000   0000.00000
0856.50000   0303.96625   0000.01312   -007.00000   -001.00000   0000.00000
0859.50000   0303.97375   0000.01311   -007.00000   -001.00000   0000.00000
0862.50000   0303.98125   0000.01310   -007.00000   -001.00000   0000.00000
0865.50000   0303.98875   0000.01309   -007.00000   -001.00000   0000.00000
0868.50000   0303.99625   0000.01308   -007.00000   -001.00000   0000.00000
0871.50000   0304.00375   0000.01308   -007.00000   -001.00000   0000.00000
0874.50000   0304.01125   0000.01307   -007.00000   -001.00000   0000.00000
0877.50000   0304.01875   0000.01306   -007.00000   -001.00000   0000.00000
0880.50000   0304.02625   0000.01305   -007.00000   -001.00000   0000.00000
0883.50000   0304.03375   0000.01305   -007.00000   -001.00000   0000.00000
0886.50000   0304.04125   0000.01304   -007.00000   -001.00000   0000.00000
0889.50000   0304.04875   0000.01303   -007.00000   -001.00000   0000.00000
0892.50000   0304.05625   0000.01302   -007.00000   -001.00000   0000.00000
0895.50000   0304.06375   0000.01301   -007.00000   -001.00000   0000.00000
0898.50000   0304.07125   0000.01300   -007.00000   -001.00000   0000.00000
0901.50000   0304.07875   0000.01300   -007.00000   -001.00000   0000.00000
0904.50000   0304.08625   0000.01299   -007.00000   -001.00000   0000.00000
0907.50000   0304.09375   0000.01298   -007.00000   -001.00000   0000.00000
0910.50000   0304.10125   0000.01297   -007.00000   -001.00000   0000.00000
0913.50000   0304.10875   0000.01296   -007.00000   -001.00000   0000.00000
0916.50000   0304.11625   0000.01295   -007.00000   -001.00000   0000.00000
0919.50000   0304.12375   0000.01294   -007.00000   -001.00000   0000.00000
0922.50000   0304.13125   0000.01293   -007.00000   -001.00000   0000.00000
0925.50000   0304.13875   0000.01292   -007.00000   -001.00000   0000.00000
0928.50000   0304.14625   0000.01291   -007.00000   -001.00000   0000.00000
0931.50000   0304.15375   0000.01291   -007.00000   -001.00000   0000.00000
0934.50000   0304.16125   0000.01290   -007.00000   -001.00000   0000.00000
0937.50000   0304.16875   0000.01289   -007.00000   -001.00000   0000.00000
0940.50000   0304.17625   0000.01288   -007.00000   -001.00000   0000.00000
0943.50000   0304.18375   0000.01287   -007.00000   -001.00000   0000.00000
0946.50000   0304.19125   0000.01286   -007.00000   -001.00000   0000.00000
0949.50000   0304.19875   0000.01285   -007.00000   -001.00000   0000.00000
0952.50000   0304.20625   0000.01284   -007.00000   -001.00000   0000.00000
0955.50000   0304.21375   0000.01283   -007.00000   -001.00000   0000.00000
0958.50000   0304.22125   0000.01282   -007.00000   -001.00000   0000.00000
0961.50000   0304.22875   0000.01282   -007.00000   -001.00000   0000.00000
0964.50000   0304.23625   0000.01281   -007.00000   -001.00000   0000.00000
0967.50000   0304.24375   0000.01280   -007.00000   -001.00000   0000.00000
0970.50000   0304.25125   0000.01279   -007.00000   -001.00000   0000.00000
0973.50000   0304.25875   0000.01278   -007.00000   -001.00000   0000.00000
0976.50000   0304.26625   0000.01277   -007.00000   -001.00000   0000.00000
0979.50000   0304.27375   0000.01276   -007.00000   -001.00000   0000.00000
0982.50000   0304.28125   0000.01275   -007.00000   -001.00000   0000.00000
0985.50000   0304.28875   0000.01274   -007.00000   -001.00000   0000.00000
0988.50000   0304.29625   0000.01273   -007.00000   -001.00000   0000.00000
0991.50000   0304.30375   0000.01273   -007.00000   -001.00000   0000.00000
0994.50000   0304.31125   0000.01272   -007.00000   -001.00000   0000.00000
0997.50000   0304.31875   0000.01271   -007.00000   -001.00000   0000.00000
1000.50000   0304.32625   0000.01270   -007.00000   -001.00000   0000.00000
1003.50000   0304.33375   0000.01269   -007.00000   -001.00000   0000.00000
1006.50000   0304.34125   0000.01268   -007.00000   -001.00000   0000.00000
1009.50000   0304.34875   0000.01267   -007.00000   -001.00000   0000.00000
1012.50000   0304.35625   0000.01266   -007.00000   -001.00000   0000.00000
1015.50000   0304.36375   0000.01265   -007.00000   -001.00000   0000.00000
1018.50000   0304.37125   0000.01264   -007.00000   -001.00000   0000.00000
1021.50000   0304.37875   0000.01264   -007.00000   -001.00000   0000.00000
1024.50000   0304.38625   0000.01263   -007.00000   -001.00000   0000.00000
1027.50000   0304.39375   0000.01262   -007.00000   -001.00000   0000.00000
1030.50000   0304.40125   0000.01261   -007.00000   -001.00000   0000.00000
1033.50000   0304.40875   0000.01260   -007.00000   -001.00000   0000.00000
1036.50000   0304.41625   0000.01259   -007.00000   -001.00000   0000.00000
1039.50000   0304.42375   0000.01258   -007.00000   -001.00000   0000.00000
1042.50000   0304.43125   0000.01257   -007.00000   -001.00000   0000.00000
1045.50000   0304.43875   0000.01256   -007.00000   -001.00000   0000.00000
1048.50000   0304.44625   0000.01255   -007.00000   -001.00000   0000.00000
1051.50000   0304.45375   0000.01255   -007.00000   -001.00000   0000.00000
1054.50000   0304.46125   0000.01254   -007.00000   -001.00000   0000.00000
1057.50000   0304.46875   0000.01253   -007.00000   -001.00000   0000.00000
1060.50000   0304.47625   0000.01252   -007.00000   -001.00000   0000.00000
1063.50000   0304.48375   0000.01251   -007.00000   -001.00000   0000.00000
1066.50000   0304.49125   0000.01250   -007.00000   -001.00000   0000.00000
1069.50000   0304.49875   0000.01249   -007.00000   -001.00000   0000.00000
1072.50000   0304.50625   0000.01248   -007.00000   -001.00000   0000.00000
1075.50000   0304.51375   0000.01247   -007.00000   -001.00000   0000.00000
1078.50000   0304.52125   0000.01246   -007.00000   -001.00000   0000.00000
1081.50000   0304.52875   0000.01246   -007.00000   -001.00000   0000.00000
1084.50000   0304.53625   0000.01245   -007.00000   -001.00000   0000.00000
1087.50000   0304.54375   0000.01244   -007.00000   -001.00000   0000.00000
1090.50000   0304.55125   0000.01243   -007.00000   -001.00000   0000.00000
1093.50000   0304.55875   0000.01242   -007.00000   -001.00000   0000.00000
1096.50000   0304.56625   0000.01241   -007.00000   -001.00000   0000.00000
1099.50000   0304.57375   0000.01240   -007.00000   -001.00000   0000.00000
1102.50000   0304.58125   0000.01239   -007.00000   -001.00000   0000.00000
1105.50000   0304.58875   0000.01238   -007.00000   -001.00000   0000.00000
1108.50000   0304.59625   0000.01237   -007.00000   -001.00000   0000.00000
1111.50000   0304.60375   0000.01237   -007.00000   -001.00000   0000.00000
1114.50000   0304.61125   0000.01236   -007.00000   -001.00000   0000.00000
1117.50000   0304.61875   0000.01235   -007.00000   -001.00000   0000.00000
1120.50000   0304.62625   0000.01234   -007.00000   -001.00000   0000.00000
1123.50000   0304.63375   0000.01233   -007.00000   -001.00000   0000.00000
1126.50000   0304.64125   0000.01232   -007.00000   -001.00000   0000.00000
1129.50000   0304.64875   0000.01231   -007.00000   -001.00000   0000.00000
1132.50000   0304.65625   0000.01230   -007.00000   -001.00000   0000.00000
1135.50000   0304.66375   0000.01229   -007.00000   -001.00000   0000.00000
1138.50000   0304.67125   0000.01228   -007.00000   -001.00000   0000.00000
1141.50000   0304.67875   0000.01228   -007.00000   -001.00000   0000.00000
1144.50000   0304.68625   0000.01227   -007.00000   -001.00000   0000.00000
1147.50000   0304.69375   0000.01226   -007.00000   -001.00000   0000.00000
1150.50000   0304.70125   0000.01225   -007.00000   -001.00000   0000.00000
1153.50000   0304.70875   0000.01224   -007.00000   -001.00000   0000.00000
1156.50000   0304.71625   0000.01223   -007.00000   -001.00000   0000.00000
1159.50000   0304.72375   0000.01223   -007.00000   -001.00000   0000.00000
1162.50000   0304.73125   0000.01222   -007.00000   -001.00000   0000.00000
1165.50000   0304.73875   0000.01221   -007.00000   -001.00000   0000.00000
1168.50000   0304.74625   0000.01220   -007.00000   -001.00000   0000.00000
1171.50000   0304.75375   0000.01220   -007.00000   -001.00000   0000.00000
1174.50000   0304.76125   0000.01219   -007.00000   -001.00000   0000.00000
1177.50000   0304.76875   0000.01218   -007.00000   -001.00000   0000.00000
1180.50000   0304.77625   0000.01217   -007.00000   -001.00000   0000.00000
1183.50000   0304.78375   0000.01216   -007.00000   -001.00000   0000.00000
1186.50000   0304.79125   0000.01215   -007.00000   -001.00000   0000.00000
1189.50000   0304.79875   0000.01214   -007.00000   -001.00000   0000.00000
1192.50000   0304.80625   0000.01213   -007.00000   -001.00000   0000.00000
1195.50000   0304.81375   0000.01212   -007.00000   -001.00000   0000.00000
1198.50000   0304.82125   0000.01211   -007.00000   -001.00000   0000.00000
1201.50000   0304.82875   0000.01211   -007.00000   -001.00000   0000.00000
1204.50000   0304.83625   0000.01210   -007.00000   -001.00000   0000.00000
1207.50000   0304.84375   0000.01209   -007.00000   -001.00000   0000.00000
1210.50000   0304.85125   0000.01208   -007.00000   -001.00000   0000.00000
1213.50000   0304.85875   0000.01207   -007.00000   -001.00000   0000.00000
1216.50000   0304.86625   0000.01206   -007.00000   -001.00000   0000.00000
1219.50000   0304.87375   0000.01205   -007.00000   -001.00000   0000.00000
1222.50000   0304.88125   0000.01204   -007.00000   -001.00000   0000.00000
1225.50000   0304.88875   0000.01203   -007.00000   -001.00000   0000.00000
1228.50000   0304.89625   0000.01202   -007.00000   -001.00000   0000.00000
1231.50000   0304.90375   0000.01202   -007.00000   -001.00000   0000.00000
1234.50000   0304.91125   0000.01201   -007.00000   -001.00000   0000.00000
1237.50000   0304.91875   0000.01200   -007.00000   -001.00000   0000.00000
1240.50000   0304.92625   0000.01199   -007.00000   -001.00000   0000.00000
1243.50000   0304.93375   0000.01198   -007.00000   -001.00000   0000.00000
1246.50000   0304.94125   0000.01197   -007.00000   -001.00000   0000.00000
1249.50000   0304.94875   0000.01196   -007.00000   -001.00000   0000.00000
1252.50000   0304.95625   0000.01195   -007.00000   -001.00000   0000.00000
1255.50000   0304.96375   0000.01194   -007.00000   -001.00000   0000.00000
1258.50000   0304.97125   0000.01193   -007.00000   -001.00000   0000.00000
1261.50000   0304.97875   0000.01193   -007.00000   -001.00000   0000.00000
1264.50000   0304.98625   0000.01192   -007.00000   -001.00000   0000.00000
1267.50000   0304.99375   0000.01191   -007.00000   -001.00000   0000.00000
1270.50000   0305.00125   0000.01190   -007.00000   -001.00000   0000.00000
1273.50000   0305.00875   0000.01189   -007.00000   -001.00000   0000.00000
1276.50000   0305.01625   0000.01188   -007.00000   -001.00000   0000.00000
1279.50000   0305.02375   0000.01187   -007.00000   -001.00000   0000.00000
1282.50000   0305.03125   0000.01186   -007.00000   -001.00000   0000.00000
1285.50000   0305.03875   0000.01185   -007.00000   -001.00000   0000.00000
1288.50000   0305.04625   0000.01184   -007.00000   -001.00000   0000.00000
1291.50000   0305.05375   0000.01184   -007.00000   -001.00000   0000.00000
1294.50000   0305.06125   0000.01183   -007.00000   -001.00000   0000.00000
1297.50000   0305.06875   0000.01182   -007.00000   -001.00000   0000.00000
1300.50000   0305.07625   0000.01181   -007.00000   -001.00000   0000.00000
1303.50000   0305.08375   0000.01180   -007.00000   -001.00000   0000.00000
1306.50000   0305.09125   0000.01179   -007.00000   -001.00000   0000.00000
1309.50000   0305.09875   0000.01178   -007.00000   -001.00000   0000.00000
1312.50000   0305.10625   0000.01177   -007.00000   -001.00000   0000.00000
1315.50000   0305.11375   0000.01176   -007.00000   -001.00000   0000.00000
1318.50000   0305.12125   0000.01175   -007.00000   -001.00000   0000.00000
1321.50000   0305.12875   0000.01175   -007.00000   -001.00000   0000.00000
1324.50000   0305.13625   0000.01174   -007.00000   -001.00000   0000.00000
1327.50000   0305.14375   0000.01173   -007.00000   -001.00000   0000.00000
1330.50000   0305.15125   0000.01172   -007.00000   -001.00000   0000.00000
1333.50000   0305.15875   0000.01171   -007.00000   -001.00000   0000.00000
1336.50000   0305.16625   0000.01170   -007.00000   -001.00000   0000.00000
1339.50000   0305.17375   0000.01169   -007.00000   -001.00000   0000.00000
1342.50000   0305.18125   0000.01168   -007.00000   -001.00000   0000.00000
1345.50000   0305.18875   0000.01167   -007.00000   -001.00000   0000.00000
1348.50000   0305.19625   0000.01166   -007.00000   -001.00000   0000.00000
1351.50000   0305.20375   0000.01166   -007.00000   -001.00000   0000.00000
1354.50000   0305.21125   0000.01165   -007.00000   -001.00000   0000.00000
1357.50000   0305.21875   0000.01164   -007.00000   -001.00000   0000.00000
1360.50000   0305.22625   0000.01163   -007.00000   -001.00000   0000.00000
1363.50000   0305.23375   0000.01162   -007.00000   -001.00000   0000.00000
1366.50000   0305.24125   0000.01161   -007.00000   -001.00000   0000.00000
1369.50000   0305.24875   0000.01160   -007.00000   -001.00000   0000.00000
1372.50000   0305.25625   0000.01159   -007.00000   -001.00000   0000.00000
1375.50000   0305.26375   0000.01159   -007.00000   -001.00000   0000.00000
1378.50000   0305.27125   0000.01158   -007.00000   -001.00000   0000.00000
1381.50000   0305.27875   0000.01157   -007.00000   -001.00000   0000.00000
1384.50000   0305.28625   0000.01156   -007.00000   -001.00000   0000.00000
1387.50000   0305.29375   0000.01156   -007.00000   -001.00000   0000.00000
1390.50000   0305.30125   0000.01155   -007.00000   -001.00000   0000.00000
1393.50000   0305.30875   0000.01154   -007.00000   -001.00000   0000.00000
1396.50000   0305.31625   0000.01153   -007.00000   -001.00000   0000.00000
1399.50000   0305.32375   0000.01152   -007.00000   -001.00000   0000.00000
1402.50000   0305.33125   0000.01151   -007.00000   -001.00000   0000.00000
1405.50000   0305.33875   0000.01150   -007.00000   -001.00000   0000.00000
1408.50000   0305.34625   0000.01149   -007.00000   -001.00000   0000.00000
1411.50000   0305.35375   0000.01149   -007.00000   -001.00000   0000.00000
1414.50000   0305.36125   0000.01148   -007.00000   -001.00000   0000.00000
1417.50000   0305.36875   0000.01147   -007.00000   -001.00000   0000.00000
1420.50000   0305.37625   0000.01146   -007.00000   -001.00000   0000.00000
1423.50000   0305.38375   0000.01145   -007.00000   -001.00000   0000.00000
1426.50000   0305.39125   0000.01144   -007.00000   -001.00000   0000.00000
1429.50000   0305.39875   0000.01143   -007.00000   -001.00000   0000.00000
1432.50000   0305.40625   0000.01142   -007.00000   -001.00000   0000.00000
1435.50000   0305.41375   0000.01141   -007.00000   -001.00000   0000.00000
1438.50000   0305.42125   0000.01140   -007.00000   -001.00000   0000.00000
1441.50000   0305.42875   0000.01140   -007.00000   -001.00000   0000.00000
1444.50000   0305.43625   0000.01139   -007.00000   -001.00000   0000.00000
1447.50000   0305.44375   0000.01138   -007.00000   -001.00000   0000.00000
1450.50000   0305.45125   0000.01137   -007.00000   -001.00000   0000.00000
1453.50000   0305.45875   0000.01136   -007.00000   -001.00000   0000.00000
1456.50000   0305.46625   0000.01135   -007.00000   -001.00000   0000.00000
1459.50000   0305.47375   0000.01134   -007.00000   -001.00000   0000.00000
1462.50000   0305.48125   0000.01133   -007.00000   -001.00000   0000.00000
1465.50000   0305.48875   0000.01132   -007.00000   -001.00000   0000.00000
1468.50000   0305.49625   0000.01131   -007.00000   -001.00000   0000.00000
1471.50000   0305.50375   0000.01130   -007.00000   -001.00000   0000.00000
1474.50000   0305.51125   0000.01129   -007.00000   -001.00000   0000.00000
1477.50000   0305.51875   0000.01128   -007.00000   -001.00000   0000.00000
1480.50000   0305.52625   0000.01126   -007.00000   -001.00000   0000.00000
1483.50000   0305.53375   0000.01125   -007.00000   -001.00000   0000.00000
1486.50000   0305.54125   0000.01124   -007.00000   -001.00000   0000.00000
1489.50000   0305.54875   0000.01122   -007.00000   -001.00000   0000.00000
1492.50000   0305.55625   0000.01122   -007.00000   -001.00000   0000.00000
1495.50000   0305.56375   0000.01121   -007.00000   -001.00000   0000.00000
1498.50000   0305.57125   0000.01121   -007.00000   -001.00000   0000.00000
1501.50000   0305.57875   0000.01120   -007.00000   -001.00000   0000.00000
1504.50000   0305.58625   0000.01120   -007.00000   -001.00000   0000.00000
1507.50000   0305.59375   0000.01119   -007.00000   -001.00000   0000.00000
1510.50000   0305.60125   0000.01119   -007.00000   -001.00000   0000.00000
1513.50000   0305.60875   0000.01118   -007.00000   -001.00000   0000.00000
1516.50000   0305.61625   0000.01117   -007.00000   -001.00000   0000.00000
1519.50000   0305.62375   0000.01116   -007.00000   -001.00000   0000.00000
1522.50000   0305.63125   0000.01115   -007.00000   -001.00000   0000.00000
1525.50000   0305.63875   0000.01114   -007.00000   -001.00000   0000.00000
1528.50000   0305.64625   0000.01113   -007.00000   -001.00000   0000.00000
1531.50000   0305.65375   0000.01113   -007.00000   -001.00000   0000.00000
1534.50000   0305.66125   0000.01112   -007.00000   -001.00000   0000.00000
1537.50000   0305.66875   0000.01111   -007.00000   -001.00000   0000.00000
1540.50000   0305.67625   0000.01110   -007.00000   -001.00000   0000.00000
1543.50000   0305.68375   0000.01109   -007.00000   -001.00000   0000.00000
1546.50000   0305.69125   0000.01108   -007.00000   -001.00000   0000.00000
1549.50000   0305.69875   0000.01107   -007.00000   -001.00000   0000.00000
1552.50000   0305.70625   0000.01106   -007.00000   -001.00000   0000.00000
1555.50000   0305.71375   0000.01105   -007.00000   -001.00000   0000.00000
1558.50000   0305.72125   0000.01104   -007.00000   -001.00000   0000.00000
1561.50000   0305.72875   0000.01104   -007.00000   -001.00000   0000.00000
1564.50000   0305.73625   0000.01103   -007.00000   -001.00000   0000.00000
1567.50000   0305.74375   0000.01102   -007.00000   -001.00000   0000.00000
1570.50000   0305.75125   0000.01101   -007.00000   -001.00000   0000.00000
1573.50000   0305.75875   0000.01100   -007.00000   -001.00000   0000.00000
1576.50000   0305.76625   0000.01099   -007.00000   -001.00000   0000.00000
1579.50000   0305.77375   0000.01098   -007.00000   -001.00000   0000.00000
1582.50000   0305.78125   0000.01097   -007.00000   -001.00000   0000.00000
1585.50000   0305.78875   0000.01096   -007.00000   -001.00000   0000.00000
1588.50000   0305.79625   0000.01095   -007.00000   -001.00000   0000.00000
1591.50000   0305.80375   0000.01095   -007.00000   -001.00000   0000.00000
1594.50000   0305.81125   0000.01094   -007.00000   -001.00000   0000.00000
1597.50000   0305.81875   0000.01093   -007.00000   -001.00000   0000.00000
1600.50000   0305.82625   0000.01092   -007.00000   -001.00000   0000.00000
1603.50000   0305.83375   0000.01091   -007.00000   -001.00000   0000.00000
1606.50000   0305.84125   0000.01090   -007.00000   -001.00000   0000.00000
1609.50000   0305.84875   0000.01089   -007.00000   -001.00000   0000.00000
1612.50000   0305.85625   0000.01088   -007.00000   -001.00000   0000.00000
1615.50000   0305.86375   0000.01088   -007.00000   -001.00000   0000.00000
1618.50000   0305.87125   0000.01087   -007.00000   -001.00000   0000.00000
1621.50000   0305.87875   0000.01086   -007.00000   -001.00000   0000.00000
1624.50000   0305.88625   0000.01085   -007.00000   -001.00000   0000.00000
1627.50000   0305.89375   0000.01085   -007.00000   -001.00000   0000.00000
1630.50000   0305.90125   0000.01084   -007.00000   -001.00000   0000.00000
1633.50000   0305.90875   0000.01083   -007.00000   -001.00000   0000.00000
1636.50000   0305.91625   0000.01082   -007.00000   -001.00000   0000.00000
1639.50000   0305.92375   0000.01081   -007.00000   -001.00000   0000.00000
1642.50000   0305.93125   0000.01080   -007.00000   -001.00000   0000.00000
1645.50000   0305.93875   0000.01079   -007.00000   -001.00000   0000.00000
1648.50000   0305.94625   0000.01078   -007.00000   -001.00000   0000.00000
1651.50000   0305.95375   0000.01078   -007.00000   -001.00000   0000.00000
1654.50000   0305.96125   0000.01077   -007.00000   -001.00000   0000.00000
1657.50000   0305.96875   0000.01076   -007.00000   -001.00000   0000.00000
1660.50000   0305.97625   0000.01075   -007.00000   -001.00000   0000.00000
1663.50000   0305.98375   0000.01074   -007.00000   -001.00000   0000.00000
1666.50000   0305.99125   0000.01073   -007.00000   -001.00000   0000.00000
1669.50000   0305.99875   0000.01072   -007.00000   -001.00000   0000.00000
1672.50000   0306.00625   0000.01071   -007.00000   -001.00000   0000.00000
1675.50000   0306.01375   0000.01070   -007.00000   -001.00000   0000.00000
1678.50000   0306.02125   0000.01069   -007.00000   -001.00000   0000.00000
1681.50000   0306.02875   0000.01069   -007.00000   -001.00000   0000.00000
1684.50000   0306.03625   0000.01068   -007.00000   -001.00000   0000.00000
1687.50000   0306.04375   0000.01067   -007.00000   -001.00000   0000.00000
1690.50000   0306.05125   0000.01066   -007.00000   -001.00000   0000.00000
1693.50000   0306.05875   0000.01065   -007.00000   -001.00000   0000.00000
1696.50000   0306.06625   0000.01064   -007.00000   -001.00000   0000.00000
1699.50000   0306.07375   0000.01063   -007.00000   -001.00000   0000.00000
1702.50000   0306.08125   0000.01062   -007.00000   -001.00000   0000.00000
1705.50000   0306.08875   0000.01061   -007.00000   -001.00000   0000.00000
1708.50000   0306.09625   0000.01060   -007.00000   -001.00000   0000.00000
1711.50000   0306.10375   0000.01060   -007.00000   -001.00000   0000.00000
1714.50000   0306.11125   0000.01059   -007.00000   -001.00000   0000.00000
1717.50000   0306.11875   0000.01058   -007.00000   -001.00000   0000.00000
1720.50000   0306.12625   0000.01057   -007.00000   -001.00000   0000.00000
1723.50000   0306.13375   0000.01056   -007.00000   -001.00000   0000.00000
1726.50000   0306.14125   0000.01055   -007.00000   -001.00000   0000.00000
1729.50000   0306.14875   0000.01054   -007.00000   -001.00000   0000.00000
1732.50000   0306.15625   0000.01053   -007.00000   -001.00000   0000.00000
1735.50000   0306.16375   0000.01052   -007.00000   -001.00000   0000.00000
1738.50000   0306.17125   0000.01051   -007.00000   -001.00000   0000.00000
1741.50000   0306.17875   0000.01051   -007.00000   -001.00000   0000.00000
1744.50000   0306.18625   0000.01050   -007.00000   -001.00000   0000.00000
1747.50000   0306.19375   0000.01049   -007.00000   -001.00000   0000.00000
1750.50000   0306.20125   0000.01048   -007.00000   -001.00000   0000.00000
1753.50000   0306.20875   0000.01047   -007.00000   -001.00000   0000.00000
1756.50000   0306.21625   0000.01046   -007.00000   -001.00000   0000.00000
1759.50000   0306.22375   0000.01045   -007.00000   -001.00000   0000.00000
1762.50000   0306.23125   0000.01044   -007.00000   -001.00000   0000.00000
1765.50000   0306.23875   0000.01043   -007.00000   -001.00000   0000.00000
1768.50000   0306.24625   0000.01042   -007.00000   -001.00000   0000.00000
1771.50000   0306.25375   0000.01042   -007.00000   -001.00000   0000.00000
1774.50000   0306.26125   0000.01041   -007.00000   -001.00000   0000.00000
1777.50000   0306.26875   0000.01040   -007.00000   -001.00000   0000.00000
1780.50000   0306.27625   0000.01039   -007.00000   -001.00000   0000.00000
1783.50000   0306.28375   0000.01038   -007.00000   -001.00000   0000.00000
1786.50000   0306.29125   0000.01037   -007.00000   -001.00000   0000.00000
1789.50000   0306.29875   0000.01036   -007.00000   -001.00000   0000.00000
1792.50000   0306.30625   0000.01035   -007.00000   -001.00000   0000.00000
1795.50000   0306.31375   0000.01034   -007.00000   -001.00000   0000.00000
1798.50000   0306.32125   0000.01033   -007.00000   -001.00000   0000.00000
1801.50000   0306.32875   0000.01033   -007.00000   -001.00000   0000.00000
1804.50000   0306.33625   0000.01032   -007.00000   -001.00000   0000.00000
1807.50000   0306.34375   0000.01031   -007.00000   -001.00000   0000.00000
1810.50000   0306.35125   0000.01030   -007.00000   -001.00000   0000.00000
1813.50000   0306.35875   0000.01029   -007.00000   -001.00000   0000.00000
1816.50000   0306.36625   0000.01028   -007.00000   -001.00000   0000.00000
1819.50000   0306.37375   0000.01027   -007.00000   -001.00000   0000.00000
1822.50000   0306.38125   0000.01026   -007.00000   -001.00000   0000.00000
1825.50000   0306.38875   0000.01025   -007.00000   -001.00000   0000.00000
1828.50000   0306.39625   0000.01024   -007.00000   -001.00000   0000.00000
1831.50000   0306.40375   0000.01024   -007.00000   -001.00000   0000.00000
1834.50000   0306.41125   0000.01023   -007.00000   -001.00000   0000.00000
1837.50000   0306.41875   0000.01022   -007.00000   -001.00000   0000.00000
1840.50000   0306.42625   0000.01021   -007.00000   -001.00000   0000.00000
1843.50000   0306.43375   0000.01020   -007.00000   -001.00000   0000.00000
1846.50000   0306.44125   0000.01019   -007.00000   -001.00000   0000.00000
1849.50000   0306.44875   0000.01018   -007.00000   -001.00000   0000.00000
1852.50000   0306.45625   0000.01017   -007.00000   -001.00000   0000.00000
1855.50000   0306.46375   0000.01016   -007.00000   -001.00000   0000.00000
1858.50000   0306.47125   0000.01015   -007.00000   -001.00000   0000.00000
1861.50000   0306.47875   0000.01015   -007.00000   -001.00000   0000.00000
1864.50000   0306.48625   0000.01014   -007.00000   -001.00000   0000.00000
1867.50000   0306.49375   0000.01013   -007.00000   -001.00000   0000.00000
1870.50000   0306.50125   0000.01012   -007.00000   -001.00000   0000.00000
1873.50000   0306.50875   0000.01011   -007.00000   -001.00000   0000.00000
1876.50000   0306.51625   0000.01010   -007.00000   -001.00000   0000.00000
1879.50000   0306.52375   0000.01010   -007.00000   -001.00000   0000.00000
1882.50000   0306.53125   0000.01009   -007.00000   -001.00000   0000.00000
1885.50000   0306.53875   0000.01008   -007.00000   -001.00000   0000.00000
1888.50000   0306.54625   0000.01007   -007.00000   -001.00000   0000.00000
1891.50000   0306.55375   0000.01007   -007.00000   -001.00000   0000.00000
1894.50000   0306.56125   0000.01006   -007.00000   -001.00000   0000.00000
1897.50000   0306.56875   0000.01005   -007.00000   -001.00000   0000.00000
1900.50000   0306.57625   0000.01004   -007.00000   -001.00000   0000.00000
1903.50000   0306.58375   0000.01003   -007.00000   -001.00000   0000.00000
1906.50000   0306.59125   0000.01002   -007.00000   -001.00000   0000.00000
1909.50000   0306.59875   0000.01001   -007.00000   -001.00000   0000.00000
1912.50000   0306.60625   0000.01000   -007.00000   -001.00000   0000.00000
1915.50000   0306.61375   0000.00999   -007.00000   -001.00000   0000.00000
1918.50000   0306.62125   0000.00998   -007.00000   -001.00000   0000.00000
1921.50000   0306.62875   0000.00998   -007.00000   -001.00000   0000.00000
1924.50000   0306.63625   0000.00997   -007.00000   -001.00000   0000.00000
1927.50000   0306.64375   0000.00996   -007.00000   -001.00000   0000.00000
1930.50000   0306.65125   0000.00995   -007.00000   -001.00000   0000.00000
1933.50000   0306.65875   0000.00994   -007.00000   -001.00000   0000.00000
1936.50000   0306.66625   0000.00993   -007.00000   -001.00000   0000.00000
1939.50000   0306.67375   0000.00992   -007.00000   -001.00000   0000.00000
1942.50000   0306.68125   0000.00991   -007.00000   -001.00000   0000.00000
1945.50000   0306.68875   0000.00990   -007.00000   -001.00000   0000.00000
1948.50000   0306.69625   0000.00989   -007.00000   -001.00000   0000.00000
1951.50000   0306.70375   0000.00989   -007.00000   -001.00000   0000.00000
1954.50000   0306.71125   0000.00988   -007.00000   -001.00000   0000.00000
1957.50000   0306.71875   0000.00987   -007.00000   -001.00000   0000.00000
1960.50000   0306.72625   0000.00986   -007.00000   -001.00000   0000.00000
1963.50000   0306.73375   0000.00985   -007.00000   -001.00000   0000.00000
1966.50000   0306.74125   0000.00984   -007.00000   -001.00000   0000.00000
1969.50000   0306.74875   0000.00983   -007.00000   -001.00000   0000.00000
1972.50000   0306.75625   0000.00982   -007.00000   -001.00000   0000.00000
1975.50000   0306.76375   0000.00981   -007.00000   -001.00000   0000.00000
1978.50000   0306.77125   0000.00980   -007.00000   -001.00000   0000.00000
1981.50000   0306.77875   0000.00980   -007.00000   -001.00000   0000.00000
1984.50000   0306.78625   0000.00979   -007.00000   -001.00000   0000.00000
1987.50000   0306.79375   0000.00978   -007.00000   -001.00000   0000.00000
1990.50000   0306.80125   0000.00977   -007.00000   -001.00000   0000.00000
1993.50000   0306.80875   0000.00976   -007.00000   -001.00000   0000.00000
1996.50000   0306.81625   0000.00975   -007.00000   -001.00000   0000.00000
1999.50000   0306.82375   0000.00974   -007.00000   -001.00000   0000.00000
2002.50000   0306.83125   0000.00973   -007.00000   -001.00000   0000.00000
2005.50000   0306.83875   0000.00972   -007.00000   -001.00000   0000.00000
2008.50000   0306.84625   0000.00971   -007.00000   -001.00000   0000.00000
2011.50000   0306.85750   0000.00971   -007.00000   -001.00000   0000.00000
2014.50000   0306.87250   0000.00970   -007.00000   -001.00000   0000.00000
2017.50000   0306.88750   0000.00969   -007.00000   -001.00000   0000.00000
2020.50000   0306.90250   0000.00968   -007.00000   -001.00000   0000.00000
2023.50000   0306.91750   0000.00967   -007.00000   -001.00000   0000.00000
2026.50000   0306.93250   0000.00966   -007.00000   -001.00000   0000.00000
2029.50000   0306.94750   0000.00965   -007.00000   -001.00000   0000.00000
2032.50000   0306.96250   0000.00964   -007.00000   -001.00000   0000.00000
2035.50000   0306.97750   0000.00963   -007.00000   -001.00000   0000.00000
2038.50000   0306.99250   0000.00962   -007.00000   -001.00000   0000.00000
2041.50000   0307.00750   0000.00962   -007.00000   -001.00000   0000.00000
2044.50000   0307.02250   0000.00961   -007.00000   -001.00000   0000.00000
2047.50000   0307.03750   0000.00960   -007.00000   -001.00000   0000.00000
2050.50000   0307.05250   0000.00959   -007.00000   -001.00000   0000.00000
2053.50000   0307.06750   0000.00958   -007.00000   -001.00000   0000.00000
2056.50000   0307.08250   0000.00957   -007.00000   -001.00000   0000.00000
2059.50000   0307.09750   0000.00956   -007.00000   -001.00000   0000.00000
2062.50000   0307.11250   0000.00955   -007.00000   -001.00000   0000.00000
2065.50000   0307.12750   0000.00954   -007.00000   -001.00000   0000.00000
2068.50000   0307.14250   0000.00953   -007.00000   -001.00000   0000.00000
2071.50000   0307.15750   0000.00953   -007.00000   -001.00000   0000.00000
2074.50000   0307.17250   0000.00952   -007.00000   -001.00000   0000.00000
2077.50000   0307.18750   0000.00951   -007.00000   -001.00000   0000.00000
2080.50000   0307.20250   0000.00950   -007.00000   -001.00000   0000.00000
2083.50000   0307.21750   0000.00949   -007.00000   -001.00000   0000.00000
2086.50000   0307.23250   0000.00948   -007.00000   -001.00000   0000.00000
2089.50000   0307.24750   0000.00947   -007.00000   -001.00000   0000.00000
2092.50000   0307.26250   0000.00946   -007.00000   -001.00000   0000.00000
2095.50000   0307.27750   0000.00945   -007.00000   -001.00000   0000.00000
2098.50000   0307.29250   0000.00944   -007.00000   -001.00000   0000.00000
2101.50000   0307.30750   0000.00943   -007.00000   -001.00000   0000.00000
2104.50000   0307.32250   0000.00942   -007.00000   -001.00000   0000.00000
2107.50000   0307.33750   0000.00941   -007.00000   -001.00000   0000.00000
2110.50000   0307.35250   0000.00940   -007.00000   -001.00000   0000.00000
2113.50000   0307.36750   0000.00939   -007.00000   -001.00000   0000.00000
2116.50000   0307.38250   0000.00938   -007.00000   -001.00000   0000.00000
2119.50000   0307.39750   0000.00937   -007.00000   -001.00000   0000.00000
2122.50000   0307.41250   0000.00936   -007.00000   -001.00000   0000.00000
2125.50000   0307.42750   0000.00935   -007.00000   -001.00000   0000.00000
2128.50000   0307.44250   0000.00934   -007.00000   -001.00000   0000.00000
2131.50000   0307.45750   0000.00933   -007.00000   -001.00000   0000.00000
2134.50000   0307.47250   0000.00932   -007.00000   -001.00000   0000.00000
2137.50000   0307.48750   0000.00931   -007.00000   -001.00000   0000.00000
2140.50000   0307.50250   0000.00930   -007.00000   -001.00000   0000.00000
2143.50000   0307.51750   0000.00929   -007.00000   -001.00000   0000.00000
2146.50000   0307.53250   0000.00928   -007.00000   -001.00000   0000.00000
2149.50000   0307.54750   0000.00927   -007.00000   -001.00000   0000.00000
2152.50000   0307.56250   0000.00926   -007.00000   -001.00000   0000.00000
2155.50000   0307.57750   0000.00925   -007.00000   -001.00000   0000.00000
2158.50000   0307.59250   0000.00924   -007.00000   -001.00000   0000.00000
2161.50000   0307.60750   0000.00923   -007.00000   -001.00000   0000.00000
2164.50000   0307.62250   0000.00922   -007.00000   -001.00000   0000.00000
2167.50000   0307.63750   0000.00921   -007.00000   -001.00000   0000.00000
2170.50000   0307.65250   0000.00920   -007.00000   -001.00000   0000.00000
2173.50000   0307.66750   0000.00919   -007.00000   -001.00000   0000.00000
2176.50000   0307.68250   0000.00918   -007.00000   -001.00000   0000.00000
2179.50000   0307.69750   0000.00917   -007.00000   -001.00000   0000.00000
2182.50000   0307.71250   0000.00916   -007.00000   -001.00000   0000.00000
2185.50000   0307.72750   0000.00915   -007.00000   -001.00000   0000.00000
2188.50000   0307.74250   0000.00914   -007.00000   -001.00000   0000.00000
2191.50000   0307.75750   0000.00913   -007.00000   -001.00000   0000.00000
2194.50000   0307.77250   0000.00912   -007.00000   -001.00000   0000.00000
2197.50000   0307.78750   0000.00911   -007.00000   -001.00000   0000.00000
2200.50000   0307.80250   0000.00910   -007.00000   -001.00000   0000.00000
2203.50000   0307.81750   0000.00909   -007.00000   -001.00000   0000.00000
2206.50000   0307.83250   0000.00908   -007.00000   -001.00000   0000.00000
2209.50000   0307.84750   0000.00907   -007.00000   -001.00000   0000.00000
2212.50000   0307.86250   0000.00906   -007.00000   -001.00000   0000.00000
2215.50000   0307.87750   0000.00905   -007.00000   -001.00000   0000.00000
2218.50000   0307.89250   0000.00904   -007.00000   -001.00000   0000.00000
2221.50000   0307.90750   0000.00903   -007.00000   -001.00000   0000.00000
2224.50000   0307.92250   0000.00902   -007.00000   -001.00000   0000.00000
2227.50000   0307.93750   0000.00901   -007.00000   -001.00000   0000.00000
2230.50000   0307.95250   0000.00900   -007.00000   -001.00000   0000.00000
2233.50000   0307.96750   0000.00899   -007.00000   -001.00000   0000.00000
2236.50000   0307.98250   0000.00898   -007.00000   -001.00000   0000.00000
2239.50000   0307.99750   0000.00897   -007.00000   -001.00000   0000.00000
2242.50000   0308.01250   0000.00896   -007.00000   -001.00000   0000.00000
2245.50000   0308.02750   0000.00895   -007.00000   -001.00000   0000.00000
2248.50000   0308.04250   0000.00894   -007.00000   -001.00000   0000.00000
2251.50000   0308.05750   0000.00893   -007.00000   -001.00000   0000.00000
2254.50000   0308.07250   0000.00892   -007.00000   -001.00000   0000.00000
2257.50000   0308.08750   0000.00891   -007.00000   -001.00000   0000.00000
2260.50000   0308.10250   0000.00890   -007.00000   -001.00000   0000.00000
2263.50000   0308.11750   0000.00889   -007.00000   -001.00000   0000.00000
2266.50000   0308.13250   0000.00888   -007.00000   -001.00000   0000.00000
2269.50000   0308.14750   0000.00887   -007.00000   -001.00000   0000.00000
2272.50000   0308.16250   0000.00886   -007.00000   -001.00000   0000.00000
2275.50000   0308.17750   0000.00885   -007.00000   -001.00000   0000.00000
2278.50000   0308.19250   0000.00884   -007.00000   -001.00000   0000.00000
2281.50000   0308.20750   0000.00883   -007.00000   -001.00000   0000.00000
2284.50000   0308.22250   0000.00882   -007.00000   -001.00000   0000.00000
2287.50000   0308.23750   0000.00881   -007.00000   -001.00000   0000.00000
2290.50000   0308.25250   0000.00880   -007.00000   -001.00000   0000.00000
2293.50000   0308.26750   0000.00879   -007.00000   -001.00000   0000.00000
2296.50000   0308.28250   0000.00878   -007.00000   -001.00000   0000.00000
2299.50000   0308.29750   0000.00877   -007.00000   -001.00000   0000.00000
2302.50000   0308.31250   0000.00876   -007.00000   -001.00000   0000.00000
2305.50000   0308.32750   0000.00875   -007.00000   -001.00000   0000.00000
2308.50000   0308.34250   0000.00874   -007.00000   -001.00000   0000.00000
2311.50000   0308.35750   0000.00873   -007.00000   -001.00000   0000.00000
2314.50000   0308.37250   0000.00872   -007.00000   -001.00000   0000.00000
2317.50000   0308.38750   0000.00871   -007.00000   -001.00000   0000.00000
2320.50000   0308.40250   0000.00870   -007.00000   -001.00000   0000.00000
2323.50000   0308.41750   0000.00869   -007.00000   -001.00000   0000.00000
2326.50000   0308.43250   0000.00868   -007.00000   -001.00000   0000.00000
2329.50000   0308.44750   0000.00867   -007.00000   -001.00000   0000.00000
2332.50000   0308.46250   0000.00866   -007.00000   -001.00000   0000.00000
2335.50000   0308.47750   0000.00865   -007.00000   -001.00000   0000.00000
2338.50000   0308.49250   0000.00864   -007.00000   -001.00000   0000.00000
2341.50000   0308.50750   0000.00863   -007.00000   -001.00000   0000.00000
2344.50000   0308.52250   0000.00862   -007.00000   -001.00000   0000.00000
2347.50000   0308.53750   0000.00861   -007.00000   -001.00000   0000.00000
2350.50000   0308.55250   0000.00860   -007.00000   -001.00000   0000.00000
2353.50000   0308.56750   0000.00859   -007.00000   -001.00000   0000.00000
2356.50000   0308.58250   0000.00858   -007.00000   -001.00000   0000.00000
2359.50000   0308.59750   0000.00857   -007.00000   -001.00000   0000.00000
2362.50000   0308.61250   0000.00856   -007.00000   -001.00000   0000.00000
2365.50000   0308.62750   0000.00855   -007.00000   -001.00000   0000.00000
2368.50000   0308.64250   0000.00854   -007.00000   -001.00000   0000.00000
2371.50000   0308.65750   0000.00853   -007.00000   -001.00000   0000.00000
2374.50000   0308.67250   0000.00852   -007.00000   -001.00000   0000.00000
2377.50000   0308.68750   0000.00851   -007.00000   -001.00000   0000.00000
2380.50000   0308.70250   0000.00850   -007.00000   -001.00000   0000.00000
2383.50000   0308.71750   0000.00849   -007.00000   -001.00000   0000.00000
2386.50000   0308.73250   0000.00848   -007.00000   -001.00000   0000.00000
2389.50000   0308.74750   0000.00847   -007.00000   -001.00000   0000.00000
2392.50000   0308.76250   0000.00846   -007.00000   -001.00000   0000.00000
2395.50000   0308.77750   0000.00845   -007.00000   -001.00000   0000.00000
2398.50000   0308.79250   0000.00844   -007.00000   -001.00000   0000.00000
2401.50000   0308.80750   0000.00843   -007.00000   -001.00000   0000.00000
2404.50000   0308.82250   0000.00842   -007.00000   -001.00000   0000.00000
2407.50000   0308.83750   0000.00841   -007.00000   -001.00000   0000.00000
2410.50000   0308.85250   0000.00840   -007.00000   -001.00000   0000.00000
2413.50000   0308.86750   0000.00839   -007.00000   -001.00000   0000.00000
2416.50000   0308.88250   0000.00838   -007.00000   -001.00000   0000.00000
2419.50000   0308.89750   0000.00837   -007.00000   -001.00000   0000.00000
2422.50000   0308.91250   0000.00836   -007.00000   -001.00000   0000.00000
2425.50000   0308.92750   0000.00835   -007.00000   -001.00000   0000.00000
2428.50000   0308.94250   0000.00834   -007.00000   -001.00000   0000.00000
2431.50000   0308.95750   0000.00833   -007.00000   -001.00000   0000.00000
2434.50000   0308.97250   0000.00832   -007.00000   -001.00000   0000.00000
2437.50000   0308.98750   0000.00831   -007.00000   -001.00000   0000.00000
2440.50000   0309.00250   0000.00830   -007.00000   -001.00000   0000.00000
2443.50000   0309.01750   0000.00829   -007.00000   -001.00000   0000.00000
2446.50000   0309.03250   0000.00828   -007.00000   -001.00000   0000.00000
2449.50000   0309.04750   0000.00827   -007.00000   -001.00000   0000.00000
2452.50000   0309.06250   0000.00826   -007.00000   -001.00000   0000.00000
2455.50000   0309.07750   0000.00825   -007.00000   -001.00000   0000.00000
2458.50000   0309.09250   0000.00824   -007.00000   -001.00000   0000.00000
2461.50000   0309.10750   0000.00823   -007.00000   -001.00000   0000.00000
2464.50000   0309.12250   0000.00822   -007.00000   -001.00000   0000.00000
2467.50000   0309.13750   0000.00821   -007.00000   -001.00000   0000.00000
2470.50000   0309.15250   0000.00820   -007.00000   -001.00000   0000.00000
2473.50000   0309.16750   0000.00819   -007.00000   -001.00000   0000.00000
2476.50000   0309.18250   0000.00818   -007.00000   -001.00000   0000.00000
2479.50000   0309.19750   0000.00817   -007.00000   -001.00000   0000.00000
2482.50000   0309.21250   0000.00816   -007.00000   -001.00000   0000.00000
2485.50000   0309.22750   0000.00815   -007.00000   -001.00000   0000.00000
2488.50000   0309.24250   0000.00814   -007.00000   -001.00000   0000.00000
2491.50000   0309.25750   0000.00813   -007.00000   -001.00000   0000.00000
2494.50000   0309.27250   0000.00812   -007.00000   -001.00000   0000.00000
2497.50000   0309.28750   0000.00811   -007.00000   -001.00000   0000.00000
2500.50000   0309.30250   0000.00810   -007.00000   -001.00000   0000.00000
2503.50000   0309.31750   0000.00809   -007.00000   -001.00000   0000.00000
2506.50000   0309.33250   0000.00808   -007.00000   -001.00000   0000.00000
2509.50000   0309.34750   0000.00807   -007.00000   -001.00000   0000.00000
2512.50000   0309.36250   0000.00806   -007.00000   -001.00000   0000.00000
2515.50000   0309.37750   0000.00805   -007.00000   -001.00000   0000.00000
2518.50000   0309.39250   0000.00804   -007.00000   -001.00000   0000.00000
2521.50000   0309.40750   0000.00803   -007.00000   -001.00000   0000.00000
2524.50000   0309.42250   0000.00802   -007.00000   -001.00000   0000.00000
2527.50000   0309.43750   0000.00801   -007.00000   -001.00000   0000.00000
2530.50000   0309.45250   0000.00800   -007.00000   -001.00000   0000.00000
2533.50000   0309.46750   0000.00799   -007.00000   -001.00000   0000.00000
2536.50000   0309.48250   0000.00798   -007.00000   -001.00000   0000.00000
2539.50000   0309.49750   0000.00797   -007.00000   -001.00000   0000.00000
2542.50000   0309.51250   0000.00796   -007.00000   -001.00000   0000.00000
2545.50000   0309.52750   0000.00795   -007.00000   -001.00000   0000.00000
2548.50000   0309.54250   0000.00794   -007.00000   -001.00000   0000.00000
2551.50000   0309.55750   0000.00793   -007.00000   -001.00000   0000.00000
2554.50000   0309.57250   0000.00792   -007.00000   -001.00000   0000.00000
2557.50000   0309.58750   0000.00791   -007.00000   -001.00000   0000.00000
2560.50000   0309.60250   0000.00790   -007.00000   -001.00000   0000.00000
2563.50000   0309.61750   0000.00789   -007.00000   -001.00000   0000.00000
2566.50000   0309.63250   0000.00788   -007.00000   -001.00000   0000.00000
2569.50000   0309.64750   0000.00787   -007.00000   -001.00000   0000.00000
2572.50000   0309.66250   0000.00786   -007.00000   -001.00000   0000.00000
2575.50000   0309.67750   0000.00785   -007.00000   -001.00000   0000.00000
2578.50000   0309.69250   0000.00784   -007.00000   -001.00000   0000.00000
2581.50000   0309.70750   0000.00783   -007.00000   -001.00000   0000.00000
2584.50000   0309.72250   0000.00782   -007.00000   -001.00000   0000.00000
2587.50000   0309.73750   0000.00781   -007.00000   -001.00000   0000.00000
2590.50000   0309.75250   0000.00780   -007.00000   -001.00000   0000.00000
2593.50000   0309.76750   0000.00779   -007.00000   -001.00000   0000.00000
2596.50000   0309.78250   0000.00778   -007.00000   -001.00000   0000.00000
2599.50000   0309.79750   0000.00777   -007.00000   -001.00000   0000.00000
2602.50000   0309.81250   0000.00776   -007.00000   -001.00000   0000.00000
2605.50000   0309.82750   0000.00775   -007.00000   -001.00000   0000.00000
2608.50000   0309.84250   0000.00774   -007.00000   -001.00000   0000.00000
2611.50000   0309.85750   0000.00773   -007.00000   -001.00000   0000.00000
2614.50000   0309.87250   0000.00772   -007.00000   -001.00000   0000.00000
2617.50000   0309.88750   0000.00771   -007.00000   -001.00000   0000.00000
2620.50000   0309.90250   0000.00770   -007.00000   -001.00000   0000.00000
2623.50000   0309.91750   0000.00769   -007.00000   -001.00000   0000.00000
2626.50000   0309.93250   0000.00768   -007.00000   -001.00000   0000.00000
2629.50000   0309.94750   0000.00767   -007.00000   -001.00000   0000.00000
2632.50000   0309.96250   0000.00766   -007.00000   -001.00000   0000.00000
2635.50000   0309.97750   0000.00765   -007.00000   -001.00000   0000.00000
2638.50000   0309.99250   0000.00764   -007.00000   -001.00000   0000.00000
2641.50000   0310.00750   0000.00763   -007.00000   -001.00000   0000.00000
2644.50000   0310.02250   0000.00762   -007.00000   -001.00000   0000.00000
2647.50000   0310.03750   0000.00761   -007.00000   -001.00000   0000.00000
2650.50000   0310.05250   0000.00760   -007.00000   -001.00000   0000.00000
2653.50000   0310.06750   0000.00759   -007.00000   -001.00000   0000.00000
2656.50000   0310.08250   0000.00758   -007.00000   -001.00000   0000.00000
2659.50000   0310.09750   0000.00757   -007.00000   -001.00000   0000.00000
2662.50000   0310.11250   0000.00756   -007.00000   -001.00000   0000.00000
2665.50000   0310.12750   0000.00755   -007.00000   -001.00000   0000.00000
2668.50000   0310.14250   0000.00754   -007.00000   -001.00000   0000.00000
2671.50000   0310.15750   0000.00753   -007.00000   -001.00000   0000.00000
2674.50000   0310.17250   0000.00752   -007.00000   -001.00000   0000.00000
2677.50000   0310.18750   0000.00751   -007.00000   -001.00000   0000.00000
2680.50000   0310.20250   0000.00750   -007.00000   -001.00000   0000.00000
2683.50000   0310.21750   0000.00749   -007.00000   -001.00000   0000.00000
2686.50000   0310.23250   0000.00748   -007.00000   -001.00000   0000.00000
2689.50000   0310.24750   0000.00747   -007.00000   -001.00000   0000.00000
2692.50000   0310.26250   0000.00746   -007.00000   -001.00000   0000.00000
2695.50000   0310.27750   0000.00745   -007.00000   -001.00000   0000.00000
2698.50000   0310.29250   0000.00744   -007.00000   -001.00000   0000.00000
2701.50000   0310.30750   0000.00743   -007.00000   -001.00000   0000.00000
2704.50000   0310.32250   0000.00742   -007.00000   -001.00000   0000.00000
2707.50000   0310.33750   0000.00741   -007.00000   -001.00000   0000.00000
2710.50000   0310.35250   0000.00740   -007.00000   -001.00000   0000.00000
2713.50000   0310.36750   0000.00739   -007.00000   -001.00000   0000.00000
2716.50000   0310.38250   0000.00738   -007.00000   -001.00000   0000.00000
2719.50000   0310.39750   0000.00737   -007.00000   -001.00000   0000.00000
2722.50000   0310.41250   0000.00736   -007.00000   -001.00000   0000.00000
2725.50000   0310.42750   0000.00735   -007.00000   -001.00000   0000.00000
2728.50000   0310.44250   0000.00734   -007.00000   -001.00000   0000.00000
2731.50000   0310.45750   0000.00733   -007.00000   -001.00000   0000.00000
2734.50000   0310.47250   0000.00732   -007.00000   -001.00000   0000.00000
2737.50000   0310.48750   0000.00731   -007.00000   -001.00000   0000.00000
2740.50000   0310.50250   0000.00730   -007.00000   -001.00000   0000.00000
2743.50000   0310.51750   0000.00729   -007.00000   -001.00000   0000.00000
2746.50000   0310.53250   0000.00728   -007.00000   -001.00000   0000.00000
2749.50000   0310.54750   0000.00727   -007.00000   -001.00000   0000.00000
2752.50000   0310.56250   0000.00726   -007.00000   -001.00000   0000.00000
2755.50000   0310.57750   0000.00725   -007.00000   -001.00000   0000.00000
2758.50000   0310.59250   0000.00724   -007.00000   -001.00000   0000.00000
2761.50000   0310.60750   0000.00723   -007.00000   -001.00000   0000.00000
2764.50000   0310.62250   0000.00722   -007.00000   -001.00000   0000.00000
2767.50000   0310.63750   0000.00721   -007.00000   -001.00000   0000.00000
2770.50000   0310.65250   0000.00720   -007.00000   -001.00000   0000.00000
2773.50000   0310.66750   0000.00719   -007.00000   -001.00000   0000.00000
2776.50000   0310.68250   0000.00718   -007.00000   -001.00000   0000.00000
2779.50000   0310.69750   0000.00717   -007.00000   -001.00000   0000.00000
2782.50000   0310.71250   0000.00716   -007.00000   -001.00000   0000.00000
2785.50000   0310.72750   0000.00715   -007.00000   -001.00000   0000.00000
2788.50000   0310.74250   0000.00714   -007.00000   -001.00000   0000.00000
2791.50000   0310.75750   0000.00713   -007.00000   -001.00000   0000.00000
2794.50000   0310.77250   0000.00712   -007.00000   -001.00000   0000.00000
2797.50000   0310.78750   0000.00711   -007.00000   -001.00000   0000.00000
2800.50000   0310.80250   0000.00710   -007.00000   -001.00000   0000.00000
