# Input-file high resolution ,
# height    th     qt    u    v    tke
0003.00000   0297.12977   0000.02114   -007.00000   -001.00000   0000.00000
0009.00000   0298.04885   0000.02091   -007.00000   -001.00000   0000.00000
0015.00000   0298.96792   0000.02067   -007.00000   -001.00000   0000.00000
0021.00000   0299.79422   0000.02026   -007.00000   -001.00000   0000.00000
0027.00000   0300.58960   0000.01990   -007.00000   -001.00000   0000.00000
0033.00000   0300.84610   0000.01975   -007.00000   -001.00000   0000.00000
0039.00000   0300.95564   0000.01955   -007.00000   -001.00000   0000.00000
0045.00000   0301.11692   0000.01950   -007.00000   -001.00000   0000.00000
0051.00000   0301.13948   0000.01942   -007.00000   -001.00000   0000.00000
0057.00000   0301.16205   0000.01912   -007.00000   -001.00000   0000.00000
0063.00000   0301.18461   0000.01881   -007.00000   -001.00000   0000.00000
0069.00000   0301.20717   0000.01852   -007.00000   -001.00000   0000.00000
0075.00000   0301.22973   0000.01822   -007.00000   -001.00000   0000.00000
0081.00000   0301.25229   0000.01791   -007.00000   -001.00000   0000.00000
0087.00000   0301.27485   0000.01779   -007.00000   -001.00000   0000.00000
0093.00000   0301.29742   0000.01772   -007.00000   -001.00000   0000.00000
0099.00000   0301.31998   0000.01767   -007.00000   -001.00000   0000.00000
0105.00000   0301.34254   0000.01759   -007.00000   -001.00000   0000.00000
0111.00000   0301.36510   0000.01754   -007.00000   -001.00000   0000.00000
0117.00000   0301.38766   0000.01747   -007.00000   -001.00000   0000.00000
0123.00000   0301.41022   0000.01741   -007.00000   -001.00000   0000.00000
0129.00000   0301.43278   0000.01734   -007.00000   -001.00000   0000.00000
0135.00000   0301.45535   0000.01729   -007.00000   -001.00000   0000.00000
0141.00000   0301.47791   0000.01722   -007.00000   -001.00000   0000.00000
0147.00000   0301.50047   0000.01716   -007.00000   -001.00000   0000.00000
0153.00000   0301.52303   0000.01709   -007.00000   -001.00000   0000.00000
0159.00000   0301.54559   0000.01704   -007.00000   -001.00000   0000.00000
0165.00000   0301.56815   0000.01697   -007.00000   -001.00000   0000.00000
0171.00000   0301.59072   0000.01690   -007.00000   -001.00000   0000.00000
0177.00000   0301.61328   0000.01684   -007.00000   -001.00000   0000.00000
0183.00000   0301.63584   0000.01679   -007.00000   -001.00000   0000.00000
0189.00000   0301.65840   0000.01672   -007.00000   -001.00000   0000.00000
0195.00000   0301.68096   0000.01665   -007.00000   -001.00000   0000.00000
0201.00000   0301.70353   0000.01659   -007.00000   -001.00000   0000.00000
0207.00000   0301.72609   0000.01653   -007.00000   -001.00000   0000.00000
0213.00000   0301.74865   0000.01647   -007.00000   -001.00000   0000.00000
0219.00000   0301.77121   0000.01640   -007.00000   -001.00000   0000.00000
0225.00000   0301.79377   0000.01634   -007.00000   -001.00000   0000.00000
0231.00000   0301.81633   0000.01627   -007.00000   -001.00000   0000.00000
0237.00000   0301.83889   0000.01622   -007.00000   -001.00000   0000.00000
0243.00000   0301.86146   0000.01616   -007.00000   -001.00000   0000.00000
0249.00000   0301.88402   0000.01609   -007.00000   -001.00000   0000.00000
0255.00000   0301.90658   0000.01602   -007.00000   -001.00000   0000.00000
0261.00000   0301.92914   0000.01597   -007.00000   -001.00000   0000.00000
0267.00000   0301.95170   0000.01590   -007.00000   -001.00000   0000.00000
0273.00000   0301.97427   0000.01584   -007.00000   -001.00000   0000.00000
0279.00000   0301.99683   0000.01577   -007.00000   -001.00000   0000.00000
0285.00000   0302.01939   0000.01571   -007.00000   -001.00000   0000.00000
0291.00000   0302.04195   0000.01564   -007.00000   -001.00000   0000.00000
0297.00000   0302.06451   0000.01558   -007.00000   -001.00000   0000.00000
0303.00000   0302.08707   0000.01553   -007.00000   -001.00000   0000.00000
0309.00000   0302.10964   0000.01546   -007.00000   -001.00000   0000.00000
0315.00000   0302.13220   0000.01539   -007.00000   -001.00000   0000.00000
0321.00000   0302.15476   0000.01534   -007.00000   -001.00000   0000.00000
0327.00000   0302.17732   0000.01528   -007.00000   -001.00000   0000.00000
0333.00000   0302.19988   0000.01520   -007.00000   -001.00000   0000.00000
0339.00000   0302.22244   0000.01514   -007.00000   -001.00000   0000.00000
0345.00000   0302.24501   0000.01509   -007.00000   -001.00000   0000.00000
0351.00000   0302.26757   0000.01502   -007.00000   -001.00000   0000.00000
0357.00000   0302.29013   0000.01495   -007.00000   -001.00000   0000.00000
0363.00000   0302.31269   0000.01490   -007.00000   -001.00000   0000.00000
0369.00000   0302.33525   0000.01484   -007.00000   -001.00000   0000.00000
0375.00000   0302.35781   0000.01477   -007.00000   -001.00000   0000.00000
0381.00000   0302.38038   0000.01470   -007.00000   -001.00000   0000.00000
0387.00000   0302.40294   0000.01465   -007.00000   -001.00000   0000.00000
0393.00000   0302.42550   0000.01458   -007.00000   -001.00000   0000.00000
0399.00000   0302.44806   0000.01452   -007.00000   -001.00000   0000.00000
0405.00000   0302.47062   0000.01447   -007.00000   -001.00000   0000.00000
0411.00000   0302.49318   0000.01444   -007.00000   -001.00000   0000.00000
0417.00000   0302.51575   0000.01443   -007.00000   -001.00000   0000.00000
0423.00000   0302.53831   0000.01442   -007.00000   -001.00000   0000.00000
0429.00000   0302.56087   0000.01439   -007.00000   -001.00000   0000.00000
0435.00000   0302.58343   0000.01438   -007.00000   -001.00000   0000.00000
0441.00000   0302.60599   0000.01435   -007.00000   -001.00000   0000.00000
0447.00000   0302.62855   0000.01434   -007.00000   -001.00000   0000.00000
0453.00000   0302.65112   0000.01433   -007.00000   -001.00000   0000.00000
0459.00000   0302.67368   0000.01431   -007.00000   -001.00000   0000.00000
0465.00000   0302.69624   0000.01428   -007.00000   -001.00000   0000.00000
0471.00000   0302.71880   0000.01426   -007.00000   -001.00000   0000.00000
0477.00000   0302.74136   0000.01425   -007.00000   -001.00000   0000.00000
0483.00000   0302.76392   0000.01423   -007.00000   -001.00000   0000.00000
0489.00000   0302.78649   0000.01422   -007.00000   -001.00000   0000.00000
0495.00000   0302.80905   0000.01419   -007.00000   -001.00000   0000.00000
0501.00000   0302.83161   0000.01418   -007.00000   -001.00000   0000.00000
0507.00000   0302.89530   0000.01416   -007.00000   -001.00000   0000.00000
0513.00000   0302.97270   0000.01414   -007.00000   -001.00000   0000.00000
0519.00000   0303.05010   0000.01413   -007.00000   -001.00000   0000.00000
0525.00000   0303.12750   0000.01410   -007.00000   -001.00000   0000.00000
0531.00000   0303.18927   0000.01409   -007.00000   -001.00000   0000.00000
0537.00000   0303.19480   0000.01406   -007.00000   -001.00000   0000.00000
0543.00000   0303.19720   0000.01405   -007.00000   -001.00000   0000.00000
0549.00000   0303.20013   0000.01404   -007.00000   -001.00000   0000.00000
0555.00000   0303.21250   0000.01401   -007.00000   -001.00000   0000.00000
0561.00000   0303.22750   0000.01400   -007.00000   -001.00000   0000.00000
0567.00000   0303.24250   0000.01397   -007.00000   -001.00000   0000.00000
0573.00000   0303.25750   0000.01396   -007.00000   -001.00000   0000.00000
0579.00000   0303.27250   0000.01394   -007.00000   -001.00000   0000.00000
0585.00000   0303.28750   0000.01392   -007.00000   -001.00000   0000.00000
0591.00000   0303.30250   0000.01391   -007.00000   -001.00000   0000.00000
0597.00000   0303.31750   0000.01388   -007.00000   -001.00000   0000.00000
0603.00000   0303.33250   0000.01388   -007.00000   -001.00000   0000.00000
0609.00000   0303.34750   0000.01385   -007.00000   -001.00000   0000.00000
0615.00000   0303.36250   0000.01384   -007.00000   -001.00000   0000.00000
0621.00000   0303.37750   0000.01383   -007.00000   -001.00000   0000.00000
0627.00000   0303.39250   0000.01380   -007.00000   -001.00000   0000.00000
0633.00000   0303.40750   0000.01379   -007.00000   -001.00000   0000.00000
0639.00000   0303.42250   0000.01377   -007.00000   -001.00000   0000.00000
0645.00000   0303.43750   0000.01375   -007.00000   -001.00000   0000.00000
0651.00000   0303.45250   0000.01374   -007.00000   -001.00000   0000.00000
0657.00000   0303.46750   0000.01371   -007.00000   -001.00000   0000.00000
0663.00000   0303.48250   0000.01371   -007.00000   -001.00000   0000.00000
0669.00000   0303.49750   0000.01368   -007.00000   -001.00000   0000.00000
0675.00000   0303.51250   0000.01367   -007.00000   -001.00000   0000.00000
0681.00000   0303.52750   0000.01365   -007.00000   -001.00000   0000.00000
0687.00000   0303.54250   0000.01362   -007.00000   -001.00000   0000.00000
0693.00000   0303.55750   0000.01362   -007.00000   -001.00000   0000.00000
0699.00000   0303.57250   0000.01359   -007.00000   -001.00000   0000.00000
0705.00000   0303.58750   0000.01358   -007.00000   -001.00000   0000.00000
0711.00000   0303.60250   0000.01355   -007.00000   -001.00000   0000.00000
0717.00000   0303.61750   0000.01354   -007.00000   -001.00000   0000.00000
0723.00000   0303.63250   0000.01353   -007.00000   -001.00000   0000.00000
0729.00000   0303.64750   0000.01350   -007.00000   -001.00000   0000.00000
0735.00000   0303.66250   0000.01349   -007.00000   -001.00000   0000.00000
0741.00000   0303.67750   0000.01346   -007.00000   -001.00000   0000.00000
0747.00000   0303.69250   0000.01345   -007.00000   -001.00000   0000.00000
0753.00000   0303.70750   0000.01343   -007.00000   -001.00000   0000.00000
0759.00000   0303.72250   0000.01341   -007.00000   -001.00000   0000.00000
0765.00000   0303.73750   0000.01340   -007.00000   -001.00000   0000.00000
0771.00000   0303.75250   0000.01337   -007.00000   -001.00000   0000.00000
0777.00000   0303.76750   0000.01336   -007.00000   -001.00000   0000.00000
0783.00000   0303.78250   0000.01334   -007.00000   -001.00000   0000.00000
0789.00000   0303.79750   0000.01333   -007.00000   -001.00000   0000.00000
0795.00000   0303.81250   0000.01331   -007.00000   -001.00000   0000.00000
0801.00000   0303.82750   0000.01328   -007.00000   -001.00000   0000.00000
0807.00000   0303.84250   0000.01326   -007.00000   -001.00000   0000.00000
0813.00000   0303.85750   0000.01325   -007.00000   -001.00000   0000.00000
0819.00000   0303.87250   0000.01324   -007.00000   -001.00000   0000.00000
0825.00000   0303.88750   0000.01322   -007.00000   -001.00000   0000.00000
0831.00000   0303.90250   0000.01320   -007.00000   -001.00000   0000.00000
0837.00000   0303.91750   0000.01317   -007.00000   -001.00000   0000.00000
0843.00000   0303.93250   0000.01316   -007.00000   -001.00000   0000.00000
0849.00000   0303.94750   0000.01315   -007.00000   -001.00000   0000.00000
0855.00000   0303.96250   0000.01312   -007.00000   -001.00000   0000.00000
0861.00000   0303.97750   0000.01311   -007.00000   -001.00000   0000.00000
0867.00000   0303.99250   0000.01308   -007.00000   -001.00000   0000.00000
0873.00000   0304.00750   0000.01307   -007.00000   -001.00000   0000.00000
0879.00000   0304.02250   0000.01306   -007.00000   -001.00000   0000.00000
0885.00000   0304.03750   0000.01305   -007.00000   -001.00000   0000.00000
0891.00000   0304.05250   0000.01303   -007.00000   -001.00000   0000.00000
0897.00000   0304.06750   0000.01300   -007.00000   -001.00000   0000.00000
0903.00000   0304.08250   0000.01299   -007.00000   -001.00000   0000.00000
0909.00000   0304.09750   0000.01298   -007.00000   -001.00000   0000.00000
0915.00000   0304.11250   0000.01295   -007.00000   -001.00000   0000.00000
0921.00000   0304.12750   0000.01294   -007.00000   -001.00000   0000.00000
0927.00000   0304.14250   0000.01291   -007.00000   -001.00000   0000.00000
0933.00000   0304.15750   0000.01290   -007.00000   -001.00000   0000.00000
0939.00000   0304.17250   0000.01289   -007.00000   -001.00000   0000.00000
0945.00000   0304.18750   0000.01286   -007.00000   -001.00000   0000.00000
0951.00000   0304.20250   0000.01285   -007.00000   -001.00000   0000.00000
0957.00000   0304.21750   0000.01282   -007.00000   -001.00000   0000.00000
0963.00000   0304.23250   0000.01282   -007.00000   -001.00000   0000.00000
0969.00000   0304.24750   0000.01280   -007.00000   -001.00000   0000.00000
0975.00000   0304.26250   0000.01277   -007.00000   -001.00000   0000.00000
0981.00000   0304.27750   0000.01275   -007.00000   -001.00000   0000.00000
0987.00000   0304.29250   0000.01273   -007.00000   -001.00000   0000.00000
0993.00000   0304.30750   0000.01273   -007.00000   -001.00000   0000.00000
0999.00000   0304.32250   0000.01271   -007.00000   -001.00000   0000.00000
1005.00000   0304.33750   0000.01269   -007.00000   -001.00000   0000.00000
1011.00000   0304.35250   0000.01266   -007.00000   -001.00000   0000.00000
1017.00000   0304.36750   0000.01264   -007.00000   -001.00000   0000.00000
1023.00000   0304.38250   0000.01264   -007.00000   -001.00000   0000.00000
1029.00000   0304.39750   0000.01261   -007.00000   -001.00000   0000.00000
1035.00000   0304.41250   0000.01260   -007.00000   -001.00000   0000.00000
1041.00000   0304.42750   0000.01257   -007.00000   -001.00000   0000.00000
1047.00000   0304.44250   0000.01256   -007.00000   -001.00000   0000.00000
1053.00000   0304.45750   0000.01255   -007.00000   -001.00000   0000.00000
1059.00000   0304.47250   0000.01252   -007.00000   -001.00000   0000.00000
1065.00000   0304.48750   0000.01251   -007.00000   -001.00000   0000.00000
1071.00000   0304.50250   0000.01248   -007.00000   -001.00000   0000.00000
1077.00000   0304.51750   0000.01247   -007.00000   -001.00000   0000.00000
1083.00000   0304.53250   0000.01246   -007.00000   -001.00000   0000.00000
1089.00000   0304.54750   0000.01243   -007.00000   -001.00000   0000.00000
1095.00000   0304.56250   0000.01241   -007.00000   -001.00000   0000.00000
1101.00000   0304.57750   0000.01239   -007.00000   -001.00000   0000.00000
1107.00000   0304.59250   0000.01238   -007.00000   -001.00000   0000.00000
1113.00000   0304.60750   0000.01237   -007.00000   -001.00000   0000.00000
1119.00000   0304.62250   0000.01235   -007.00000   -001.00000   0000.00000
1125.00000   0304.63750   0000.01232   -007.00000   -001.00000   0000.00000
1131.00000   0304.65250   0000.01230   -007.00000   -001.00000   0000.00000
1137.00000   0304.66750   0000.01229   -007.00000   -001.00000   0000.00000
1143.00000   0304.68250   0000.01227   -007.00000   -001.00000   0000.00000
1149.00000   0304.69750   0000.01226   -007.00000   -001.00000   0000.00000
1155.00000   0304.71250   0000.01223   -007.00000   -001.00000   0000.00000
1161.00000   0304.72750   0000.01222   -007.00000   -001.00000   0000.00000
1167.00000   0304.74250   0000.01221   -007.00000   -001.00000   0000.00000
1173.00000   0304.75750   0000.01220   -007.00000   -001.00000   0000.00000
1179.00000   0304.77250   0000.01218   -007.00000   -001.00000   0000.00000
1185.00000   0304.78750   0000.01215   -007.00000   -001.00000   0000.00000
1191.00000   0304.80250   0000.01213   -007.00000   -001.00000   0000.00000
1197.00000   0304.81750   0000.01212   -007.00000   -001.00000   0000.00000
1203.00000   0304.83250   0000.01210   -007.00000   -001.00000   0000.00000
1209.00000   0304.84750   0000.01209   -007.00000   -001.00000   0000.00000
1215.00000   0304.86250   0000.01206   -007.00000   -001.00000   0000.00000
1221.00000   0304.87750   0000.01205   -007.00000   -001.00000   0000.00000
1227.00000   0304.89250   0000.01203   -007.00000   -001.00000   0000.00000
1233.00000   0304.90750   0000.01201   -007.00000   -001.00000   0000.00000
1239.00000   0304.92250   0000.01200   -007.00000   -001.00000   0000.00000
1245.00000   0304.93750   0000.01197   -007.00000   -001.00000   0000.00000
1251.00000   0304.95250   0000.01196   -007.00000   -001.00000   0000.00000
1257.00000   0304.96750   0000.01193   -007.00000   -001.00000   0000.00000
1263.00000   0304.98250   0000.01192   -007.00000   -001.00000   0000.00000
1269.00000   0304.99750   0000.01191   -007.00000   -001.00000   0000.00000
1275.00000   0305.01250   0000.01188   -007.00000   -001.00000   0000.00000
1281.00000   0305.02750   0000.01187   -007.00000   -001.00000   0000.00000
1287.00000   0305.04250   0000.01184   -007.00000   -001.00000   0000.00000
1293.00000   0305.05750   0000.01184   -007.00000   -001.00000   0000.00000
1299.00000   0305.07250   0000.01181   -007.00000   -001.00000   0000.00000
1305.00000   0305.08750   0000.01179   -007.00000   -001.00000   0000.00000
1311.00000   0305.10250   0000.01178   -007.00000   -001.00000   0000.00000
1317.00000   0305.11750   0000.01175   -007.00000   -001.00000   0000.00000
1323.00000   0305.13250   0000.01175   -007.00000   -001.00000   0000.00000
1329.00000   0305.14750   0000.01172   -007.00000   -001.00000   0000.00000
1335.00000   0305.16250   0000.01171   -007.00000   -001.00000   0000.00000
1341.00000   0305.17750   0000.01169   -007.00000   -001.00000   0000.00000
1347.00000   0305.19250   0000.01167   -007.00000   -001.00000   0000.00000
1353.00000   0305.20750   0000.01166   -007.00000   -001.00000   0000.00000
1359.00000   0305.22250   0000.01163   -007.00000   -001.00000   0000.00000
1365.00000   0305.23750   0000.01162   -007.00000   -001.00000   0000.00000
1371.00000   0305.25250   0000.01159   -007.00000   -001.00000   0000.00000
1377.00000   0305.26750   0000.01158   -007.00000   -001.00000   0000.00000
1383.00000   0305.28250   0000.01157   -007.00000   -001.00000   0000.00000
1389.00000   0305.29750   0000.01155   -007.00000   -001.00000   0000.00000
1395.00000   0305.31250   0000.01154   -007.00000   -001.00000   0000.00000
1401.00000   0305.32750   0000.01152   -007.00000   -001.00000   0000.00000
1407.00000   0305.34250   0000.01150   -007.00000   -001.00000   0000.00000
1413.00000   0305.35750   0000.01149   -007.00000   -001.00000   0000.00000
1419.00000   0305.37250   0000.01146   -007.00000   -001.00000   0000.00000
1425.00000   0305.38750   0000.01145   -007.00000   -001.00000   0000.00000
1431.00000   0305.40250   0000.01142   -007.00000   -001.00000   0000.00000
1437.00000   0305.41750   0000.01141   -007.00000   -001.00000   0000.00000
1443.00000   0305.43250   0000.01140   -007.00000   -001.00000   0000.00000
1449.00000   0305.44750   0000.01137   -007.00000   -001.00000   0000.00000
1455.00000   0305.46250   0000.01136   -007.00000   -001.00000   0000.00000
1461.00000   0305.47750   0000.01133   -007.00000   -001.00000   0000.00000
1467.00000   0305.49250   0000.01132   -007.00000   -001.00000   0000.00000
1473.00000   0305.50750   0000.01129   -007.00000   -001.00000   0000.00000
1479.00000   0305.52250   0000.01127   -007.00000   -001.00000   0000.00000
1485.00000   0305.53750   0000.01124   -007.00000   -001.00000   0000.00000
1491.00000   0305.55250   0000.01122   -007.00000   -001.00000   0000.00000
1497.00000   0305.56750   0000.01121   -007.00000   -001.00000   0000.00000
1503.00000   0305.58250   0000.01120   -007.00000   -001.00000   0000.00000
1509.00000   0305.59750   0000.01119   -007.00000   -001.00000   0000.00000
1515.00000   0305.61250   0000.01118   -007.00000   -001.00000   0000.00000
1521.00000   0305.62750   0000.01115   -007.00000   -001.00000   0000.00000
1527.00000   0305.64250   0000.01113   -007.00000   -001.00000   0000.00000
1533.00000   0305.65750   0000.01112   -007.00000   -001.00000   0000.00000
1539.00000   0305.67250   0000.01111   -007.00000   -001.00000   0000.00000
1545.00000   0305.68750   0000.01108   -007.00000   -001.00000   0000.00000
1551.00000   0305.70250   0000.01107   -007.00000   -001.00000   0000.00000
1557.00000   0305.71750   0000.01104   -007.00000   -001.00000   0000.00000
1563.00000   0305.73250   0000.01103   -007.00000   -001.00000   0000.00000
1569.00000   0305.74750   0000.01102   -007.00000   -001.00000   0000.00000
1575.00000   0305.76250   0000.01099   -007.00000   -001.00000   0000.00000
1581.00000   0305.77750   0000.01098   -007.00000   -001.00000   0000.00000
1587.00000   0305.79250   0000.01095   -007.00000   -001.00000   0000.00000
1593.00000   0305.80750   0000.01094   -007.00000   -001.00000   0000.00000
1599.00000   0305.82250   0000.01093   -007.00000   -001.00000   0000.00000
1605.00000   0305.83750   0000.01090   -007.00000   -001.00000   0000.00000
1611.00000   0305.85250   0000.01089   -007.00000   -001.00000   0000.00000
1617.00000   0305.86750   0000.01087   -007.00000   -001.00000   0000.00000
1623.00000   0305.88250   0000.01086   -007.00000   -001.00000   0000.00000
1629.00000   0305.89750   0000.01085   -007.00000   -001.00000   0000.00000
1635.00000   0305.91250   0000.01082   -007.00000   -001.00000   0000.00000
1641.00000   0305.92750   0000.01081   -007.00000   -001.00000   0000.00000
1647.00000   0305.94250   0000.01078   -007.00000   -001.00000   0000.00000
1653.00000   0305.95750   0000.01077   -007.00000   -001.00000   0000.00000
1659.00000   0305.97250   0000.01076   -007.00000   -001.00000   0000.00000
1665.00000   0305.98750   0000.01073   -007.00000   -001.00000   0000.00000
1671.00000   0306.00250   0000.01072   -007.00000   -001.00000   0000.00000
1677.00000   0306.01750   0000.01069   -007.00000   -001.00000   0000.00000
1683.00000   0306.03250   0000.01069   -007.00000   -001.00000   0000.00000
1689.00000   0306.04750   0000.01067   -007.00000   -001.00000   0000.00000
1695.00000   0306.06250   0000.01064   -007.00000   -001.00000   0000.00000
1701.00000   0306.07750   0000.01062   -007.00000   -001.00000   0000.00000
1707.00000   0306.09250   0000.01060   -007.00000   -001.00000   0000.00000
1713.00000   0306.10750   0000.01060   -007.00000   -001.00000   0000.00000
1719.00000   0306.12250   0000.01058   -007.00000   -001.00000   0000.00000
1725.00000   0306.13750   0000.01056   -007.00000   -001.00000   0000.00000
1731.00000   0306.15250   0000.01053   -007.00000   -001.00000   0000.00000
1737.00000   0306.16750   0000.01052   -007.00000   -001.00000   0000.00000
1743.00000   0306.18250   0000.01051   -007.00000   -001.00000   0000.00000
1749.00000   0306.19750   0000.01048   -007.00000   -001.00000   0000.00000
1755.00000   0306.21250   0000.01047   -007.00000   -001.00000   0000.00000
1761.00000   0306.22750   0000.01044   -007.00000   -001.00000   0000.00000
1767.00000   0306.24250   0000.01043   -007.00000   -001.00000   0000.00000
1773.00000   0306.25750   0000.01042   -007.00000   -001.00000   0000.00000
1779.00000   0306.27250   0000.01039   -007.00000   -001.00000   0000.00000
1785.00000   0306.28750   0000.01038   -007.00000   -001.00000   0000.00000
1791.00000   0306.30250   0000.01035   -007.00000   -001.00000   0000.00000
1797.00000   0306.31750   0000.01034   -007.00000   -001.00000   0000.00000
1803.00000   0306.33250   0000.01033   -007.00000   -001.00000   0000.00000
1809.00000   0306.34750   0000.01030   -007.00000   -001.00000   0000.00000
1815.00000   0306.36250   0000.01028   -007.00000   -001.00000   0000.00000
1821.00000   0306.37750   0000.01026   -007.00000   -001.00000   0000.00000
1827.00000   0306.39250   0000.01025   -007.00000   -001.00000   0000.00000
1833.00000   0306.40750   0000.01024   -007.00000   -001.00000   0000.00000
1839.00000   0306.42250   0000.01022   -007.00000   -001.00000   0000.00000
1845.00000   0306.43750   0000.01019   -007.00000   -001.00000   0000.00000
1851.00000   0306.45250   0000.01018   -007.00000   -001.00000   0000.00000
1857.00000   0306.46750   0000.01016   -007.00000   -001.00000   0000.00000
1863.00000   0306.48250   0000.01014   -007.00000   -001.00000   0000.00000
1869.00000   0306.49750   0000.01013   -007.00000   -001.00000   0000.00000
1875.00000   0306.51250   0000.01010   -007.00000   -001.00000   0000.00000
1881.00000   0306.52750   0000.01009   -007.00000   -001.00000   0000.00000
1887.00000   0306.54250   0000.01008   -007.00000   -001.00000   0000.00000
1893.00000   0306.55750   0000.01007   -007.00000   -001.00000   0000.00000
1899.00000   0306.57250   0000.01005   -007.00000   -001.00000   0000.00000
1905.00000   0306.58750   0000.01002   -007.00000   -001.00000   0000.00000
1911.00000   0306.60250   0000.01001   -007.00000   -001.00000   0000.00000
1917.00000   0306.61750   0000.00999   -007.00000   -001.00000   0000.00000
1923.00000   0306.63250   0000.00997   -007.00000   -001.00000   0000.00000
1929.00000   0306.64750   0000.00996   -007.00000   -001.00000   0000.00000
1935.00000   0306.66250   0000.00993   -007.00000   -001.00000   0000.00000
1941.00000   0306.67750   0000.00992   -007.00000   -001.00000   0000.00000
1947.00000   0306.69250   0000.00990   -007.00000   -001.00000   0000.00000
1953.00000   0306.70750   0000.00988   -007.00000   -001.00000   0000.00000
1959.00000   0306.72250   0000.00987   -007.00000   -001.00000   0000.00000
1965.00000   0306.73750   0000.00984   -007.00000   -001.00000   0000.00000
1971.00000   0306.75250   0000.00983   -007.00000   -001.00000   0000.00000
1977.00000   0306.76750   0000.00980   -007.00000   -001.00000   0000.00000
1983.00000   0306.78250   0000.00979   -007.00000   -001.00000   0000.00000
1989.00000   0306.79750   0000.00977   -007.00000   -001.00000   0000.00000
1995.00000   0306.81250   0000.00975   -007.00000   -001.00000   0000.00000
2001.00000   0306.82750   0000.00974   -007.00000   -001.00000   0000.00000
2007.00000   0306.84250   0000.00971   -007.00000   -001.00000   0000.00000
2013.00000   0306.86500   0000.00971   -007.00000   -001.00000   0000.00000
2019.00000   0306.89500   0000.00968   -007.00000   -001.00000   0000.00000
2025.00000   0306.92500   0000.00966   -007.00000   -001.00000   0000.00000
2031.00000   0306.95500   0000.00965   -007.00000   -001.00000   0000.00000
2037.00000   0306.98500   0000.00962   -007.00000   -001.00000   0000.00000
2043.00000   0307.01500   0000.00962   -007.00000   -001.00000   0000.00000
2049.00000   0307.04500   0000.00959   -007.00000   -001.00000   0000.00000
2055.00000   0307.07500   0000.00958   -007.00000   -001.00000   0000.00000
2061.00000   0307.10500   0000.00956   -007.00000   -001.00000   0000.00000
2067.00000   0307.13500   0000.00954   -007.00000   -001.00000   0000.00000
2073.00000   0307.16500   0000.00953   -007.00000   -001.00000   0000.00000
2079.00000   0307.19500   0000.00950   -007.00000   -001.00000   0000.00000
2085.00000   0307.22500   0000.00949   -007.00000   -001.00000   0000.00000
2091.00000   0307.25500   0000.00946   -007.00000   -001.00000   0000.00000
2097.00000   0307.28500   0000.00945   -007.00000   -001.00000   0000.00000
2103.00000   0307.31500   0000.00942   -007.00000   -001.00000   0000.00000
2109.00000   0307.34500   0000.00941   -007.00000   -001.00000   0000.00000
2115.00000   0307.37500   0000.00939   -007.00000   -001.00000   0000.00000
2121.00000   0307.40500   0000.00937   -007.00000   -001.00000   0000.00000
2127.00000   0307.43500   0000.00934   -007.00000   -001.00000   0000.00000
2133.00000   0307.46500   0000.00932   -007.00000   -001.00000   0000.00000
2139.00000   0307.49500   0000.00931   -007.00000   -001.00000   0000.00000
2145.00000   0307.52500   0000.00928   -007.00000   -001.00000   0000.00000
2151.00000   0307.55500   0000.00926   -007.00000   -001.00000   0000.00000
2157.00000   0307.58500   0000.00924   -007.00000   -001.00000   0000.00000
2163.00000   0307.61500   0000.00923   -007.00000   -001.00000   0000.00000
2169.00000   0307.64500   0000.00920   -007.00000   -001.00000   0000.00000
2175.00000   0307.67500   0000.00919   -007.00000   -001.00000   0000.00000
2181.00000   0307.70500   0000.00916   -007.00000   -001.00000   0000.00000
2187.00000   0307.73500   0000.00915   -007.00000   -001.00000   0000.00000
2193.00000   0307.76500   0000.00912   -007.00000   -001.00000   0000.00000
2199.00000   0307.79500   0000.00911   -007.00000   -001.00000   0000.00000
2205.00000   0307.82500   0000.00908   -007.00000   -001.00000   0000.00000
2211.00000   0307.85500   0000.00907   -007.00000   -001.00000   0000.00000
2217.00000   0307.88500   0000.00905   -007.00000   -001.00000   0000.00000
2223.00000   0307.91500   0000.00903   -007.00000   -001.00000   0000.00000
2229.00000   0307.94500   0000.00900   -007.00000   -001.00000   0000.00000
2235.00000   0307.97500   0000.00898   -007.00000   -001.00000   0000.00000
2241.00000   0308.00500   0000.00897   -007.00000   -001.00000   0000.00000
2247.00000   0308.03500   0000.00894   -007.00000   -001.00000   0000.00000
2253.00000   0308.06500   0000.00893   -007.00000   -001.00000   0000.00000
2259.00000   0308.09500   0000.00890   -007.00000   -001.00000   0000.00000
2265.00000   0308.12500   0000.00889   -007.00000   -001.00000   0000.00000
2271.00000   0308.15500   0000.00886   -007.00000   -001.00000   0000.00000
2277.00000   0308.18500   0000.00885   -007.00000   -001.00000   0000.00000
2283.00000   0308.21500   0000.00882   -007.00000   -001.00000   0000.00000
2289.00000   0308.24500   0000.00881   -007.00000   -001.00000   0000.00000
2295.00000   0308.27500   0000.00878   -007.00000   -001.00000   0000.00000
2301.00000   0308.30500   0000.00877   -007.00000   -001.00000   0000.00000
2307.00000   0308.33500   0000.00874   -007.00000   -001.00000   0000.00000
2313.00000   0308.36500   0000.00873   -007.00000   -001.00000   0000.00000
2319.00000   0308.39500   0000.00871   -007.00000   -001.00000   0000.00000
2325.00000   0308.42500   0000.00869   -007.00000   -001.00000   0000.00000
2331.00000   0308.45500   0000.00866   -007.00000   -001.00000   0000.00000
2337.00000   0308.48500   0000.00864   -007.00000   -001.00000   0000.00000
2343.00000   0308.51500   0000.00863   -007.00000   -001.00000   0000.00000
2349.00000   0308.54500   0000.00860   -007.00000   -001.00000   0000.00000
2355.00000   0308.57500   0000.00859   -007.00000   -001.00000   0000.00000
2361.00000   0308.60500   0000.00856   -007.00000   -001.00000   0000.00000
2367.00000   0308.63500   0000.00855   -007.00000   -001.00000   0000.00000
2373.00000   0308.66500   0000.00852   -007.00000   -001.00000   0000.00000
2379.00000   0308.69500   0000.00851   -007.00000   -001.00000   0000.00000
2385.00000   0308.72500   0000.00848   -007.00000   -001.00000   0000.00000
2391.00000   0308.75500   0000.00847   -007.00000   -001.00000   0000.00000
2397.00000   0308.78500   0000.00844   -007.00000   -001.00000   0000.00000
2403.00000   0308.81500   0000.00843   -007.00000   -001.00000   0000.00000
2409.00000   0308.84500   0000.00840   -007.00000   -001.00000   0000.00000
2415.00000   0308.87500   0000.00839   -007.00000   -001.00000   0000.00000
2421.00000   0308.90500   0000.00837   -007.00000   -001.00000   0000.00000
2427.00000   0308.93500   0000.00834   -007.00000   -001.00000   0000.00000
2433.00000   0308.96500   0000.00832   -007.00000   -001.00000   0000.00000
2439.00000   0308.99500   0000.00830   -007.00000   -001.00000   0000.00000
2445.00000   0309.02500   0000.00829   -007.00000   -001.00000   0000.00000
2451.00000   0309.05500   0000.00826   -007.00000   -001.00000   0000.00000
2457.00000   0309.08500   0000.00825   -007.00000   -001.00000   0000.00000
2463.00000   0309.11500   0000.00822   -007.00000   -001.00000   0000.00000
2469.00000   0309.14500   0000.00821   -007.00000   -001.00000   0000.00000
2475.00000   0309.17500   0000.00818   -007.00000   -001.00000   0000.00000
2481.00000   0309.20500   0000.00817   -007.00000   -001.00000   0000.00000
2487.00000   0309.23500   0000.00814   -007.00000   -001.00000   0000.00000
2493.00000   0309.26500   0000.00813   -007.00000   -001.00000   0000.00000
2499.00000   0309.29500   0000.00810   -007.00000   -001.00000   0000.00000
2505.00000   0309.32500   0000.00809   -007.00000   -001.00000   0000.00000
2511.00000   0309.35500   0000.00806   -007.00000   -001.00000   0000.00000
2517.00000   0309.38500   0000.00805   -007.00000   -001.00000   0000.00000
2523.00000   0309.41500   0000.00803   -007.00000   -001.00000   0000.00000
2529.00000   0309.44500   0000.00800   -007.00000   -001.00000   0000.00000
2535.00000   0309.47500   0000.00798   -007.00000   -001.00000   0000.00000
2541.00000   0309.50500   0000.00796   -007.00000   -001.00000   0000.00000
2547.00000   0309.53500   0000.00795   -007.00000   -001.00000   0000.00000
2553.00000   0309.56500   0000.00792   -007.00000   -001.00000   0000.00000
2559.00000   0309.59500   0000.00791   -007.00000   -001.00000   0000.00000
2565.00000   0309.62500   0000.00788   -007.00000   -001.00000   0000.00000
2571.00000   0309.65500   0000.00787   -007.00000   -001.00000   0000.00000
2577.00000   0309.68500   0000.00784   -007.00000   -001.00000   0000.00000
2583.00000   0309.71500   0000.00783   -007.00000   -001.00000   0000.00000
2589.00000   0309.74500   0000.00780   -007.00000   -001.00000   0000.00000
2595.00000   0309.77500   0000.00779   -007.00000   -001.00000   0000.00000
2601.00000   0309.80500   0000.00777   -007.00000   -001.00000   0000.00000
2607.00000   0309.83500   0000.00775   -007.00000   -001.00000   0000.00000
2613.00000   0309.86500   0000.00773   -007.00000   -001.00000   0000.00000
2619.00000   0309.89500   0000.00771   -007.00000   -001.00000   0000.00000
2625.00000   0309.92500   0000.00768   -007.00000   -001.00000   0000.00000
2631.00000   0309.95500   0000.00766   -007.00000   -001.00000   0000.00000
2637.00000   0309.98500   0000.00764   -007.00000   -001.00000   0000.00000
2643.00000   0310.01500   0000.00762   -007.00000   -001.00000   0000.00000
2649.00000   0310.04500   0000.00760   -007.00000   -001.00000   0000.00000
2655.00000   0310.07500   0000.00758   -007.00000   -001.00000   0000.00000
2661.00000   0310.10500   0000.00757   -007.00000   -001.00000   0000.00000
2667.00000   0310.13500   0000.00754   -007.00000   -001.00000   0000.00000
2673.00000   0310.16500   0000.00753   -007.00000   -001.00000   0000.00000
2679.00000   0310.19500   0000.00750   -007.00000   -001.00000   0000.00000
2685.00000   0310.22500   0000.00749   -007.00000   -001.00000   0000.00000
2691.00000   0310.25500   0000.00746   -007.00000   -001.00000   0000.00000
2697.00000   0310.28500   0000.00745   -007.00000   -001.00000   0000.00000
2703.00000   0310.31500   0000.00743   -007.00000   -001.00000   0000.00000
2709.00000   0310.34500   0000.00741   -007.00000   -001.00000   0000.00000
2715.00000   0310.37500   0000.00739   -007.00000   -001.00000   0000.00000
2721.00000   0310.40500   0000.00737   -007.00000   -001.00000   0000.00000
2727.00000   0310.43500   0000.00734   -007.00000   -001.00000   0000.00000
2733.00000   0310.46500   0000.00732   -007.00000   -001.00000   0000.00000
2739.00000   0310.49500   0000.00730   -007.00000   -001.00000   0000.00000
2745.00000   0310.52500   0000.00728   -007.00000   -001.00000   0000.00000
2751.00000   0310.55500   0000.00727   -007.00000   -001.00000   0000.00000
2757.00000   0310.58500   0000.00724   -007.00000   -001.00000   0000.00000
2763.00000   0310.61500   0000.00723   -007.00000   -001.00000   0000.00000
2769.00000   0310.64500   0000.00720   -007.00000   -001.00000   0000.00000
2775.00000   0310.67500   0000.00719   -007.00000   -001.00000   0000.00000
2781.00000   0310.70500   0000.00716   -007.00000   -001.00000   0000.00000
2787.00000   0310.73500   0000.00715   -007.00000   -001.00000   0000.00000
2793.00000   0310.76500   0000.00712   -007.00000   -001.00000   0000.00000
2799.00000   0310.79500   0000.00711   -007.00000   -001.00000   0000.00000
