# Scalar Input-file high resolution 
#  height    CO2   
0001.50000   523000.00000   0000.00000
0004.50000   460000.00000   0000.00000
0007.50000   451666.66667   0000.00000
0010.50000   443333.33333   0000.00000
0013.50000   435000.00000   0000.00000
0016.50000   435000.00000   0000.00000
0019.50000   435428.57143   0000.00000
0022.50000   435857.14286   0000.00000
0025.50000   436285.71429   0000.00000
0028.50000   436714.28571   0000.00000
0031.50000   437142.85714   0000.00000
0034.50000   437571.42857   0000.00000
0037.50000   438000.00000   0000.00000
0040.50000   438000.00000   0000.00000
0043.50000   438000.00000   0000.00000
0046.50000   438000.00000   0000.00000
0049.50000   438000.00000   0000.00000
0052.50000   438000.00000   0000.00000
0055.50000   438000.00000   0000.00000
0058.50000   438000.00000   0000.00000
0061.50000   438000.00000   0000.00000
0064.50000   438000.00000   0000.00000
0067.50000   438000.00000   0000.00000
0070.50000   438000.00000   0000.00000
0073.50000   438000.00000   0000.00000
0076.50000   438000.00000   0000.00000
0079.50000   438000.00000   0000.00000
0082.50000   438000.00000   0000.00000
0085.50000   438000.00000   0000.00000
0088.50000   438000.00000   0000.00000
0091.50000   438000.00000   0000.00000
0094.50000   438000.00000   0000.00000
0097.50000   438000.00000   0000.00000
0100.50000   438000.00000   0000.00000
0103.50000   438000.00000   0000.00000
0106.50000   438000.00000   0000.00000
0109.50000   438000.00000   0000.00000
0112.50000   436375.00000   0000.00000
0115.50000   434425.00000   0000.00000
0118.50000   432475.00000   0000.00000
0121.50000   430525.00000   0000.00000
0124.50000   428575.00000   0000.00000
0127.50000   426625.00000   0000.00000
0130.50000   425000.00000   0000.00000
0133.50000   425000.00000   0000.00000
0136.50000   425000.00000   0000.00000
0139.50000   425000.00000   0000.00000
0142.50000   425000.00000   0000.00000
0145.50000   425000.00000   0000.00000
0148.50000   425000.00000   0000.00000
0151.50000   425000.00000   0000.00000
0154.50000   425000.00000   0000.00000
0157.50000   425000.00000   0000.00000
0160.50000   425000.00000   0000.00000
0163.50000   425000.00000   0000.00000
0166.50000   425000.00000   0000.00000
0169.50000   425000.00000   0000.00000
0172.50000   424375.00000   0000.00000
0175.50000   423625.00000   0000.00000
0178.50000   422875.00000   0000.00000
0181.50000   422125.00000   0000.00000
0184.50000   421375.00000   0000.00000
0187.50000   420625.00000   0000.00000
0190.50000   420000.00000   0000.00000
0193.50000   420000.00000   0000.00000
0196.50000   420000.00000   0000.00000
0199.50000   420000.00000   0000.00000
0202.50000   420000.00000   0000.00000
0205.50000   420000.00000   0000.00000
0208.50000   420000.00000   0000.00000
0211.50000   420000.00000   0000.00000
0214.50000   420000.00000   0000.00000
0217.50000   420000.00000   0000.00000
0220.50000   420000.00000   0000.00000
0223.50000   420000.00000   0000.00000
0226.50000   420000.00000   0000.00000
0229.50000   420000.00000   0000.00000
0232.50000   420000.00000   0000.00000
0235.50000   420000.00000   0000.00000
0238.50000   420000.00000   0000.00000
0241.50000   420000.00000   0000.00000
0244.50000   420000.00000   0000.00000
0247.50000   420000.00000   0000.00000
0250.50000   420000.00000   0000.00000
0253.50000   420000.00000   0000.00000
0256.50000   420000.00000   0000.00000
0259.50000   420000.00000   0000.00000
0262.50000   420000.00000   0000.00000
0265.50000   420000.00000   0000.00000
0268.50000   420000.00000   0000.00000
0271.50000   420000.00000   0000.00000
0274.50000   420000.00000   0000.00000
0277.50000   420000.00000   0000.00000
0280.50000   420000.00000   0000.00000
0283.50000   420000.00000   0000.00000
0286.50000   420000.00000   0000.00000
0289.50000   420000.00000   0000.00000
0292.50000   419125.00000   0000.00000
0295.50000   418075.00000   0000.00000
0298.50000   417025.00000   0000.00000
0301.50000   415975.00000   0000.00000
0304.50000   414925.00000   0000.00000
0307.50000   413875.00000   0000.00000
0310.50000   413000.00000   0000.00000
0313.50000   413000.00000   0000.00000
0316.50000   413000.00000   0000.00000
0319.50000   413000.00000   0000.00000
0322.50000   413000.00000   0000.00000
0325.50000   413000.00000   0000.00000
0328.50000   413000.00000   0000.00000
0331.50000   413000.00000   0000.00000
0334.50000   413000.00000   0000.00000
0337.50000   413000.00000   0000.00000
0340.50000   413000.00000   0000.00000
0343.50000   413000.00000   0000.00000
0346.50000   413000.00000   0000.00000
0349.50000   413000.00000   0000.00000
0352.50000   413000.00000   0000.00000
0355.50000   413000.00000   0000.00000
0358.50000   413000.00000   0000.00000
0361.50000   413000.00000   0000.00000
0364.50000   413000.00000   0000.00000
0367.50000   413000.00000   0000.00000
0370.50000   413000.00000   0000.00000
0373.50000   413000.00000   0000.00000
0376.50000   413000.00000   0000.00000
0379.50000   413000.00000   0000.00000
0382.50000   413000.00000   0000.00000
0385.50000   413000.00000   0000.00000
0388.50000   413000.00000   0000.00000
0391.50000   413000.00000   0000.00000
0394.50000   413000.00000   0000.00000
0397.50000   413000.00000   0000.00000
0400.50000   413000.00000   0000.00000
0403.50000   413000.00000   0000.00000
0406.50000   413000.00000   0000.00000
0409.50000   413000.00000   0000.00000
0412.50000   413000.00000   0000.00000
0415.50000   413000.00000   0000.00000
0418.50000   413000.00000   0000.00000
0421.50000   413000.00000   0000.00000
0424.50000   413000.00000   0000.00000
0427.50000   413000.00000   0000.00000
0430.50000   413000.00000   0000.00000
0433.50000   413000.00000   0000.00000
0436.50000   413000.00000   0000.00000
0439.50000   413000.00000   0000.00000
0442.50000   413000.00000   0000.00000
0445.50000   413000.00000   0000.00000
0448.50000   413000.00000   0000.00000
0451.50000   412625.00000   0000.00000
0454.50000   411875.00000   0000.00000
0457.50000   411125.00000   0000.00000
0460.50000   410375.00000   0000.00000
0463.50000   409625.00000   0000.00000
0466.50000   408875.00000   0000.00000
0469.50000   408125.00000   0000.00000
0472.50000   408000.00000   0000.00000
0475.50000   408000.00000   0000.00000
0478.50000   408000.00000   0000.00000
0481.50000   408000.00000   0000.00000
0484.50000   408000.00000   0000.00000
0487.50000   408000.00000   0000.00000
0490.50000   408000.00000   0000.00000
0493.50000   408000.00000   0000.00000
0496.50000   408000.00000   0000.00000
0499.50000   408000.00000   0000.00000
0502.50000   408000.00000   0000.00000
0505.50000   408000.00000   0000.00000
0508.50000   408000.00000   0000.00000
0511.50000   408000.00000   0000.00000
0514.50000   408000.00000   0000.00000
0517.50000   408000.00000   0000.00000
0520.50000   408000.00000   0000.00000
0523.50000   408000.00000   0000.00000
0526.50000   408000.00000   0000.00000
0529.50000   408000.00000   0000.00000
0532.50000   406250.00000   0000.00000
0535.50000   404150.00000   0000.00000
0538.50000   402050.00000   0000.00000
0541.50000   399950.00000   0000.00000
0544.50000   397850.00000   0000.00000
0547.50000   395750.00000   0000.00000
0550.50000   394000.00000   0000.00000
0553.50000   394000.00000   0000.00000
0556.50000   394000.00000   0000.00000
0559.50000   394000.00000   0000.00000
0562.50000   394000.00000   0000.00000
0565.50000   394000.00000   0000.00000
0568.50000   394000.00000   0000.00000
0571.50000   394000.00000   0000.00000
0574.50000   394000.00000   0000.00000
0577.50000   394000.00000   0000.00000
0580.50000   394000.00000   0000.00000
0583.50000   394000.00000   0000.00000
0586.50000   394000.00000   0000.00000
0589.50000   394000.00000   0000.00000
0592.50000   394000.00000   0000.00000
0595.50000   394000.00000   0000.00000
0598.50000   394000.00000   0000.00000
0601.50000   394000.00000   0000.00000
0604.50000   394000.00000   0000.00000
0607.50000   394000.00000   0000.00000
0610.50000   394000.00000   0000.00000
0613.50000   394000.00000   0000.00000
0616.50000   394000.00000   0000.00000
0619.50000   394000.00000   0000.00000
0622.50000   394000.00000   0000.00000
0625.50000   394000.00000   0000.00000
0628.50000   394000.00000   0000.00000
0631.50000   394000.00000   0000.00000
0634.50000   394000.00000   0000.00000
0637.50000   394000.00000   0000.00000
0640.50000   394000.00000   0000.00000
0643.50000   394000.00000   0000.00000
0646.50000   394000.00000   0000.00000
0649.50000   394000.00000   0000.00000
0652.50000   394000.00000   0000.00000
0655.50000   394000.00000   0000.00000
0658.50000   394000.00000   0000.00000
0661.50000   394000.00000   0000.00000
0664.50000   394000.00000   0000.00000
0667.50000   394000.00000   0000.00000
0670.50000   394000.00000   0000.00000
0673.50000   394000.00000   0000.00000
0676.50000   394000.00000   0000.00000
0679.50000   394000.00000   0000.00000
0682.50000   394000.00000   0000.00000
0685.50000   394000.00000   0000.00000
0688.50000   394000.00000   0000.00000
0691.50000   394000.00000   0000.00000
0694.50000   394000.00000   0000.00000
0697.50000   394000.00000   0000.00000
0700.50000   394000.00000   0000.00000
0703.50000   394000.00000   0000.00000
0706.50000   394000.00000   0000.00000
0709.50000   394000.00000   0000.00000
0712.50000   394000.00000   0000.00000
0715.50000   394000.00000   0000.00000
0718.50000   394000.00000   0000.00000
0721.50000   394000.00000   0000.00000
0724.50000   394000.00000   0000.00000
0727.50000   394000.00000   0000.00000
0730.50000   394000.00000   0000.00000
0733.50000   394000.00000   0000.00000
0736.50000   394000.00000   0000.00000
0739.50000   394000.00000   0000.00000
0742.50000   394000.00000   0000.00000
0745.50000   394000.00000   0000.00000
0748.50000   394000.00000   0000.00000
0751.50000   394000.00000   0000.00000
0754.50000   394000.00000   0000.00000
0757.50000   394000.00000   0000.00000
0760.50000   394000.00000   0000.00000
0763.50000   394000.00000   0000.00000
0766.50000   394000.00000   0000.00000
0769.50000   394000.00000   0000.00000
0772.50000   394000.00000   0000.00000
0775.50000   394000.00000   0000.00000
0778.50000   394000.00000   0000.00000
0781.50000   394000.00000   0000.00000
0784.50000   394000.00000   0000.00000
0787.50000   394000.00000   0000.00000
0790.50000   394000.00000   0000.00000
0793.50000   394000.00000   0000.00000
0796.50000   394000.00000   0000.00000
0799.50000   394000.00000   0000.00000
0802.50000   394000.00000   0000.00000
0805.50000   394000.00000   0000.00000
0808.50000   394000.00000   0000.00000
0811.50000   394000.00000   0000.00000
0814.50000   394000.00000   0000.00000
0817.50000   394000.00000   0000.00000
0820.50000   394000.00000   0000.00000
0823.50000   394000.00000   0000.00000
0826.50000   394000.00000   0000.00000
0829.50000   394000.00000   0000.00000
0832.50000   394000.00000   0000.00000
0835.50000   394000.00000   0000.00000
0838.50000   394000.00000   0000.00000
0841.50000   394000.00000   0000.00000
0844.50000   394000.00000   0000.00000
0847.50000   394000.00000   0000.00000
0850.50000   394000.00000   0000.00000
0853.50000   394000.00000   0000.00000
0856.50000   394000.00000   0000.00000
0859.50000   394000.00000   0000.00000
0862.50000   394000.00000   0000.00000
0865.50000   394000.00000   0000.00000
0868.50000   394000.00000   0000.00000
0871.50000   394000.00000   0000.00000
0874.50000   394000.00000   0000.00000
0877.50000   394000.00000   0000.00000
0880.50000   394000.00000   0000.00000
0883.50000   394000.00000   0000.00000
0886.50000   394000.00000   0000.00000
0889.50000   394000.00000   0000.00000
0892.50000   394000.00000   0000.00000
0895.50000   394000.00000   0000.00000
0898.50000   394000.00000   0000.00000
0901.50000   394000.00000   0000.00000
0904.50000   394000.00000   0000.00000
0907.50000   394000.00000   0000.00000
0910.50000   394000.00000   0000.00000
0913.50000   394000.00000   0000.00000
0916.50000   394000.00000   0000.00000
0919.50000   394000.00000   0000.00000
0922.50000   394000.00000   0000.00000
0925.50000   394000.00000   0000.00000
0928.50000   394000.00000   0000.00000
0931.50000   394000.00000   0000.00000
0934.50000   394000.00000   0000.00000
0937.50000   394000.00000   0000.00000
0940.50000   394000.00000   0000.00000
0943.50000   394000.00000   0000.00000
0946.50000   394000.00000   0000.00000
0949.50000   394000.00000   0000.00000
0952.50000   394000.00000   0000.00000
0955.50000   394000.00000   0000.00000
0958.50000   394000.00000   0000.00000
0961.50000   394000.00000   0000.00000
0964.50000   394000.00000   0000.00000
0967.50000   394000.00000   0000.00000
0970.50000   394000.00000   0000.00000
0973.50000   394000.00000   0000.00000
0976.50000   394000.00000   0000.00000
0979.50000   394000.00000   0000.00000
0982.50000   394000.00000   0000.00000
0985.50000   394000.00000   0000.00000
0988.50000   394000.00000   0000.00000
0991.50000   394000.00000   0000.00000
0994.50000   394000.00000   0000.00000
0997.50000   394000.00000   0000.00000
1000.50000   394000.00000   0000.00000
1003.50000   394000.00000   0000.00000
1006.50000   394000.00000   0000.00000
1009.50000   394000.00000   0000.00000
1012.50000   394000.00000   0000.00000
1015.50000   394000.00000   0000.00000
1018.50000   394000.00000   0000.00000
1021.50000   394000.00000   0000.00000
1024.50000   394000.00000   0000.00000
1027.50000   394000.00000   0000.00000
1030.50000   394000.00000   0000.00000
1033.50000   394000.00000   0000.00000
1036.50000   394000.00000   0000.00000
1039.50000   394000.00000   0000.00000
1042.50000   394000.00000   0000.00000
1045.50000   394000.00000   0000.00000
1048.50000   394000.00000   0000.00000
1051.50000   394000.00000   0000.00000
1054.50000   394000.00000   0000.00000
1057.50000   394000.00000   0000.00000
1060.50000   394000.00000   0000.00000
1063.50000   394000.00000   0000.00000
1066.50000   394000.00000   0000.00000
1069.50000   394000.00000   0000.00000
1072.50000   394000.00000   0000.00000
1075.50000   394000.00000   0000.00000
1078.50000   394000.00000   0000.00000
1081.50000   394000.00000   0000.00000
1084.50000   394000.00000   0000.00000
1087.50000   394000.00000   0000.00000
1090.50000   394000.00000   0000.00000
1093.50000   394000.00000   0000.00000
1096.50000   394000.00000   0000.00000
1099.50000   394000.00000   0000.00000
1102.50000   394000.00000   0000.00000
1105.50000   394000.00000   0000.00000
1108.50000   394000.00000   0000.00000
1111.50000   394000.00000   0000.00000
1114.50000   394000.00000   0000.00000
1117.50000   394000.00000   0000.00000
1120.50000   394000.00000   0000.00000
1123.50000   394000.00000   0000.00000
1126.50000   394000.00000   0000.00000
1129.50000   394000.00000   0000.00000
1132.50000   394000.00000   0000.00000
1135.50000   394000.00000   0000.00000
1138.50000   394000.00000   0000.00000
1141.50000   394000.00000   0000.00000
1144.50000   394000.00000   0000.00000
1147.50000   394000.00000   0000.00000
1150.50000   394000.00000   0000.00000
1153.50000   394000.00000   0000.00000
1156.50000   394000.00000   0000.00000
1159.50000   394000.00000   0000.00000
1162.50000   394000.00000   0000.00000
1165.50000   394000.00000   0000.00000
1168.50000   394000.00000   0000.00000
1171.50000   394000.00000   0000.00000
1174.50000   394000.00000   0000.00000
1177.50000   394000.00000   0000.00000
1180.50000   394000.00000   0000.00000
1183.50000   394000.00000   0000.00000
1186.50000   394000.00000   0000.00000
1189.50000   394000.00000   0000.00000
1192.50000   394000.00000   0000.00000
1195.50000   394000.00000   0000.00000
1198.50000   394000.00000   0000.00000
1201.50000   394000.00000   0000.00000
1204.50000   394000.00000   0000.00000
1207.50000   394000.00000   0000.00000
1210.50000   394000.00000   0000.00000
1213.50000   394000.00000   0000.00000
1216.50000   394000.00000   0000.00000
1219.50000   394000.00000   0000.00000
1222.50000   394000.00000   0000.00000
1225.50000   394000.00000   0000.00000
1228.50000   394000.00000   0000.00000
1231.50000   394000.00000   0000.00000
1234.50000   394000.00000   0000.00000
1237.50000   394000.00000   0000.00000
1240.50000   394000.00000   0000.00000
1243.50000   394000.00000   0000.00000
1246.50000   394000.00000   0000.00000
1249.50000   394000.00000   0000.00000
1252.50000   394000.00000   0000.00000
1255.50000   394000.00000   0000.00000
1258.50000   394000.00000   0000.00000
1261.50000   394000.00000   0000.00000
1264.50000   394000.00000   0000.00000
1267.50000   394000.00000   0000.00000
1270.50000   394000.00000   0000.00000
1273.50000   394000.00000   0000.00000
1276.50000   394000.00000   0000.00000
1279.50000   394000.00000   0000.00000
1282.50000   394000.00000   0000.00000
1285.50000   394000.00000   0000.00000
1288.50000   394000.00000   0000.00000
1291.50000   394000.00000   0000.00000
1294.50000   394000.00000   0000.00000
1297.50000   394000.00000   0000.00000
1300.50000   394000.00000   0000.00000
1303.50000   394000.00000   0000.00000
1306.50000   394000.00000   0000.00000
1309.50000   394000.00000   0000.00000
1312.50000   394000.00000   0000.00000
1315.50000   394000.00000   0000.00000
1318.50000   394000.00000   0000.00000
1321.50000   394000.00000   0000.00000
1324.50000   394000.00000   0000.00000
1327.50000   394000.00000   0000.00000
1330.50000   394100.00000   0000.00000
1333.50000   394700.00000   0000.00000
1336.50000   395300.00000   0000.00000
1339.50000   395900.00000   0000.00000
1342.50000   396500.00000   0000.00000
1345.50000   397100.00000   0000.00000
1348.50000   397700.00000   0000.00000
1351.50000   398000.00000   0000.00000
1354.50000   398000.00000   0000.00000
1357.50000   398000.00000   0000.00000
1360.50000   398000.00000   0000.00000
1363.50000   398000.00000   0000.00000
1366.50000   398000.00000   0000.00000
1369.50000   398000.00000   0000.00000
1372.50000   398000.00000   0000.00000
1375.50000   398000.00000   0000.00000
1378.50000   398000.00000   0000.00000
1381.50000   398000.00000   0000.00000
1384.50000   398000.00000   0000.00000
1387.50000   398000.00000   0000.00000
1390.50000   398000.00000   0000.00000
1393.50000   398000.00000   0000.00000
1396.50000   398000.00000   0000.00000
1399.50000   398000.00000   0000.00000
1402.50000   398000.00000   0000.00000
1405.50000   398000.00000   0000.00000
1408.50000   398000.00000   0000.00000
1411.50000   398000.00000   0000.00000
1414.50000   398000.00000   0000.00000
1417.50000   398000.00000   0000.00000
1420.50000   398000.00000   0000.00000
1423.50000   398000.00000   0000.00000
1426.50000   398000.00000   0000.00000
1429.50000   398000.00000   0000.00000
1432.50000   398000.00000   0000.00000
1435.50000   398000.00000   0000.00000
1438.50000   398000.00000   0000.00000
1441.50000   398000.00000   0000.00000
1444.50000   398000.00000   0000.00000
1447.50000   398000.00000   0000.00000
1450.50000   398000.00000   0000.00000
1453.50000   398000.00000   0000.00000
1456.50000   398000.00000   0000.00000
1459.50000   398000.00000   0000.00000
1462.50000   398000.00000   0000.00000
1465.50000   398000.00000   0000.00000
1468.50000   398000.00000   0000.00000
1471.50000   398000.00000   0000.00000
1474.50000   398000.00000   0000.00000
1477.50000   398000.00000   0000.00000
1480.50000   398000.00000   0000.00000
1483.50000   398000.00000   0000.00000
1486.50000   398000.00000   0000.00000
1489.50000   398000.00000   0000.00000
1492.50000   398000.00000   0000.00000
1495.50000   398000.00000   0000.00000
1498.50000   398000.00000   0000.00000
1501.50000   398000.00000   0000.00000
1504.50000   398000.00000   0000.00000
1507.50000   398000.00000   0000.00000
1510.50000   398000.00000   0000.00000
1513.50000   398000.00000   0000.00000
1516.50000   398000.00000   0000.00000
1519.50000   398000.00000   0000.00000
1522.50000   398000.00000   0000.00000
1525.50000   398000.00000   0000.00000
1528.50000   398000.00000   0000.00000
1531.50000   398000.00000   0000.00000
1534.50000   398000.00000   0000.00000
1537.50000   398000.00000   0000.00000
1540.50000   398000.00000   0000.00000
1543.50000   398000.00000   0000.00000
1546.50000   398000.00000   0000.00000
1549.50000   398000.00000   0000.00000
1552.50000   398000.00000   0000.00000
1555.50000   398000.00000   0000.00000
1558.50000   398000.00000   0000.00000
1561.50000   398000.00000   0000.00000
1564.50000   398000.00000   0000.00000
1567.50000   398000.00000   0000.00000
1570.50000   398000.00000   0000.00000
1573.50000   398000.00000   0000.00000
1576.50000   398000.00000   0000.00000
1579.50000   398000.00000   0000.00000
1582.50000   398000.00000   0000.00000
1585.50000   398000.00000   0000.00000
1588.50000   398000.00000   0000.00000
1591.50000   398000.00000   0000.00000
1594.50000   398000.00000   0000.00000
1597.50000   398000.00000   0000.00000
1600.50000   398000.00000   0000.00000
1603.50000   398000.00000   0000.00000
1606.50000   398000.00000   0000.00000
1609.50000   398000.00000   0000.00000
1612.50000   398000.00000   0000.00000
1615.50000   398000.00000   0000.00000
1618.50000   398000.00000   0000.00000
1621.50000   398000.00000   0000.00000
1624.50000   398000.00000   0000.00000
1627.50000   398000.00000   0000.00000
1630.50000   398000.00000   0000.00000
1633.50000   398000.00000   0000.00000
1636.50000   398000.00000   0000.00000
1639.50000   398000.00000   0000.00000
1642.50000   398000.00000   0000.00000
1645.50000   398000.00000   0000.00000
1648.50000   398000.00000   0000.00000
1651.50000   398000.00000   0000.00000
1654.50000   398000.00000   0000.00000
1657.50000   398000.00000   0000.00000
1660.50000   398000.00000   0000.00000
1663.50000   398000.00000   0000.00000
1666.50000   398000.00000   0000.00000
1669.50000   398000.00000   0000.00000
1672.50000   398000.00000   0000.00000
1675.50000   398000.00000   0000.00000
1678.50000   398000.00000   0000.00000
1681.50000   398000.00000   0000.00000
1684.50000   398000.00000   0000.00000
1687.50000   398000.00000   0000.00000
1690.50000   398000.00000   0000.00000
1693.50000   398000.00000   0000.00000
1696.50000   398000.00000   0000.00000
1699.50000   398000.00000   0000.00000
1702.50000   398000.00000   0000.00000
1705.50000   398000.00000   0000.00000
1708.50000   398000.00000   0000.00000
1711.50000   398000.00000   0000.00000
1714.50000   398000.00000   0000.00000
1717.50000   398000.00000   0000.00000
1720.50000   398000.00000   0000.00000
1723.50000   398000.00000   0000.00000
1726.50000   398000.00000   0000.00000
1729.50000   398000.00000   0000.00000
1732.50000   398000.00000   0000.00000
1735.50000   398000.00000   0000.00000
1738.50000   398000.00000   0000.00000
1741.50000   398000.00000   0000.00000
1744.50000   398000.00000   0000.00000
1747.50000   398000.00000   0000.00000
1750.50000   398000.00000   0000.00000
1753.50000   398000.00000   0000.00000
1756.50000   398000.00000   0000.00000
1759.50000   398000.00000   0000.00000
1762.50000   398000.00000   0000.00000
1765.50000   398000.00000   0000.00000
1768.50000   398000.00000   0000.00000
1771.50000   398000.00000   0000.00000
1774.50000   398000.00000   0000.00000
1777.50000   398000.00000   0000.00000
1780.50000   398000.00000   0000.00000
1783.50000   398000.00000   0000.00000
1786.50000   398000.00000   0000.00000
1789.50000   398000.00000   0000.00000
1792.50000   398000.00000   0000.00000
1795.50000   398000.00000   0000.00000
1798.50000   398000.00000   0000.00000
1801.50000   398000.00000   0000.00000
1804.50000   398000.00000   0000.00000
1807.50000   398000.00000   0000.00000
1810.50000   398000.00000   0000.00000
1813.50000   398000.00000   0000.00000
1816.50000   398000.00000   0000.00000
1819.50000   398000.00000   0000.00000
1822.50000   398000.00000   0000.00000
1825.50000   398000.00000   0000.00000
1828.50000   398000.00000   0000.00000
1831.50000   398000.00000   0000.00000
1834.50000   398000.00000   0000.00000
1837.50000   398000.00000   0000.00000
1840.50000   398000.00000   0000.00000
1843.50000   398000.00000   0000.00000
1846.50000   398000.00000   0000.00000
1849.50000   398000.00000   0000.00000
1852.50000   398000.00000   0000.00000
1855.50000   398000.00000   0000.00000
1858.50000   398000.00000   0000.00000
1861.50000   398000.00000   0000.00000
1864.50000   398000.00000   0000.00000
1867.50000   398000.00000   0000.00000
1870.50000   398000.00000   0000.00000
1873.50000   398000.00000   0000.00000
1876.50000   398000.00000   0000.00000
1879.50000   398000.00000   0000.00000
1882.50000   398000.00000   0000.00000
1885.50000   398000.00000   0000.00000
1888.50000   398000.00000   0000.00000
1891.50000   398000.00000   0000.00000
1894.50000   398000.00000   0000.00000
1897.50000   398000.00000   0000.00000
1900.50000   398000.00000   0000.00000
1903.50000   398000.00000   0000.00000
1906.50000   398000.00000   0000.00000
1909.50000   398000.00000   0000.00000
1912.50000   398000.00000   0000.00000
1915.50000   398000.00000   0000.00000
1918.50000   398000.00000   0000.00000
1921.50000   398000.00000   0000.00000
1924.50000   398000.00000   0000.00000
1927.50000   398000.00000   0000.00000
1930.50000   398000.00000   0000.00000
1933.50000   398000.00000   0000.00000
1936.50000   398000.00000   0000.00000
1939.50000   398000.00000   0000.00000
1942.50000   398000.00000   0000.00000
1945.50000   398000.00000   0000.00000
1948.50000   398000.00000   0000.00000
1951.50000   398000.00000   0000.00000
1954.50000   398000.00000   0000.00000
1957.50000   398000.00000   0000.00000
1960.50000   398000.00000   0000.00000
1963.50000   398000.00000   0000.00000
1966.50000   398000.00000   0000.00000
1969.50000   398000.00000   0000.00000
1972.50000   398000.00000   0000.00000
1975.50000   398000.00000   0000.00000
1978.50000   398000.00000   0000.00000
1981.50000   398000.00000   0000.00000
1984.50000   398000.00000   0000.00000
1987.50000   398000.00000   0000.00000
1990.50000   398000.00000   0000.00000
1993.50000   398000.00000   0000.00000
1996.50000   398000.00000   0000.00000
1999.50000   398000.00000   0000.00000
2002.50000   398000.00000   0000.00000
2005.50000   398000.00000   0000.00000
2008.50000   398000.00000   0000.00000
2011.50000   398000.00000   0000.00000
2014.50000   398000.00000   0000.00000
2017.50000   398000.00000   0000.00000
2020.50000   398000.00000   0000.00000
2023.50000   398000.00000   0000.00000
2026.50000   398000.00000   0000.00000
2029.50000   398000.00000   0000.00000
2032.50000   398000.00000   0000.00000
2035.50000   398000.00000   0000.00000
2038.50000   398000.00000   0000.00000
2041.50000   398000.00000   0000.00000
2044.50000   398000.00000   0000.00000
2047.50000   398000.00000   0000.00000
2050.50000   398000.00000   0000.00000
2053.50000   398000.00000   0000.00000
2056.50000   398000.00000   0000.00000
2059.50000   398000.00000   0000.00000
2062.50000   398000.00000   0000.00000
2065.50000   398000.00000   0000.00000
2068.50000   398000.00000   0000.00000
2071.50000   398000.00000   0000.00000
2074.50000   398000.00000   0000.00000
2077.50000   398000.00000   0000.00000
2080.50000   398000.00000   0000.00000
2083.50000   398000.00000   0000.00000
2086.50000   398000.00000   0000.00000
2089.50000   398000.00000   0000.00000
2092.50000   398000.00000   0000.00000
2095.50000   398000.00000   0000.00000
2098.50000   398000.00000   0000.00000
2101.50000   398000.00000   0000.00000
2104.50000   398000.00000   0000.00000
2107.50000   398000.00000   0000.00000
2110.50000   398000.00000   0000.00000
2113.50000   398000.00000   0000.00000
2116.50000   398000.00000   0000.00000
2119.50000   398000.00000   0000.00000
2122.50000   398000.00000   0000.00000
2125.50000   398000.00000   0000.00000
2128.50000   398000.00000   0000.00000
2131.50000   398000.00000   0000.00000
2134.50000   398000.00000   0000.00000
2137.50000   398000.00000   0000.00000
2140.50000   398000.00000   0000.00000
2143.50000   398000.00000   0000.00000
2146.50000   398000.00000   0000.00000
2149.50000   398000.00000   0000.00000
2152.50000   398000.00000   0000.00000
2155.50000   398000.00000   0000.00000
2158.50000   398000.00000   0000.00000
2161.50000   398000.00000   0000.00000
2164.50000   398000.00000   0000.00000
2167.50000   398000.00000   0000.00000
2170.50000   398000.00000   0000.00000
2173.50000   398000.00000   0000.00000
2176.50000   398000.00000   0000.00000
2179.50000   398000.00000   0000.00000
2182.50000   398000.00000   0000.00000
2185.50000   398000.00000   0000.00000
2188.50000   398000.00000   0000.00000
2191.50000   398000.00000   0000.00000
2194.50000   398000.00000   0000.00000
2197.50000   398000.00000   0000.00000
2200.50000   398000.00000   0000.00000
2203.50000   398000.00000   0000.00000
2206.50000   398000.00000   0000.00000
2209.50000   398000.00000   0000.00000
2212.50000   398000.00000   0000.00000
2215.50000   398000.00000   0000.00000
2218.50000   398000.00000   0000.00000
2221.50000   398000.00000   0000.00000
2224.50000   398000.00000   0000.00000
2227.50000   398000.00000   0000.00000
2230.50000   398000.00000   0000.00000
2233.50000   398000.00000   0000.00000
2236.50000   398000.00000   0000.00000
2239.50000   398000.00000   0000.00000
2242.50000   398000.00000   0000.00000
2245.50000   398000.00000   0000.00000
2248.50000   398000.00000   0000.00000
2251.50000   398000.00000   0000.00000
2254.50000   398000.00000   0000.00000
2257.50000   398000.00000   0000.00000
2260.50000   398000.00000   0000.00000
2263.50000   398000.00000   0000.00000
2266.50000   398000.00000   0000.00000
2269.50000   398000.00000   0000.00000
2272.50000   398000.00000   0000.00000
2275.50000   398000.00000   0000.00000
2278.50000   398000.00000   0000.00000
2281.50000   398000.00000   0000.00000
2284.50000   398000.00000   0000.00000
2287.50000   398000.00000   0000.00000
2290.50000   398000.00000   0000.00000
2293.50000   398000.00000   0000.00000
2296.50000   398000.00000   0000.00000
2299.50000   398000.00000   0000.00000
2302.50000   398000.00000   0000.00000
2305.50000   398000.00000   0000.00000
2308.50000   398000.00000   0000.00000
2311.50000   398000.00000   0000.00000
2314.50000   398000.00000   0000.00000
2317.50000   398000.00000   0000.00000
2320.50000   398000.00000   0000.00000
2323.50000   398000.00000   0000.00000
2326.50000   398000.00000   0000.00000
2329.50000   398000.00000   0000.00000
2332.50000   398000.00000   0000.00000
2335.50000   398000.00000   0000.00000
2338.50000   398000.00000   0000.00000
2341.50000   398000.00000   0000.00000
2344.50000   398000.00000   0000.00000
2347.50000   398000.00000   0000.00000
2350.50000   398000.00000   0000.00000
2353.50000   398000.00000   0000.00000
2356.50000   398000.00000   0000.00000
2359.50000   398000.00000   0000.00000
2362.50000   398000.00000   0000.00000
2365.50000   398000.00000   0000.00000
2368.50000   398000.00000   0000.00000
2371.50000   398000.00000   0000.00000
2374.50000   398000.00000   0000.00000
2377.50000   398000.00000   0000.00000
2380.50000   398000.00000   0000.00000
2383.50000   398000.00000   0000.00000
2386.50000   398000.00000   0000.00000
2389.50000   398000.00000   0000.00000
2392.50000   398000.00000   0000.00000
2395.50000   398000.00000   0000.00000
2398.50000   398000.00000   0000.00000
2401.50000   398000.00000   0000.00000
2404.50000   398000.00000   0000.00000
2407.50000   398000.00000   0000.00000
2410.50000   398000.00000   0000.00000
2413.50000   398000.00000   0000.00000
2416.50000   398000.00000   0000.00000
2419.50000   398000.00000   0000.00000
2422.50000   398000.00000   0000.00000
2425.50000   398000.00000   0000.00000
2428.50000   398000.00000   0000.00000
2431.50000   398000.00000   0000.00000
2434.50000   398000.00000   0000.00000
2437.50000   398000.00000   0000.00000
2440.50000   398000.00000   0000.00000
2443.50000   398000.00000   0000.00000
2446.50000   398000.00000   0000.00000
2449.50000   398000.00000   0000.00000
2452.50000   398000.00000   0000.00000
2455.50000   398000.00000   0000.00000
2458.50000   398000.00000   0000.00000
2461.50000   398000.00000   0000.00000
2464.50000   398000.00000   0000.00000
2467.50000   398000.00000   0000.00000
2470.50000   398000.00000   0000.00000
2473.50000   398000.00000   0000.00000
2476.50000   398000.00000   0000.00000
2479.50000   398000.00000   0000.00000
2482.50000   398000.00000   0000.00000
2485.50000   398000.00000   0000.00000
2488.50000   398000.00000   0000.00000
2491.50000   398000.00000   0000.00000
2494.50000   398000.00000   0000.00000
2497.50000   398000.00000   0000.00000
2500.50000   398000.00000   0000.00000
2503.50000   398000.00000   0000.00000
2506.50000   398000.00000   0000.00000
2509.50000   398000.00000   0000.00000
2512.50000   398000.00000   0000.00000
2515.50000   398000.00000   0000.00000
2518.50000   398000.00000   0000.00000
2521.50000   398000.00000   0000.00000
2524.50000   398000.00000   0000.00000
2527.50000   398000.00000   0000.00000
2530.50000   398000.00000   0000.00000
2533.50000   398000.00000   0000.00000
2536.50000   398000.00000   0000.00000
2539.50000   398000.00000   0000.00000
2542.50000   398000.00000   0000.00000
2545.50000   398000.00000   0000.00000
2548.50000   398000.00000   0000.00000
2551.50000   398000.00000   0000.00000
2554.50000   398000.00000   0000.00000
2557.50000   398000.00000   0000.00000
2560.50000   398000.00000   0000.00000
2563.50000   398000.00000   0000.00000
2566.50000   398000.00000   0000.00000
2569.50000   398000.00000   0000.00000
2572.50000   398000.00000   0000.00000
2575.50000   398000.00000   0000.00000
2578.50000   398000.00000   0000.00000
2581.50000   398000.00000   0000.00000
2584.50000   398000.00000   0000.00000
2587.50000   398000.00000   0000.00000
2590.50000   398000.00000   0000.00000
2593.50000   398000.00000   0000.00000
2596.50000   398000.00000   0000.00000
2599.50000   398000.00000   0000.00000
2602.50000   398000.00000   0000.00000
2605.50000   398000.00000   0000.00000
2608.50000   398000.00000   0000.00000
2611.50000   398000.00000   0000.00000
2614.50000   398000.00000   0000.00000
2617.50000   398000.00000   0000.00000
2620.50000   398000.00000   0000.00000
2623.50000   398000.00000   0000.00000
2626.50000   398000.00000   0000.00000
2629.50000   398000.00000   0000.00000
2632.50000   398000.00000   0000.00000
2635.50000   398000.00000   0000.00000
2638.50000   398000.00000   0000.00000
2641.50000   398000.00000   0000.00000
2644.50000   398000.00000   0000.00000
2647.50000   398000.00000   0000.00000
2650.50000   398000.00000   0000.00000
2653.50000   398000.00000   0000.00000
2656.50000   398000.00000   0000.00000
2659.50000   398000.00000   0000.00000
2662.50000   398000.00000   0000.00000
2665.50000   398000.00000   0000.00000
2668.50000   398000.00000   0000.00000
2671.50000   398000.00000   0000.00000
2674.50000   398000.00000   0000.00000
2677.50000   398000.00000   0000.00000
2680.50000   398000.00000   0000.00000
2683.50000   398000.00000   0000.00000
2686.50000   398000.00000   0000.00000
2689.50000   398000.00000   0000.00000
2692.50000   398000.00000   0000.00000
2695.50000   398000.00000   0000.00000
2698.50000   398000.00000   0000.00000
2701.50000   398000.00000   0000.00000
2704.50000   398000.00000   0000.00000
2707.50000   398000.00000   0000.00000
2710.50000   398000.00000   0000.00000
2713.50000   398000.00000   0000.00000
2716.50000   398000.00000   0000.00000
2719.50000   398000.00000   0000.00000
2722.50000   398000.00000   0000.00000
2725.50000   398000.00000   0000.00000
2728.50000   398000.00000   0000.00000
2731.50000   398000.00000   0000.00000
2734.50000   398000.00000   0000.00000
2737.50000   398000.00000   0000.00000
2740.50000   398000.00000   0000.00000
2743.50000   398000.00000   0000.00000
2746.50000   398000.00000   0000.00000
2749.50000   398000.00000   0000.00000
2752.50000   398000.00000   0000.00000
2755.50000   398000.00000   0000.00000
2758.50000   398000.00000   0000.00000
2761.50000   398000.00000   0000.00000
2764.50000   398000.00000   0000.00000
2767.50000   398000.00000   0000.00000
2770.50000   398000.00000   0000.00000
2773.50000   398000.00000   0000.00000
2776.50000   398000.00000   0000.00000
2779.50000   398000.00000   0000.00000
2782.50000   398000.00000   0000.00000
2785.50000   398000.00000   0000.00000
2788.50000   398000.00000   0000.00000
2791.50000   398000.00000   0000.00000
2794.50000   398000.00000   0000.00000
2797.50000   398000.00000   0000.00000
2800.50000   398000.00000   0000.00000
