# Scalar Input-file high resolution 
#  height    CO2   
0003.00000   491500.00000   0000.00000
0009.00000   447500.00000   0000.00000
0015.00000   435000.00000   0000.00000
0021.00000   435642.85715   0000.00000
0027.00000   436500.00000   0000.00000
0033.00000   437357.14285   0000.00000
0039.00000   438000.00000   0000.00000
0045.00000   438000.00000   0000.00000
0051.00000   438000.00000   0000.00000
0057.00000   438000.00000   0000.00000
0063.00000   438000.00000   0000.00000
0069.00000   438000.00000   0000.00000
0075.00000   438000.00000   0000.00000
0081.00000   438000.00000   0000.00000
0087.00000   438000.00000   0000.00000
0093.00000   438000.00000   0000.00000
0099.00000   438000.00000   0000.00000
0105.00000   438000.00000   0000.00000
0111.00000   437187.50000   0000.00000
0117.00000   433450.00000   0000.00000
0123.00000   429550.00000   0000.00000
0129.00000   425812.50000   0000.00000
0135.00000   425000.00000   0000.00000
0141.00000   425000.00000   0000.00000
0147.00000   425000.00000   0000.00000
0153.00000   425000.00000   0000.00000
0159.00000   425000.00000   0000.00000
0165.00000   425000.00000   0000.00000
0171.00000   424687.50000   0000.00000
0177.00000   423250.00000   0000.00000
0183.00000   421750.00000   0000.00000
0189.00000   420312.50000   0000.00000
0195.00000   420000.00000   0000.00000
0201.00000   420000.00000   0000.00000
0207.00000   420000.00000   0000.00000
0213.00000   420000.00000   0000.00000
0219.00000   420000.00000   0000.00000
0225.00000   420000.00000   0000.00000
0231.00000   420000.00000   0000.00000
0237.00000   420000.00000   0000.00000
0243.00000   420000.00000   0000.00000
0249.00000   420000.00000   0000.00000
0255.00000   420000.00000   0000.00000
0261.00000   420000.00000   0000.00000
0267.00000   420000.00000   0000.00000
0273.00000   420000.00000   0000.00000
0279.00000   420000.00000   0000.00000
0285.00000   420000.00000   0000.00000
0291.00000   419562.50000   0000.00000
0297.00000   417550.00000   0000.00000
0303.00000   415450.00000   0000.00000
0309.00000   413437.50000   0000.00000
0315.00000   413000.00000   0000.00000
0321.00000   413000.00000   0000.00000
0327.00000   413000.00000   0000.00000
0333.00000   413000.00000   0000.00000
0339.00000   413000.00000   0000.00000
0345.00000   413000.00000   0000.00000
0351.00000   413000.00000   0000.00000
0357.00000   413000.00000   0000.00000
0363.00000   413000.00000   0000.00000
0369.00000   413000.00000   0000.00000
0375.00000   413000.00000   0000.00000
0381.00000   413000.00000   0000.00000
0387.00000   413000.00000   0000.00000
0393.00000   413000.00000   0000.00000
0399.00000   413000.00000   0000.00000
0405.00000   413000.00000   0000.00000
0411.00000   413000.00000   0000.00000
0417.00000   413000.00000   0000.00000
0423.00000   413000.00000   0000.00000
0429.00000   413000.00000   0000.00000
0435.00000   413000.00000   0000.00000
0441.00000   413000.00000   0000.00000
0447.00000   413000.00000   0000.00000
0453.00000   412250.00000   0000.00000
0459.00000   410750.00000   0000.00000
0465.00000   409250.00000   0000.00000
0471.00000   408062.50000   0000.00000
0477.00000   408000.00000   0000.00000
0483.00000   408000.00000   0000.00000
0489.00000   408000.00000   0000.00000
0495.00000   408000.00000   0000.00000
0501.00000   408000.00000   0000.00000
0507.00000   408000.00000   0000.00000
0513.00000   408000.00000   0000.00000
0519.00000   408000.00000   0000.00000
0525.00000   408000.00000   0000.00000
0531.00000   407125.00000   0000.00000
0537.00000   403100.00000   0000.00000
0543.00000   398900.00000   0000.00000
0549.00000   394875.00000   0000.00000
0555.00000   394000.00000   0000.00000
0561.00000   394000.00000   0000.00000
0567.00000   394000.00000   0000.00000
0573.00000   394000.00000   0000.00000
0579.00000   394000.00000   0000.00000
0585.00000   394000.00000   0000.00000
0591.00000   394000.00000   0000.00000
0597.00000   394000.00000   0000.00000
0603.00000   394000.00000   0000.00000
0609.00000   394000.00000   0000.00000
0615.00000   394000.00000   0000.00000
0621.00000   394000.00000   0000.00000
0627.00000   394000.00000   0000.00000
0633.00000   394000.00000   0000.00000
0639.00000   394000.00000   0000.00000
0645.00000   394000.00000   0000.00000
0651.00000   394000.00000   0000.00000
0657.00000   394000.00000   0000.00000
0663.00000   394000.00000   0000.00000
0669.00000   394000.00000   0000.00000
0675.00000   394000.00000   0000.00000
0681.00000   394000.00000   0000.00000
0687.00000   394000.00000   0000.00000
0693.00000   394000.00000   0000.00000
0699.00000   394000.00000   0000.00000
0705.00000   394000.00000   0000.00000
0711.00000   394000.00000   0000.00000
0717.00000   394000.00000   0000.00000
0723.00000   394000.00000   0000.00000
0729.00000   394000.00000   0000.00000
0735.00000   394000.00000   0000.00000
0741.00000   394000.00000   0000.00000
0747.00000   394000.00000   0000.00000
0753.00000   394000.00000   0000.00000
0759.00000   394000.00000   0000.00000
0765.00000   394000.00000   0000.00000
0771.00000   394000.00000   0000.00000
0777.00000   394000.00000   0000.00000
0783.00000   394000.00000   0000.00000
0789.00000   394000.00000   0000.00000
0795.00000   394000.00000   0000.00000
0801.00000   394000.00000   0000.00000
0807.00000   394000.00000   0000.00000
0813.00000   394000.00000   0000.00000
0819.00000   394000.00000   0000.00000
0825.00000   394000.00000   0000.00000
0831.00000   394000.00000   0000.00000
0837.00000   394000.00000   0000.00000
0843.00000   394000.00000   0000.00000
0849.00000   394000.00000   0000.00000
0855.00000   394000.00000   0000.00000
0861.00000   394000.00000   0000.00000
0867.00000   394000.00000   0000.00000
0873.00000   394000.00000   0000.00000
0879.00000   394000.00000   0000.00000
0885.00000   394000.00000   0000.00000
0891.00000   394000.00000   0000.00000
0897.00000   394000.00000   0000.00000
0903.00000   394000.00000   0000.00000
0909.00000   394000.00000   0000.00000
0915.00000   394000.00000   0000.00000
0921.00000   394000.00000   0000.00000
0927.00000   394000.00000   0000.00000
0933.00000   394000.00000   0000.00000
0939.00000   394000.00000   0000.00000
0945.00000   394000.00000   0000.00000
0951.00000   394000.00000   0000.00000
0957.00000   394000.00000   0000.00000
0963.00000   394000.00000   0000.00000
0969.00000   394000.00000   0000.00000
0975.00000   394000.00000   0000.00000
0981.00000   394000.00000   0000.00000
0987.00000   394000.00000   0000.00000
0993.00000   394000.00000   0000.00000
0999.00000   394000.00000   0000.00000
1005.00000   394000.00000   0000.00000
1011.00000   394000.00000   0000.00000
1017.00000   394000.00000   0000.00000
1023.00000   394000.00000   0000.00000
1029.00000   394000.00000   0000.00000
1035.00000   394000.00000   0000.00000
1041.00000   394000.00000   0000.00000
1047.00000   394000.00000   0000.00000
1053.00000   394000.00000   0000.00000
1059.00000   394000.00000   0000.00000
1065.00000   394000.00000   0000.00000
1071.00000   394000.00000   0000.00000
1077.00000   394000.00000   0000.00000
1083.00000   394000.00000   0000.00000
1089.00000   394000.00000   0000.00000
1095.00000   394000.00000   0000.00000
1101.00000   394000.00000   0000.00000
1107.00000   394000.00000   0000.00000
1113.00000   394000.00000   0000.00000
1119.00000   394000.00000   0000.00000
1125.00000   394000.00000   0000.00000
1131.00000   394000.00000   0000.00000
1137.00000   394000.00000   0000.00000
1143.00000   394000.00000   0000.00000
1149.00000   394000.00000   0000.00000
1155.00000   394000.00000   0000.00000
1161.00000   394000.00000   0000.00000
1167.00000   394000.00000   0000.00000
1173.00000   394000.00000   0000.00000
1179.00000   394000.00000   0000.00000
1185.00000   394000.00000   0000.00000
1191.00000   394000.00000   0000.00000
1197.00000   394000.00000   0000.00000
1203.00000   394000.00000   0000.00000
1209.00000   394000.00000   0000.00000
1215.00000   394000.00000   0000.00000
1221.00000   394000.00000   0000.00000
1227.00000   394000.00000   0000.00000
1233.00000   394000.00000   0000.00000
1239.00000   394000.00000   0000.00000
1245.00000   394000.00000   0000.00000
1251.00000   394000.00000   0000.00000
1257.00000   394000.00000   0000.00000
1263.00000   394000.00000   0000.00000
1269.00000   394000.00000   0000.00000
1275.00000   394000.00000   0000.00000
1281.00000   394000.00000   0000.00000
1287.00000   394000.00000   0000.00000
1293.00000   394000.00000   0000.00000
1299.00000   394000.00000   0000.00000
1305.00000   394000.00000   0000.00000
1311.00000   394000.00000   0000.00000
1317.00000   394000.00000   0000.00000
1323.00000   394000.00000   0000.00000
1329.00000   394050.00000   0000.00000
1335.00000   395000.00000   0000.00000
1341.00000   396200.00000   0000.00000
1347.00000   397400.00000   0000.00000
1353.00000   398000.00000   0000.00000
1359.00000   398000.00000   0000.00000
1365.00000   398000.00000   0000.00000
1371.00000   398000.00000   0000.00000
1377.00000   398000.00000   0000.00000
1383.00000   398000.00000   0000.00000
1389.00000   398000.00000   0000.00000
1395.00000   398000.00000   0000.00000
1401.00000   398000.00000   0000.00000
1407.00000   398000.00000   0000.00000
1413.00000   398000.00000   0000.00000
1419.00000   398000.00000   0000.00000
1425.00000   398000.00000   0000.00000
1431.00000   398000.00000   0000.00000
1437.00000   398000.00000   0000.00000
1443.00000   398000.00000   0000.00000
1449.00000   398000.00000   0000.00000
1455.00000   398000.00000   0000.00000
1461.00000   398000.00000   0000.00000
1467.00000   398000.00000   0000.00000
1473.00000   398000.00000   0000.00000
1479.00000   398000.00000   0000.00000
1485.00000   398000.00000   0000.00000
1491.00000   398000.00000   0000.00000
1497.00000   398000.00000   0000.00000
1503.00000   398000.00000   0000.00000
1509.00000   398000.00000   0000.00000
1515.00000   398000.00000   0000.00000
1521.00000   398000.00000   0000.00000
1527.00000   398000.00000   0000.00000
1533.00000   398000.00000   0000.00000
1539.00000   398000.00000   0000.00000
1545.00000   398000.00000   0000.00000
1551.00000   398000.00000   0000.00000
1557.00000   398000.00000   0000.00000
1563.00000   398000.00000   0000.00000
1569.00000   398000.00000   0000.00000
1575.00000   398000.00000   0000.00000
1581.00000   398000.00000   0000.00000
1587.00000   398000.00000   0000.00000
1593.00000   398000.00000   0000.00000
1599.00000   398000.00000   0000.00000
1605.00000   398000.00000   0000.00000
1611.00000   398000.00000   0000.00000
1617.00000   398000.00000   0000.00000
1623.00000   398000.00000   0000.00000
1629.00000   398000.00000   0000.00000
1635.00000   398000.00000   0000.00000
1641.00000   398000.00000   0000.00000
1647.00000   398000.00000   0000.00000
1653.00000   398000.00000   0000.00000
1659.00000   398000.00000   0000.00000
1665.00000   398000.00000   0000.00000
1671.00000   398000.00000   0000.00000
1677.00000   398000.00000   0000.00000
1683.00000   398000.00000   0000.00000
1689.00000   398000.00000   0000.00000
1695.00000   398000.00000   0000.00000
1701.00000   398000.00000   0000.00000
1707.00000   398000.00000   0000.00000
1713.00000   398000.00000   0000.00000
1719.00000   398000.00000   0000.00000
1725.00000   398000.00000   0000.00000
1731.00000   398000.00000   0000.00000
1737.00000   398000.00000   0000.00000
1743.00000   398000.00000   0000.00000
1749.00000   398000.00000   0000.00000
1755.00000   398000.00000   0000.00000
1761.00000   398000.00000   0000.00000
1767.00000   398000.00000   0000.00000
1773.00000   398000.00000   0000.00000
1779.00000   398000.00000   0000.00000
1785.00000   398000.00000   0000.00000
1791.00000   398000.00000   0000.00000
1797.00000   398000.00000   0000.00000
1803.00000   398000.00000   0000.00000
1809.00000   398000.00000   0000.00000
1815.00000   398000.00000   0000.00000
1821.00000   398000.00000   0000.00000
1827.00000   398000.00000   0000.00000
1833.00000   398000.00000   0000.00000
1839.00000   398000.00000   0000.00000
1845.00000   398000.00000   0000.00000
1851.00000   398000.00000   0000.00000
1857.00000   398000.00000   0000.00000
1863.00000   398000.00000   0000.00000
1869.00000   398000.00000   0000.00000
1875.00000   398000.00000   0000.00000
1881.00000   398000.00000   0000.00000
1887.00000   398000.00000   0000.00000
1893.00000   398000.00000   0000.00000
1899.00000   398000.00000   0000.00000
1905.00000   398000.00000   0000.00000
1911.00000   398000.00000   0000.00000
1917.00000   398000.00000   0000.00000
1923.00000   398000.00000   0000.00000
1929.00000   398000.00000   0000.00000
1935.00000   398000.00000   0000.00000
1941.00000   398000.00000   0000.00000
1947.00000   398000.00000   0000.00000
1953.00000   398000.00000   0000.00000
1959.00000   398000.00000   0000.00000
1965.00000   398000.00000   0000.00000
1971.00000   398000.00000   0000.00000
1977.00000   398000.00000   0000.00000
1983.00000   398000.00000   0000.00000
1989.00000   398000.00000   0000.00000
1995.00000   398000.00000   0000.00000
2001.00000   398000.00000   0000.00000
2007.00000   398000.00000   0000.00000
2013.00000   398000.00000   0000.00000
2019.00000   398000.00000   0000.00000
2025.00000   398000.00000   0000.00000
2031.00000   398000.00000   0000.00000
2037.00000   398000.00000   0000.00000
2043.00000   398000.00000   0000.00000
2049.00000   398000.00000   0000.00000
2055.00000   398000.00000   0000.00000
2061.00000   398000.00000   0000.00000
2067.00000   398000.00000   0000.00000
2073.00000   398000.00000   0000.00000
2079.00000   398000.00000   0000.00000
2085.00000   398000.00000   0000.00000
2091.00000   398000.00000   0000.00000
2097.00000   398000.00000   0000.00000
2103.00000   398000.00000   0000.00000
2109.00000   398000.00000   0000.00000
2115.00000   398000.00000   0000.00000
2121.00000   398000.00000   0000.00000
2127.00000   398000.00000   0000.00000
2133.00000   398000.00000   0000.00000
2139.00000   398000.00000   0000.00000
2145.00000   398000.00000   0000.00000
2151.00000   398000.00000   0000.00000
2157.00000   398000.00000   0000.00000
2163.00000   398000.00000   0000.00000
2169.00000   398000.00000   0000.00000
2175.00000   398000.00000   0000.00000
2181.00000   398000.00000   0000.00000
2187.00000   398000.00000   0000.00000
2193.00000   398000.00000   0000.00000
2199.00000   398000.00000   0000.00000
2205.00000   398000.00000   0000.00000
2211.00000   398000.00000   0000.00000
2217.00000   398000.00000   0000.00000
2223.00000   398000.00000   0000.00000
2229.00000   398000.00000   0000.00000
2235.00000   398000.00000   0000.00000
2241.00000   398000.00000   0000.00000
2247.00000   398000.00000   0000.00000
2253.00000   398000.00000   0000.00000
2259.00000   398000.00000   0000.00000
2265.00000   398000.00000   0000.00000
2271.00000   398000.00000   0000.00000
2277.00000   398000.00000   0000.00000
2283.00000   398000.00000   0000.00000
2289.00000   398000.00000   0000.00000
2295.00000   398000.00000   0000.00000
2301.00000   398000.00000   0000.00000
2307.00000   398000.00000   0000.00000
2313.00000   398000.00000   0000.00000
2319.00000   398000.00000   0000.00000
2325.00000   398000.00000   0000.00000
2331.00000   398000.00000   0000.00000
2337.00000   398000.00000   0000.00000
2343.00000   398000.00000   0000.00000
2349.00000   398000.00000   0000.00000
2355.00000   398000.00000   0000.00000
2361.00000   398000.00000   0000.00000
2367.00000   398000.00000   0000.00000
2373.00000   398000.00000   0000.00000
2379.00000   398000.00000   0000.00000
2385.00000   398000.00000   0000.00000
2391.00000   398000.00000   0000.00000
2397.00000   398000.00000   0000.00000
2403.00000   398000.00000   0000.00000
2409.00000   398000.00000   0000.00000
2415.00000   398000.00000   0000.00000
2421.00000   398000.00000   0000.00000
2427.00000   398000.00000   0000.00000
2433.00000   398000.00000   0000.00000
2439.00000   398000.00000   0000.00000
2445.00000   398000.00000   0000.00000
2451.00000   398000.00000   0000.00000
2457.00000   398000.00000   0000.00000
2463.00000   398000.00000   0000.00000
2469.00000   398000.00000   0000.00000
2475.00000   398000.00000   0000.00000
2481.00000   398000.00000   0000.00000
2487.00000   398000.00000   0000.00000
2493.00000   398000.00000   0000.00000
2499.00000   398000.00000   0000.00000
2505.00000   398000.00000   0000.00000
2511.00000   398000.00000   0000.00000
2517.00000   398000.00000   0000.00000
2523.00000   398000.00000   0000.00000
2529.00000   398000.00000   0000.00000
2535.00000   398000.00000   0000.00000
2541.00000   398000.00000   0000.00000
2547.00000   398000.00000   0000.00000
2553.00000   398000.00000   0000.00000
2559.00000   398000.00000   0000.00000
2565.00000   398000.00000   0000.00000
2571.00000   398000.00000   0000.00000
2577.00000   398000.00000   0000.00000
2583.00000   398000.00000   0000.00000
2589.00000   398000.00000   0000.00000
2595.00000   398000.00000   0000.00000
2601.00000   398000.00000   0000.00000
2607.00000   398000.00000   0000.00000
2613.00000   398000.00000   0000.00000
2619.00000   398000.00000   0000.00000
2625.00000   398000.00000   0000.00000
2631.00000   398000.00000   0000.00000
2637.00000   398000.00000   0000.00000
2643.00000   398000.00000   0000.00000
2649.00000   398000.00000   0000.00000
2655.00000   398000.00000   0000.00000
2661.00000   398000.00000   0000.00000
2667.00000   398000.00000   0000.00000
2673.00000   398000.00000   0000.00000
2679.00000   398000.00000   0000.00000
2685.00000   398000.00000   0000.00000
2691.00000   398000.00000   0000.00000
2697.00000   398000.00000   0000.00000
2703.00000   398000.00000   0000.00000
2709.00000   398000.00000   0000.00000
2715.00000   398000.00000   0000.00000
2721.00000   398000.00000   0000.00000
2727.00000   398000.00000   0000.00000
2733.00000   398000.00000   0000.00000
2739.00000   398000.00000   0000.00000
2745.00000   398000.00000   0000.00000
2751.00000   398000.00000   0000.00000
2757.00000   398000.00000   0000.00000
2763.00000   398000.00000   0000.00000
2769.00000   398000.00000   0000.00000
2775.00000   398000.00000   0000.00000
2781.00000   398000.00000   0000.00000
2787.00000   398000.00000   0000.00000
2793.00000   398000.00000   0000.00000
2799.00000   398000.00000   0000.00000
