#AGS case
#z   CO2   Inert
    6.00  418000.0       0.0
   18.00  418000.0       0.0
   30.00  418000.0       0.0
   42.00  418000.0       0.0
   54.00  418000.0       0.0
   66.00  418000.0       0.0
   78.00  418000.0       0.0
   90.00  418000.0       0.0
  102.00  418000.0       0.0
  114.00  418000.0       0.0
  126.00  374000.0       1.0
  138.00  374000.0       1.0
  150.00  374000.0       1.0
  162.00  374000.0       1.0
  174.00  374000.0       1.0
  186.00  374000.0       1.0
  198.00  374000.0       1.0
  210.00  374000.0       1.0
  222.00  374000.0       1.0
  234.00  374000.0       1.0
  246.00  374000.0       1.0
  258.00  374000.0       1.0
  270.00  374000.0       1.0
  282.00  374000.0       1.0
  294.00  374000.0       1.0
  306.00  374000.0       1.0
  318.00  374000.0       1.0
  330.00  374000.0       1.0
  342.00  374000.0       1.0
  354.00  374000.0       1.0
  366.00  374000.0       1.0
  378.00  374000.0       1.0
  390.00  374000.0       1.0
  402.00  374000.0       1.0
  414.00  374000.0       1.0
  426.00  374000.0       1.0
  438.00  374000.0       1.0
  450.00  374000.0       1.0
  462.00  374000.0       1.0
  474.00  374000.0       1.0
  486.00  374000.0       1.0
  498.00  374000.0       1.0
  510.00  374000.0       1.0
  522.00  374000.0       1.0
  534.00  374000.0       1.0
  546.00  374000.0       1.0
  558.00  374000.0       1.0
  570.00  374000.0       1.0
  582.00  374000.0       1.0
  594.00  374000.0       1.0
  606.00  374000.0       1.0
  618.00  374000.0       1.0
  630.00  374000.0       1.0
  642.00  374000.0       1.0
  654.00  374000.0       1.0
  666.00  374000.0       1.0
  678.00  374000.0       1.0
  690.00  374000.0       1.0
  702.00  374000.0       1.0
  714.00  374000.0       1.0
  726.00  374000.0       1.0
  738.00  374000.0       1.0
  750.00  374000.0       1.0
  762.00  374000.0       1.0
  774.00  374000.0       1.0
  786.00  374000.0       1.0
  798.00  374000.0       1.0
  810.00  374000.0       1.0
  822.00  374000.0       1.0
  834.00  374000.0       1.0
  846.00  374000.0       1.0
  858.00  374000.0       1.0
  870.00  374000.0       1.0
  882.00  374000.0       1.0
  894.00  374000.0       1.0
  906.00  374000.0       1.0
  918.00  374000.0       1.0
  930.00  374000.0       1.0
  942.00  374000.0       1.0
  954.00  374000.0       1.0
  966.00  374000.0       1.0
  978.00  374000.0       1.0
  990.00  374000.0       1.0
 1002.00  374000.0       1.0
 1014.00  374000.0       1.0
 1026.00  374000.0       1.0
 1038.00  374000.0       1.0
 1050.00  374000.0       1.0
 1062.00  374000.0       1.0
 1074.00  374000.0       1.0
 1086.00  374000.0       1.0
 1098.00  374000.0       1.0
 1110.00  374000.0       1.0
 1122.00  374000.0       1.0
 1134.00  374000.0       1.0
 1146.00  374000.0       1.0
 1158.00  374000.0       1.0
 1170.00  374000.0       1.0
 1182.00  374000.0       1.0
 1194.00  374000.0       1.0
 1206.00  374000.0       1.0
 1218.00  374000.0       1.0
 1230.00  374000.0       1.0
 1242.00  374000.0       1.0
 1254.00  374000.0       1.0
 1266.00  374000.0       1.0
 1278.00  374000.0       1.0
 1290.00  374000.0       1.0
 1302.00  374000.0       1.0
 1314.00  374000.0       1.0
 1326.00  374000.0       1.0
 1338.00  374000.0       1.0
 1350.00  374000.0       1.0
 1362.00  374000.0       1.0
 1374.00  374000.0       1.0
 1386.00  374000.0       1.0
 1398.00  374000.0       1.0
 1410.00  374000.0       1.0
 1422.00  374000.0       1.0
 1434.00  374000.0       1.0
 1446.00  374000.0       1.0
 1458.00  374000.0       1.0
 1470.00  374000.0       1.0
 1482.00  374000.0       1.0
 1494.00  374000.0       1.0
 1506.00  374000.0       1.0
 1518.00  374000.0       1.0
 1530.00  374000.0       1.0
 1542.00  374000.0       1.0
 1554.00  374000.0       1.0
 1566.00  374000.0       1.0
 1578.00  374000.0       1.0
 1590.00  374000.0       1.0
 1602.00  374000.0       1.0
 1614.00  374000.0       1.0
 1626.00  374000.0       1.0
 1638.00  374000.0       1.0
 1650.00  374000.0       1.0
 1662.00  374000.0       1.0
 1674.00  374000.0       1.0
 1686.00  374000.0       1.0
 1698.00  374000.0       1.0
 1710.00  374000.0       1.0
 1722.00  374000.0       1.0
 1734.00  374000.0       1.0
 1746.00  374000.0       1.0
 1758.00  374000.0       1.0
 1770.00  374000.0       1.0
 1782.00  374000.0       1.0
 1794.00  374000.0       1.0
 1806.00  374000.0       1.0
 1818.00  374000.0       1.0
 1830.00  374000.0       1.0
 1842.00  374000.0       1.0
 1854.00  374000.0       1.0
 1866.00  374000.0       1.0
 1878.00  374000.0       1.0
 1890.00  374000.0       1.0
 1902.00  374000.0       1.0
 1914.00  374000.0       1.0
 1926.00  374000.0       1.0
 1938.00  374000.0       1.0
 1950.00  374000.0       1.0
 1962.00  374000.0       1.0
 1974.00  374000.0       1.0
 1986.00  374000.0       1.0
 1998.00  374000.0       1.0
 2010.00  374000.0       1.0
 2022.00  374000.0       1.0
 2034.00  374000.0       1.0
 2046.00  374000.0       1.0
 2058.00  374000.0       1.0
 2070.00  374000.0       1.0
 2082.00  374000.0       1.0
 2094.00  374000.0       1.0
 2106.00  374000.0       1.0
 2118.00  374000.0       1.0
 2130.00  374000.0       1.0
 2142.00  374000.0       1.0
 2154.00  374000.0       1.0
 2166.00  374000.0       1.0
 2178.00  374000.0       1.0
 2190.00  374000.0       1.0
 2202.00  374000.0       1.0
 2214.00  374000.0       1.0
 2226.00  374000.0       1.0
 2238.00  374000.0       1.0
 2250.00  374000.0       1.0
 2262.00  374000.0       1.0
 2274.00  374000.0       1.0
 2286.00  374000.0       1.0
 2298.00  374000.0       1.0
 2310.00  374000.0       1.0
 2322.00  374000.0       1.0
 2334.00  374000.0       1.0
 2346.00  374000.0       1.0
 2358.00  374000.0       1.0
 2370.00  374000.0       1.0
 2382.00  374000.0       1.0
 2394.00  374000.0       1.0
 2406.00  374000.0       1.0
 2418.00  374000.0       1.0
 2430.00  374000.0       1.0
 2442.00  374000.0       1.0
 2454.00  374000.0       1.0
 2466.00  374000.0       1.0
 2478.00  374000.0       1.0
 2490.00  374000.0       1.0
 2502.00  374000.0       1.0
 2514.00  374000.0       1.0
 2526.00  374000.0       1.0
 2538.00  374000.0       1.0
 2550.00  374000.0       1.0
 2562.00  374000.0       1.0
 2574.00  374000.0       1.0
 2586.00  374000.0       1.0
 2598.00  374000.0       1.0
 2610.00  374000.0       1.0
 2622.00  374000.0       1.0
 2634.00  374000.0       1.0
 2646.00  374000.0       1.0
 2658.00  374000.0       1.0
 2670.00  374000.0       1.0
 2682.00  374000.0       1.0
 2694.00  374000.0       1.0
 2706.00  374000.0       1.0
 2718.00  374000.0       1.0
 2730.00  374000.0       1.0
 2742.00  374000.0       1.0
 2754.00  374000.0       1.0
 2766.00  374000.0       1.0
 2778.00  374000.0       1.0
 2790.00  374000.0       1.0
 2802.00  374000.0       1.0
 2814.00  374000.0       1.0
 2826.00  374000.0       1.0
 2838.00  374000.0       1.0
 2850.00  374000.0       1.0
 2862.00  374000.0       1.0
 2874.00  374000.0       1.0
 2886.00  374000.0       1.0
 2898.00  374000.0       1.0
 2910.00  374000.0       1.0
 2922.00  374000.0       1.0
 2934.00  374000.0       1.0
 2946.00  374000.0       1.0
 2958.00  374000.0       1.0
 2970.00  374000.0       1.0
 2982.00  374000.0       1.0
 2994.00  374000.0       1.0
 3006.00  374000.0       1.0
 3018.00  374000.0       1.0
 3030.00  374000.0       1.0
 3042.00  374000.0       1.0
 3054.00  374000.0       1.0
 3066.00  374000.0       1.0
 3078.00  374000.0       1.0
 3090.00  374000.0       1.0
 3102.00  374000.0       1.0
 3114.00  374000.0       1.0
 3126.00  374000.0       1.0
 3138.00  374000.0       1.0
 3150.00  374000.0       1.0
 3162.00  374000.0       1.0
 3174.00  374000.0       1.0
 3186.00  374000.0       1.0
 3198.00  374000.0       1.0
 3210.00  374000.0       1.0
 3222.00  374000.0       1.0
 3234.00  374000.0       1.0
 3246.00  374000.0       1.0
 3258.00  374000.0       1.0
 3270.00  374000.0       1.0
 3282.00  374000.0       1.0
 3294.00  374000.0       1.0
 3306.00  374000.0       1.0
 3318.00  374000.0       1.0
 3330.00  374000.0       1.0
 3342.00  374000.0       1.0
 3354.00  374000.0       1.0
 3366.00  374000.0       1.0
 3378.00  374000.0       1.0
 3390.00  374000.0       1.0
 3402.00  374000.0       1.0
 3414.00  374000.0       1.0
 3426.00  374000.0       1.0
 3438.00  374000.0       1.0
 3450.00  374000.0       1.0
 3462.00  374000.0       1.0
 3474.00  374000.0       1.0
 3486.00  374000.0       1.0
 3498.00  374000.0       1.0
 3510.00  374000.0       1.0
 3522.00  374000.0       1.0
 3534.00  374000.0       1.0
 3546.00  374000.0       1.0
 3558.00  374000.0       1.0
 3570.00  374000.0       1.0
 3582.00  374000.0       1.0
 3594.00  374000.0       1.0
 3606.00  374000.0       1.0
 3618.00  374000.0       1.0
 3630.00  374000.0       1.0
 3642.00  374000.0       1.0
 3654.00  374000.0       1.0
 3666.00  374000.0       1.0
 3678.00  374000.0       1.0
 3690.00  374000.0       1.0
 3702.00  374000.0       1.0
 3714.00  374000.0       1.0
 3726.00  374000.0       1.0
 3738.00  374000.0       1.0
 3750.00  374000.0       1.0
 3762.00  374000.0       1.0
 3774.00  374000.0       1.0
 3786.00  374000.0       1.0
 3798.00  374000.0       1.0
 3810.00  374000.0       1.0
 3822.00  374000.0       1.0
 3834.00  374000.0       1.0
 3846.00  374000.0       1.0
 3858.00  374000.0       1.0
 3870.00  374000.0       1.0
 3882.00  374000.0       1.0
 3894.00  374000.0       1.0
 3906.00  374000.0       1.0
 3918.00  374000.0       1.0
 3930.00  374000.0       1.0
 3942.00  374000.0       1.0
 3954.00  374000.0       1.0
 3966.00  374000.0       1.0
 3978.00  374000.0       1.0
 3990.00  374000.0       1.0
 4002.00  374000.0       1.0
 4014.00  374000.0       1.0
 4026.00  374000.0       1.0
 4038.00  374000.0       1.0
 4050.00  374000.0       1.0
 4062.00  374000.0       1.0
 4074.00  374000.0       1.0
 4086.00  374000.0       1.0
 4098.00  374000.0       1.0
 4110.00  374000.0       1.0
 4122.00  374000.0       1.0
 4134.00  374000.0       1.0
 4146.00  374000.0       1.0
 4158.00  374000.0       1.0
 4170.00  374000.0       1.0
 4182.00  374000.0       1.0
 4194.00  374000.0       1.0
 4206.00  374000.0       1.0
 4218.00  374000.0       1.0
 4230.00  374000.0       1.0
 4242.00  374000.0       1.0
 4254.00  374000.0       1.0
 4266.00  374000.0       1.0
 4278.00  374000.0       1.0
 4290.00  374000.0       1.0
 4302.00  374000.0       1.0
 4314.00  374000.0       1.0
 4326.00  374000.0       1.0
 4338.00  374000.0       1.0
 4350.00  374000.0       1.0
 4362.00  374000.0       1.0
 4374.00  374000.0       1.0
 4386.00  374000.0       1.0
 4398.00  374000.0       1.0
 4410.00  374000.0       1.0
 4422.00  374000.0       1.0
 4434.00  374000.0       1.0
 4446.00  374000.0       1.0
 4458.00  374000.0       1.0
 4470.00  374000.0       1.0
 4482.00  374000.0       1.0
 4494.00  374000.0       1.0
 4506.00  374000.0       1.0
 4518.00  374000.0       1.0
 4530.00  374000.0       1.0
 4542.00  374000.0       1.0
 4554.00  374000.0       1.0
 4566.00  374000.0       1.0
 4578.00  374000.0       1.0
 4590.00  374000.0       1.0
 4602.00  374000.0       1.0
 4614.00  374000.0       1.0
 4626.00  374000.0       1.0
 4638.00  374000.0       1.0
 4650.00  374000.0       1.0
 4662.00  374000.0       1.0
 4674.00  374000.0       1.0
 4686.00  374000.0       1.0
 4698.00  374000.0       1.0
 4710.00  374000.0       1.0
 4722.00  374000.0       1.0
 4734.00  374000.0       1.0
 4746.00  374000.0       1.0
 4758.00  374000.0       1.0
 4770.00  374000.0       1.0
 4782.00  374000.0       1.0
 4794.00  374000.0       1.0
 4806.00  374000.0       1.0
 4818.00  374000.0       1.0
 4830.00  374000.0       1.0
 4842.00  374000.0       1.0
 4854.00  374000.0       1.0
 4866.00  374000.0       1.0
 4878.00  374000.0       1.0
 4890.00  374000.0       1.0
 4902.00  374000.0       1.0
 4914.00  374000.0       1.0
 4926.00  374000.0       1.0
 4938.00  374000.0       1.0
 4950.00  374000.0       1.0
 4962.00  374000.0       1.0
 4974.00  374000.0       1.0
 4986.00  374000.0       1.0
 4998.00  374000.0       1.0
 5010.00  374000.0       1.0
 5022.00  374000.0       1.0
 5034.00  374000.0       1.0
 5046.00  374000.0       1.0
 5058.00  374000.0       1.0
 5070.00  374000.0       1.0
 5082.00  374000.0       1.0
 5094.00  374000.0       1.0
 5106.00  374000.0       1.0
 5118.00  374000.0       1.0
 5130.00  374000.0       1.0
 5142.00  374000.0       1.0
 5154.00  374000.0       1.0
 5166.00  374000.0       1.0
 5178.00  374000.0       1.0
 5190.00  374000.0       1.0
 5202.00  374000.0       1.0
 5214.00  374000.0       1.0
 5226.00  374000.0       1.0
 5238.00  374000.0       1.0
 5250.00  374000.0       1.0
 5262.00  374000.0       1.0
 5274.00  374000.0       1.0
 5286.00  374000.0       1.0
 5298.00  374000.0       1.0
 5310.00  374000.0       1.0
 5322.00  374000.0       1.0
 5334.00  374000.0       1.0
 5346.00  374000.0       1.0
 5358.00  374000.0       1.0
 5370.00  374000.0       1.0
 5382.00  374000.0       1.0
 5394.00  374000.0       1.0
 5406.00  374000.0       1.0
 5418.00  374000.0       1.0
 5430.00  374000.0       1.0
 5442.00  374000.0       1.0
 5454.00  374000.0       1.0
 5466.00  374000.0       1.0
