# Input file large scale forcing
#  height ug    vg    wfls   dqtdxls   dqtdyls  dqtdtls   dthlrad
10.00000 -7.0000 -1.0000 0.00000 0.00000 0.00000 0.00000 0.00000
30.00000 -7.0000 -1.0000 0.00000 0.00000 0.00000 0.00000 0.00000
50.00000 -7.0000 -1.0000 0.00000 0.00000 0.00000 0.00000 0.00000
70.00000 -7.0000 -1.0000 0.00000 0.00000 0.00000 0.00000 0.00000
90.00000 -7.0000 -1.0000 0.00000 0.00000 0.00000 0.00000 0.00000
110.00000 -7.0000 -1.0000 0.00000 0.00000 0.00000 0.00000 0.00000
130.00000 -7.0000 -1.0000 0.00000 0.00000 0.00000 0.00000 0.00000
150.00000 -7.0000 -1.0000 0.00000 0.00000 0.00000 0.00000 0.00000
170.00000 -7.0000 -1.0000 0.00000 0.00000 0.00000 0.00000 0.00000
190.00000 -7.0000 -1.0000 0.00000 0.00000 0.00000 0.00000 0.00000
210.00000 -7.0000 -1.0000 0.00000 0.00000 0.00000 0.00000 0.00000
230.00000 -7.0000 -1.0000 0.00000 0.00000 0.00000 0.00000 0.00000
250.00000 -7.0000 -1.0000 0.00000 0.00000 0.00000 0.00000 0.00000
270.00000 -7.0000 -1.0000 0.00000 0.00000 0.00000 0.00000 0.00000
290.00000 -7.0000 -1.0000 0.00000 0.00000 0.00000 0.00000 0.00000
310.00000 -7.0000 -1.0000 0.00000 0.00000 0.00000 0.00000 0.00000
330.00000 -7.0000 -1.0000 0.00000 0.00000 0.00000 0.00000 0.00000
350.00000 -7.0000 -1.0000 0.00000 0.00000 0.00000 0.00000 0.00000
370.00000 -7.0000 -1.0000 0.00000 0.00000 0.00000 0.00000 0.00000
390.00000 -7.0000 -1.0000 0.00000 0.00000 0.00000 0.00000 0.00000
410.00000 -7.0000 -1.0000 0.00000 0.00000 0.00000 0.00000 0.00000
430.00000 -7.0000 -1.0000 0.00000 0.00000 0.00000 0.00000 0.00000
450.00000 -7.0000 -1.0000 0.00000 0.00000 0.00000 0.00000 0.00000
470.00000 -7.0000 -1.0000 0.00000 0.00000 0.00000 0.00000 0.00000
490.00000 -7.0000 -1.0000 0.00000 0.00000 0.00000 0.00000 0.00000
510.00000 -7.0000 -1.0000 0.00000 0.00000 0.00000 0.00000 0.00000
530.00000 -7.0000 -1.0000 0.00000 0.00000 0.00000 0.00000 0.00000
550.00000 -7.0000 -1.0000 0.00000 0.00000 0.00000 0.00000 0.00000
570.00000 -7.0000 -1.0000 0.00000 0.00000 0.00000 0.00000 0.00000
590.00000 -7.0000 -1.0000 0.00000 0.00000 0.00000 0.00000 0.00000
610.00000 -7.0000 -1.0000 0.00000 0.00000 0.00000 0.00000 0.00000
630.00000 -7.0000 -1.0000 0.00000 0.00000 0.00000 0.00000 0.00000
650.00000 -7.0000 -1.0000 0.00000 0.00000 0.00000 0.00000 0.00000
670.00000 -7.0000 -1.0000 0.00000 0.00000 0.00000 0.00000 0.00000
690.00000 -7.0000 -1.0000 0.00000 0.00000 0.00000 0.00000 0.00000
710.00000 -7.0000 -1.0000 0.00000 0.00000 0.00000 0.00000 0.00000
730.00000 -7.0000 -1.0000 0.00000 0.00000 0.00000 0.00000 0.00000
750.00000 -7.0000 -1.0000 0.00000 0.00000 0.00000 0.00000 0.00000
770.00000 -7.0000 -1.0000 0.00000 0.00000 0.00000 0.00000 0.00000
790.00000 -7.0000 -1.0000 0.00000 0.00000 0.00000 0.00000 0.00000
810.00000 -7.0000 -1.0000 0.00000 0.00000 0.00000 0.00000 0.00000
830.00000 -7.0000 -1.0000 0.00000 0.00000 0.00000 0.00000 0.00000
850.00000 -7.0000 -1.0000 0.00000 0.00000 0.00000 0.00000 0.00000
870.00000 -7.0000 -1.0000 0.00000 0.00000 0.00000 0.00000 0.00000
890.00000 -7.0000 -1.0000 0.00000 0.00000 0.00000 0.00000 0.00000
910.00000 -7.0000 -1.0000 0.00000 0.00000 0.00000 0.00000 0.00000
930.00000 -7.0000 -1.0000 0.00000 0.00000 0.00000 0.00000 0.00000
950.00000 -7.0000 -1.0000 0.00000 0.00000 0.00000 0.00000 0.00000
970.00000 -7.0000 -1.0000 0.00000 0.00000 0.00000 0.00000 0.00000
990.00000 -7.0000 -1.0000 0.00000 0.00000 0.00000 0.00000 0.00000
1010.00000 -7.0000 -1.0000 0.00000 0.00000 0.00000 0.00000 0.00000
1030.00000 -7.0000 -1.0000 0.00000 0.00000 0.00000 0.00000 0.00000
1050.00000 -7.0000 -1.0000 0.00000 0.00000 0.00000 0.00000 0.00000
1070.00000 -7.0000 -1.0000 0.00000 0.00000 0.00000 0.00000 0.00000
1090.00000 -7.0000 -1.0000 0.00000 0.00000 0.00000 0.00000 0.00000
1110.00000 -7.0000 -1.0000 0.00000 0.00000 0.00000 0.00000 0.00000
1130.00000 -7.0000 -1.0000 0.00000 0.00000 0.00000 0.00000 0.00000
1150.00000 -7.0000 -1.0000 0.00000 0.00000 0.00000 0.00000 0.00000
1170.00000 -7.0000 -1.0000 0.00000 0.00000 0.00000 0.00000 0.00000
1190.00000 -7.0000 -1.0000 0.00000 0.00000 0.00000 0.00000 0.00000
1210.00000 -7.0000 -1.0000 0.00000 0.00000 0.00000 0.00000 0.00000
1230.00000 -7.0000 -1.0000 0.00000 0.00000 0.00000 0.00000 0.00000
1250.00000 -7.0000 -1.0000 0.00000 0.00000 0.00000 0.00000 0.00000
1270.00000 -7.0000 -1.0000 0.00000 0.00000 0.00000 0.00000 0.00000
1290.00000 -7.0000 -1.0000 0.00000 0.00000 0.00000 0.00000 0.00000
1310.00000 -7.0000 -1.0000 0.00000 0.00000 0.00000 0.00000 0.00000
1330.00000 -7.0000 -1.0000 0.00000 0.00000 0.00000 0.00000 0.00000
1350.00000 -7.0000 -1.0000 0.00000 0.00000 0.00000 0.00000 0.00000
1370.00000 -7.0000 -1.0000 0.00000 0.00000 0.00000 0.00000 0.00000
1390.00000 -7.0000 -1.0000 0.00000 0.00000 0.00000 0.00000 0.00000
1410.00000 -7.0000 -1.0000 0.00000 0.00000 0.00000 0.00000 0.00000
1430.00000 -7.0000 -1.0000 0.00000 0.00000 0.00000 0.00000 0.00000
1450.00000 -7.0000 -1.0000 0.00000 0.00000 0.00000 0.00000 0.00000
1470.00000 -7.0000 -1.0000 0.00000 0.00000 0.00000 0.00000 0.00000
1490.00000 -7.0000 -1.0000 0.00000 0.00000 0.00000 0.00000 0.00000
1510.00000 -7.0000 -1.0000 0.00000 0.00000 0.00000 0.00000 0.00000
1530.00000 -7.0000 -1.0000 0.00000 0.00000 0.00000 0.00000 0.00000
1550.00000 -7.0000 -1.0000 0.00000 0.00000 0.00000 0.00000 0.00000
1570.00000 -7.0000 -1.0000 0.00000 0.00000 0.00000 0.00000 0.00000
1590.00000 -7.0000 -1.0000 0.00000 0.00000 0.00000 0.00000 0.00000
1610.00000 -7.0000 -1.0000 0.00000 0.00000 0.00000 0.00000 0.00000
1630.00000 -7.0000 -1.0000 0.00000 0.00000 0.00000 0.00000 0.00000
1650.00000 -7.0000 -1.0000 0.00000 0.00000 0.00000 0.00000 0.00000
1670.00000 -7.0000 -1.0000 0.00000 0.00000 0.00000 0.00000 0.00000
1690.00000 -7.0000 -1.0000 0.00000 0.00000 0.00000 0.00000 0.00000
1710.00000 -7.0000 -1.0000 0.00000 0.00000 0.00000 0.00000 0.00000
1730.00000 -7.0000 -1.0000 0.00000 0.00000 0.00000 0.00000 0.00000
1750.00000 -7.0000 -1.0000 0.00000 0.00000 0.00000 0.00000 0.00000
1770.00000 -7.0000 -1.0000 0.00000 0.00000 0.00000 0.00000 0.00000
1790.00000 -7.0000 -1.0000 0.00000 0.00000 0.00000 0.00000 0.00000
1810.00000 -7.0000 -1.0000 0.00000 0.00000 0.00000 0.00000 0.00000
1830.00000 -7.0000 -1.0000 0.00000 0.00000 0.00000 0.00000 0.00000
1850.00000 -7.0000 -1.0000 0.00000 0.00000 0.00000 0.00000 0.00000
1870.00000 -7.0000 -1.0000 0.00000 0.00000 0.00000 0.00000 0.00000
1890.00000 -7.0000 -1.0000 0.00000 0.00000 0.00000 0.00000 0.00000
1910.00000 -7.0000 -1.0000 0.00000 0.00000 0.00000 0.00000 0.00000
1930.00000 -7.0000 -1.0000 0.00000 0.00000 0.00000 0.00000 0.00000
1950.00000 -7.0000 -1.0000 0.00000 0.00000 0.00000 0.00000 0.00000
1970.00000 -7.0000 -1.0000 0.00000 0.00000 0.00000 0.00000 0.00000
1990.00000 -7.0000 -1.0000 0.00000 0.00000 0.00000 0.00000 0.00000
2010.00000 -7.0000 -1.0000 0.00000 0.00000 0.00000 0.00000 0.00000
2030.00000 -7.0000 -1.0000 0.00000 0.00000 0.00000 0.00000 0.00000
2050.00000 -7.0000 -1.0000 0.00000 0.00000 0.00000 0.00000 0.00000
2070.00000 -7.0000 -1.0000 0.00000 0.00000 0.00000 0.00000 0.00000
2090.00000 -7.0000 -1.0000 0.00000 0.00000 0.00000 0.00000 0.00000
2110.00000 -7.0000 -1.0000 0.00000 0.00000 0.00000 0.00000 0.00000
2130.00000 -7.0000 -1.0000 0.00000 0.00000 0.00000 0.00000 0.00000
2150.00000 -7.0000 -1.0000 0.00000 0.00000 0.00000 0.00000 0.00000
2170.00000 -7.0000 -1.0000 0.00000 0.00000 0.00000 0.00000 0.00000
2190.00000 -7.0000 -1.0000 0.00000 0.00000 0.00000 0.00000 0.00000
2210.00000 -7.0000 -1.0000 0.00000 0.00000 0.00000 0.00000 0.00000
2230.00000 -7.0000 -1.0000 0.00000 0.00000 0.00000 0.00000 0.00000
2250.00000 -7.0000 -1.0000 0.00000 0.00000 0.00000 0.00000 0.00000
2270.00000 -7.0000 -1.0000 0.00000 0.00000 0.00000 0.00000 0.00000
2290.00000 -7.0000 -1.0000 0.00000 0.00000 0.00000 0.00000 0.00000
2310.00000 -7.0000 -1.0000 0.00000 0.00000 0.00000 0.00000 0.00000
2330.00000 -7.0000 -1.0000 0.00000 0.00000 0.00000 0.00000 0.00000
2350.00000 -7.0000 -1.0000 0.00000 0.00000 0.00000 0.00000 0.00000
2370.00000 -7.0000 -1.0000 0.00000 0.00000 0.00000 0.00000 0.00000
2390.00000 -7.0000 -1.0000 0.00000 0.00000 0.00000 0.00000 0.00000
2410.00000 -7.0000 -1.0000 0.00000 0.00000 0.00000 0.00000 0.00000
2430.00000 -7.0000 -1.0000 0.00000 0.00000 0.00000 0.00000 0.00000
2450.00000 -7.0000 -1.0000 0.00000 0.00000 0.00000 0.00000 0.00000
2470.00000 -7.0000 -1.0000 0.00000 0.00000 0.00000 0.00000 0.00000
2490.00000 -7.0000 -1.0000 0.00000 0.00000 0.00000 0.00000 0.00000
2510.00000 -7.0000 -1.0000 0.00000 0.00000 0.00000 0.00000 0.00000
2530.00000 -7.0000 -1.0000 0.00000 0.00000 0.00000 0.00000 0.00000
2550.00000 -7.0000 -1.0000 0.00000 0.00000 0.00000 0.00000 0.00000
2570.00000 -7.0000 -1.0000 0.00000 0.00000 0.00000 0.00000 0.00000
2590.00000 -7.0000 -1.0000 0.00000 0.00000 0.00000 0.00000 0.00000
2610.00000 -7.0000 -1.0000 0.00000 0.00000 0.00000 0.00000 0.00000
2630.00000 -7.0000 -1.0000 0.00000 0.00000 0.00000 0.00000 0.00000
2650.00000 -7.0000 -1.0000 0.00000 0.00000 0.00000 0.00000 0.00000
2670.00000 -7.0000 -1.0000 0.00000 0.00000 0.00000 0.00000 0.00000
2690.00000 -7.0000 -1.0000 0.00000 0.00000 0.00000 0.00000 0.00000
2710.00000 -7.0000 -1.0000 0.00000 0.00000 0.00000 0.00000 0.00000
2730.00000 -7.0000 -1.0000 0.00000 0.00000 0.00000 0.00000 0.00000
2750.00000 -7.0000 -1.0000 0.00000 0.00000 0.00000 0.00000 0.00000
2770.00000 -7.0000 -1.0000 0.00000 0.00000 0.00000 0.00000 0.00000
2790.00000 -7.0000 -1.0000 0.00000 0.00000 0.00000 0.00000 0.00000
2810.00000 -7.0000 -1.0000 0.00000 0.00000 0.00000 0.00000 0.00000
2830.00000 -7.0000 -1.0000 0.00000 0.00000 0.00000 0.00000 0.00000
2850.00000 -7.0000 -1.0000 0.00000 0.00000 0.00000 0.00000 0.00000
2870.00000 -7.0000 -1.0000 0.00000 0.00000 0.00000 0.00000 0.00000
2890.00000 -7.0000 -1.0000 0.00000 0.00000 0.00000 0.00000 0.00000
2910.00000 -7.0000 -1.0000 0.00000 0.00000 0.00000 0.00000 0.00000
2930.00000 -7.0000 -1.0000 0.00000 0.00000 0.00000 0.00000 0.00000
2950.00000 -7.0000 -1.0000 0.00000 0.00000 0.00000 0.00000 0.00000
2970.00000 -7.0000 -1.0000 0.00000 0.00000 0.00000 0.00000 0.00000
2990.00000 -7.0000 -1.0000 0.00000 0.00000 0.00000 0.00000 0.00000
3010.00000 -7.0000 -1.0000 0.00000 0.00000 0.00000 0.00000 0.00000
3030.00000 -7.0000 -1.0000 0.00000 0.00000 0.00000 0.00000 0.00000
3050.00000 -7.0000 -1.0000 0.00000 0.00000 0.00000 0.00000 0.00000
3070.00000 -7.0000 -1.0000 0.00000 0.00000 0.00000 0.00000 0.00000
3090.00000 -7.0000 -1.0000 0.00000 0.00000 0.00000 0.00000 0.00000
3110.00000 -7.0000 -1.0000 0.00000 0.00000 0.00000 0.00000 0.00000
3130.00000 -7.0000 -1.0000 0.00000 0.00000 0.00000 0.00000 0.00000
3150.00000 -7.0000 -1.0000 0.00000 0.00000 0.00000 0.00000 0.00000
3170.00000 -7.0000 -1.0000 0.00000 0.00000 0.00000 0.00000 0.00000
3190.00000 -7.0000 -1.0000 0.00000 0.00000 0.00000 0.00000 0.00000
3210.00000 -7.0000 -1.0000 0.00000 0.00000 0.00000 0.00000 0.00000
3230.00000 -7.0000 -1.0000 0.00000 0.00000 0.00000 0.00000 0.00000
3250.00000 -7.0000 -1.0000 0.00000 0.00000 0.00000 0.00000 0.00000
3270.00000 -7.0000 -1.0000 0.00000 0.00000 0.00000 0.00000 0.00000
3290.00000 -7.0000 -1.0000 0.00000 0.00000 0.00000 0.00000 0.00000
3310.00000 -7.0000 -1.0000 0.00000 0.00000 0.00000 0.00000 0.00000
3330.00000 -7.0000 -1.0000 0.00000 0.00000 0.00000 0.00000 0.00000
3350.00000 -7.0000 -1.0000 0.00000 0.00000 0.00000 0.00000 0.00000
3370.00000 -7.0000 -1.0000 0.00000 0.00000 0.00000 0.00000 0.00000
3390.00000 -7.0000 -1.0000 0.00000 0.00000 0.00000 0.00000 0.00000
3410.00000 -7.0000 -1.0000 0.00000 0.00000 0.00000 0.00000 0.00000
3430.00000 -7.0000 -1.0000 0.00000 0.00000 0.00000 0.00000 0.00000
3450.00000 -7.0000 -1.0000 0.00000 0.00000 0.00000 0.00000 0.00000
3470.00000 -7.0000 -1.0000 0.00000 0.00000 0.00000 0.00000 0.00000
3490.00000 -7.0000 -1.0000 0.00000 0.00000 0.00000 0.00000 0.00000
3510.00000 -7.0000 -1.0000 0.00000 0.00000 0.00000 0.00000 0.00000
3530.00000 -7.0000 -1.0000 0.00000 0.00000 0.00000 0.00000 0.00000
3550.00000 -7.0000 -1.0000 0.00000 0.00000 0.00000 0.00000 0.00000
3570.00000 -7.0000 -1.0000 0.00000 0.00000 0.00000 0.00000 0.00000
3590.00000 -7.0000 -1.0000 0.00000 0.00000 0.00000 0.00000 0.00000
3610.00000 -7.0000 -1.0000 0.00000 0.00000 0.00000 0.00000 0.00000
3630.00000 -7.0000 -1.0000 0.00000 0.00000 0.00000 0.00000 0.00000
3650.00000 -7.0000 -1.0000 0.00000 0.00000 0.00000 0.00000 0.00000
3670.00000 -7.0000 -1.0000 0.00000 0.00000 0.00000 0.00000 0.00000
3690.00000 -7.0000 -1.0000 0.00000 0.00000 0.00000 0.00000 0.00000
3710.00000 -7.0000 -1.0000 0.00000 0.00000 0.00000 0.00000 0.00000
3730.00000 -7.0000 -1.0000 0.00000 0.00000 0.00000 0.00000 0.00000
3750.00000 -7.0000 -1.0000 0.00000 0.00000 0.00000 0.00000 0.00000
3770.00000 -7.0000 -1.0000 0.00000 0.00000 0.00000 0.00000 0.00000
3790.00000 -7.0000 -1.0000 0.00000 0.00000 0.00000 0.00000 0.00000
3810.00000 -7.0000 -1.0000 0.00000 0.00000 0.00000 0.00000 0.00000
3830.00000 -7.0000 -1.0000 0.00000 0.00000 0.00000 0.00000 0.00000
3850.00000 -7.0000 -1.0000 0.00000 0.00000 0.00000 0.00000 0.00000
3870.00000 -7.0000 -1.0000 0.00000 0.00000 0.00000 0.00000 0.00000
3890.00000 -7.0000 -1.0000 0.00000 0.00000 0.00000 0.00000 0.00000
3910.00000 -7.0000 -1.0000 0.00000 0.00000 0.00000 0.00000 0.00000
3930.00000 -7.0000 -1.0000 0.00000 0.00000 0.00000 0.00000 0.00000
3950.00000 -7.0000 -1.0000 0.00000 0.00000 0.00000 0.00000 0.00000
3970.00000 -7.0000 -1.0000 0.00000 0.00000 0.00000 0.00000 0.00000
3990.00000 -7.0000 -1.0000 0.00000 0.00000 0.00000 0.00000 0.00000
