#  time   UTC #zbase #cloud zbaseavg max_ztop cld_hght max_hght qlintmax qlintavg allqlmax allqlavg
   300. 10.08   0.00   0.00      0.0      0.0      0.0      0.0   0.0000   0.0000   0.0000   0.0000
   600. 10.17   0.00   0.00      0.0      0.0      0.0      0.0   0.0000   0.0000   0.0000   0.0000
   900. 10.25   0.00   0.00      0.0      0.0      0.0      0.0   0.0000   0.0000   0.0000   0.0000
  1200. 10.33   0.00   0.00      0.0      0.0      0.0      0.0   0.0000   0.0000   0.0000   0.0000
  1500. 10.42   0.00   0.00      0.0      0.0      0.0      0.0   0.0000   0.0000   0.0000   0.0000
  1800. 10.50   0.00   0.00      0.0      0.0      0.0      0.0   0.0000   0.0000   0.0000   0.0000
  2100. 10.58   0.00   0.00      0.0      0.0      0.0      0.0   0.0000   0.0000   0.0000   0.0000
  2400. 10.67   0.00   0.00      0.0      0.0      0.0      0.0   0.0000   0.0000   0.0000   0.0000
  2700. 10.75   0.00   0.00      0.0      0.0      0.0      0.0   0.0000   0.0000   0.0000   0.0000
  3000. 10.83   0.00   0.00      0.0      0.0      0.0      0.0   0.0000   0.0000   0.0000   0.0000
  3300. 10.92   0.00   0.00      0.0      0.0      0.0      0.0   0.0000   0.0000   0.0001   0.0001
  3600. 11.00   0.00   0.01      0.0      0.0      0.0      0.0   0.0000   0.0000   0.0005   0.0028
  3900. 11.08   0.00   0.01      0.0      0.0      0.0      0.0   0.0000   0.0000   0.0004   0.0018
  4200. 11.17   0.00   0.00      0.0      0.0      0.0      0.0   0.0000   0.0000   0.0005   0.0012
  4500. 11.25   0.00   0.00      0.0      0.0      0.0      0.0   0.0000   0.0000   0.0000   0.0000
  4800. 11.33   0.00   0.00      0.0      0.0      0.0      0.0   0.0000   0.0000   0.0003   0.0007
  5100. 11.42   0.00   0.00      0.0      0.0      0.0      0.0   0.0000   0.0000   0.0000   0.0000
  5400. 11.50   0.00   0.00      0.0      0.0      0.0      0.0   0.0000   0.0000   0.0000   0.0000
  5700. 11.58   0.00   0.00      0.0      0.0      0.0      0.0   0.0000   0.0000   0.0009   0.0009
  6000. 11.67   0.00   0.00      0.0      0.0      0.0      0.0   0.0000   0.0000   0.0001   0.0001
  6300. 11.75   0.00   0.00      0.0      0.0      0.0      0.0   0.0000   0.0000   0.0000   0.0000
  6600. 11.83   0.00   0.00      0.0      0.0      0.0      0.0   0.0000   0.0000   0.0011   0.0027
  6900. 11.92   0.00   0.00      0.0      0.0      0.0      0.0   0.0000   0.0000   0.0008   0.0041
  7200. 12.00   0.00   0.00      0.0      0.0      0.0      0.0   0.0000   0.0000   0.0009   0.0047
  7500. 12.08   0.00   0.00      0.0      0.0      0.0      0.0   0.0000   0.0000   0.0009   0.0030
  7800. 12.17   0.00   0.00      0.0      0.0      0.0      0.0   0.0000   0.0000   0.0012   0.0042
  8100. 12.25   0.00   0.00      0.0      0.0      0.0      0.0   0.0000   0.0000   0.0012   0.0030
  8400. 12.33   0.00   0.00      0.0      0.0      0.0      0.0   0.0000   0.0000   0.0010   0.0049
  8700. 12.42   0.00   0.00      0.0      0.0      0.0      0.0   0.0000   0.0000   0.0010   0.0048
  9000. 12.50   0.00   0.00      0.0      0.0      0.0      0.0   0.0000   0.0000   0.0014   0.0042
  9300. 12.58   0.00   0.00      0.0      0.0      0.0      0.0   0.0000   0.0000   0.0010   0.0052
  9600. 12.67   0.00   0.00      0.0      0.0      0.0      0.0   0.0000   0.0000   0.0010   0.0064
  9900. 12.75   0.00   0.00      0.0      0.0      0.0      0.0   0.0000   0.0000   0.0013   0.0037
 10200. 12.83   0.00   0.00      0.0      0.0      0.0      0.0   0.0000   0.0000   0.0011   0.0058
 10500. 12.92   0.00   0.00      0.0      0.0      0.0      0.0   0.0000   0.0000   0.0010   0.0035
 10800. 13.00   0.00   0.00      0.0      0.0      0.0      0.0   0.0000   0.0000   0.0010   0.0049
 11100. 13.08   0.00   0.00      0.0      0.0      0.0      0.0   0.0000   0.0000   0.0011   0.0039
 11400. 13.17   0.00   0.00      0.0      0.0      0.0      0.0   0.0000   0.0000   0.0009   0.0030
 11700. 13.25   0.00   0.00      0.0      0.0      0.0      0.0   0.0000   0.0000   0.0011   0.0049
 12000. 13.33   0.00   0.00      0.0      0.0      0.0      0.0   0.0000   0.0000   0.0012   0.0036
 12300. 13.42   0.00   0.00      0.0      0.0      0.0      0.0   0.0000   0.0000   0.0009   0.0030
 12600. 13.50   0.00   0.00      0.0      0.0      0.0      0.0   0.0000   0.0000   0.0009   0.0042
 12900. 13.58   0.00   0.00      0.0      0.0      0.0      0.0   0.0000   0.0000   0.0011   0.0054
 13200. 13.67   0.00   0.00      0.0      0.0      0.0      0.0   0.0000   0.0000   0.0011   0.0047
 13500. 13.75   0.00   0.00      0.0      0.0      0.0      0.0   0.0000   0.0000   0.0015   0.0081
 13800. 13.83   0.00   0.00      0.0      0.0      0.0      0.0   0.0000   0.0000   0.0011   0.0068
 14100. 13.92   0.00   0.00      0.0      0.0      0.0      0.0   0.0000   0.0000   0.0013   0.0066
 14400. 14.00   0.00   0.00      0.0      0.0      0.0      0.0   0.0000   0.0000   0.0011   0.0082
 14700. 14.08   0.00   0.00      0.0      0.0      0.0      0.0   0.0000   0.0000   0.0016   0.0105
 15000. 14.17   0.00   0.00      0.0      0.0      0.0      0.0   0.0000   0.0000   0.0018   0.0147
 15300. 14.25   0.00   0.00      0.0      0.0      0.0      0.0   0.0000   0.0000   0.0022   0.0155
 15600. 14.33   0.00   0.01      0.0      0.0      0.0      0.0   0.0000   0.0000   0.0021   0.0138
 15900. 14.42   0.00   0.01      0.0      0.0      0.0      0.0   0.0000   0.0000   0.0026   0.0234
 16200. 14.50   0.00   0.01      0.0      0.0      0.0      0.0   0.0000   0.0000   0.0029   0.0174
 16500. 14.58   0.00   0.01      0.0      0.0      0.0      0.0   0.0000   0.0000   0.0035   0.0323
 16800. 14.67   0.00   0.02    890.9   1081.7    159.9    194.4   0.0431   0.0531   0.0043   0.0531
 17100. 14.75   0.00   0.02    938.2   1157.4    164.2    216.2   0.0499   0.0720   0.0059   0.0720
 17400. 14.83   0.00   0.03    941.3   1120.4    159.4    195.8   0.0394   0.0488   0.0043   0.0488
 17700. 14.92   0.00   0.04    951.6   1179.1    166.4    259.1   0.0445   0.0758   0.0063   0.0758
 18000. 15.00   0.00   0.05    990.4   1395.6    212.3    413.4   0.0704   0.1930   0.0084   0.1930
 18300. 15.08   0.00   0.06   1000.8   1339.3    186.3    333.2   0.0550   0.1418   0.0099   0.1418
 18600. 15.17   0.01   0.09   1024.6   1615.3    194.5    589.2   0.0551   0.2550   0.0124   0.2550
 18900. 15.25   0.01   0.09   1041.3   1698.0    209.6    586.6   0.0628   0.2910   0.0146   0.2910
 19200. 15.33   0.02   0.11   1082.3   1760.4    225.3    641.1   0.0746   0.3831   0.0208   0.3831
 19500. 15.42   0.03   0.13   1125.9   2317.2    252.8   1006.2   0.0857   0.4390   0.0301   0.4390
 19800. 15.50   0.04   0.14   1157.4   2533.2    277.1   1388.8   0.0958   0.8439   0.0359   0.8439
 20100. 15.58   0.05   0.16   1219.2   2738.1    292.6   1545.1   0.1130   0.8509   0.0403   0.8509
 20400. 15.67   0.06   0.18   1290.0   2858.6    303.2   1648.6   0.1182   0.9325   0.0458   0.9325
 20700. 15.75   0.07   0.18   1337.1   3231.3    329.6   1603.7   0.1281   0.8594   0.0548   0.8594
 21000. 15.83   0.08   0.19   1345.8   2939.0    337.2   1701.5   0.1211   1.0917   0.0549   1.0917
 21300. 15.92   0.09   0.21   1366.3   3257.9    346.1   1868.0   0.1284   0.8720   0.0610   0.8720
 21600. 16.00   0.09   0.21   1405.1   3118.5    405.2   1732.1   0.1479   1.3196   0.0705   1.3196
 21900. 16.08   0.11   0.23   1419.3   3493.2    429.5   1993.0   0.1682   1.6772   0.0852   1.6772
 22200. 16.17   0.12   0.25   1475.4   3378.6    431.0   2213.0   0.1528   1.1869   0.0798   1.1869
 22500. 16.25   0.12   0.25   1485.3   3376.3    456.1   1984.5   0.1695   1.4465   0.0873   1.4465
 22800. 16.33   0.13   0.25   1504.7   3411.3    481.5   1986.2   0.1821   1.8636   0.0982   1.8636
 23100. 16.42   0.14   0.26   1532.1   3454.6    511.5   2103.0   0.1901   1.5763   0.1047   1.5763
 23400. 16.50   0.15   0.28   1581.7   3518.6    479.5   1961.8   0.1778   2.0347   0.1002   2.0347
 23700. 16.58   0.15   0.28   1607.0   3678.3    502.3   2045.2   0.1979   1.7463   0.1108   1.7463
 24000. 16.67   0.15   0.28   1641.3   3710.4    543.3   2192.8   0.2007   1.9684   0.1141   1.9684
 24300. 16.75   0.15   0.28   1652.7   3498.5    548.9   2051.1   0.1998   2.4218   0.1127   2.4218
 24600. 16.83   0.16   0.28   1655.4   3938.9    570.8   2428.9   0.2279   2.0313   0.1362   2.0313
 24900. 16.92   0.17   0.29   1713.9   3978.8    623.4   2487.8   0.2498   2.2368   0.1516   2.2368
 25200. 17.00   0.18   0.31   1738.2   3892.0    618.3   2491.0   0.2630   2.6290   0.1594   2.6290
 25500. 17.08   0.19   0.31   1749.2   4010.0    627.5   2588.3   0.2479   2.5713   0.1548   2.5713
 25800. 17.17   0.18   0.30   1808.4   4010.0    616.5   2705.7   0.2753   4.0892   0.1664   4.0892
 26100. 17.25   0.17   0.28   1815.8   4010.0    673.9   2690.9   0.2636   3.0957   0.1587   3.0957
 26400. 17.33   0.16   0.28   1803.7   4010.0    649.9   2585.4   0.2580   2.3427   0.1533   2.3427
 26700. 17.42   0.17   0.29   1834.8   4010.0    604.8   2676.8   0.2302   2.7880   0.1402   2.7880
 27000. 17.50   0.16   0.29   1838.5   3952.8    563.1   2176.7   0.2086   1.8498   0.1211   1.8498
 27300. 17.58   0.16   0.28   1834.9   4010.0    622.5   2562.0   0.2587   2.6625   0.1537   2.6625
 27600. 17.67   0.18   0.29   1884.6   4004.0    621.3   2517.0   0.2523   2.0745   0.1550   2.0745
 27900. 17.75   0.18   0.30   1904.3   3979.2    630.3   2446.2   0.2682   2.5405   0.1646   2.5405
 28200. 17.83   0.17   0.29   1874.3   4007.4    710.1   2536.5   0.2959   2.7501   0.1808   2.7501
 28500. 17.92   0.17   0.28   1946.0   4009.9    742.6   2559.2   0.3512   4.7887   0.2171   4.7887
 28800. 18.00   0.16   0.27   2020.2   4010.0    764.2   2590.9   0.3022   3.1404   0.1839   3.1404
 29100. 18.08   0.13   0.24   1965.5   4010.0    706.3   2557.0   0.3011   3.3911   0.1697   3.3911
 29400. 18.17   0.13   0.25   1931.6   4010.0    745.2   2563.0   0.2748   3.3394   0.1510   3.3394
 29700. 18.25   0.14   0.26   1859.2   4010.0    644.5   2555.9   0.2262   2.3865   0.1260   2.3865
 30000. 18.33   0.14   0.25   1898.8   4010.0    665.1   2536.1   0.2603   1.9739   0.1514   1.9739
 30300. 18.42   0.15   0.26   1918.6   4003.2    703.3   2532.1   0.2974   2.3785   0.1780   2.3785
 30600. 18.50   0.17   0.27   1982.6   4010.0    712.4   2549.6   0.2913   3.1929   0.1823   3.1929
 30900. 18.58   0.15   0.25   2024.7   4010.0    754.3   2550.7   0.2963   2.6768   0.1777   2.6768
 31200. 18.67   0.14   0.25   1995.6   4010.0    686.4   2531.4   0.2635   3.3256   0.1560   3.3256
 31500. 18.75   0.14   0.25   1942.1   4010.0    730.9   2537.8   0.2916   2.9148   0.1719   2.9148
 31800. 18.83   0.15   0.26   2011.6   4010.0    735.6   2498.6   0.2880   2.5435   0.1736   2.5435
 32100. 18.92   0.15   0.25   2038.5   4010.0    706.2   2495.2   0.2512   2.3510   0.1532   2.3510
 32400. 19.00   0.13   0.22   2019.9   4010.0    684.1   2490.2   0.2942   2.5356   0.1725   2.5356
 32700. 19.08   0.11   0.22   2094.3   4010.0    756.3   2517.3   0.3193   2.4307   0.1691   2.4307
 33000. 19.17   0.11   0.21   2072.9   4010.0    766.8   2497.2   0.2851   2.6492   0.1541   2.6492
 33300. 19.25   0.10   0.18   2000.9   4010.0    764.5   2530.3   0.2938   2.3221   0.1594   2.3221
 33600. 19.33   0.10   0.19   2080.5   4010.0    692.2   2490.8   0.2985   2.8668   0.1571   2.8668
 33900. 19.42   0.10   0.19   2117.0   4010.0    748.5   2510.4   0.2849   2.8426   0.1505   2.8426
 34200. 19.50   0.09   0.18   2020.5   4010.0    776.0   2476.7   0.2939   2.6153   0.1613   2.6153
 34500. 19.58   0.08   0.17   2079.3   4010.0    787.2   2490.6   0.2946   2.2754   0.1472   2.2754
 34800. 19.67   0.08   0.17   2080.9   4010.0    752.9   2489.9   0.2605   2.0265   0.1369   2.0265
 35100. 19.75   0.08   0.18   2111.0   4010.0    602.9   2432.2   0.2337   1.9721   0.1153   1.9721
 35400. 19.83   0.08   0.17   2080.1   4008.5    571.7   2472.6   0.1982   2.4211   0.0964   2.4211
 35700. 19.92   0.07   0.15   2064.8   4010.0    661.2   2476.1   0.2201   1.4472   0.1059   1.4472
 36000. 20.00   0.06   0.14   2129.9   4010.0    599.6   2474.5   0.2148   1.4045   0.0995   1.4045
 36300. 20.08   0.06   0.13   2068.2   4010.0    574.7   2508.4   0.1940   1.2980   0.0889   1.2980
 36600. 20.17   0.05   0.13   2011.2   4009.7    484.0   2154.2   0.1599   1.2678   0.0726   1.2678
 36900. 20.25   0.05   0.12   1941.1   4001.3    483.6   2435.3   0.1449   1.0456   0.0629   1.0456
 37200. 20.33   0.04   0.11   1925.3   3818.7    438.0   2003.8   0.1554   1.3483   0.0672   1.3483
 37500. 20.42   0.04   0.10   2008.0   4005.2    501.9   2427.7   0.1685   1.1208   0.0742   1.1208
 37800. 20.50   0.04   0.10   2079.1   4010.0    530.3   2458.3   0.1857   1.5191   0.0782   1.5191
 38100. 20.58   0.03   0.08   2026.7   4010.0    540.8   2470.4   0.1442   0.8181   0.0593   0.8181
 38400. 20.67   0.02   0.07   1951.2   3554.2    380.9   1276.1   0.1400   1.1099   0.0501   1.1099
 38700. 20.75   0.02   0.05   1950.1   3917.2    469.5   2272.4   0.1602   0.9280   0.0512   0.9280
 39000. 20.83   0.02   0.04   2120.3   3731.9    480.5   1807.4   0.1867   0.9093   0.0701   0.9093
 39300. 20.92   0.01   0.04   2225.4   3994.3    414.2   1521.6   0.1387   0.6330   0.0514   0.6330
 39600. 21.00   0.01   0.02   2221.5   3619.9    362.7   1505.1   0.1515   0.7073   0.0439   0.7073
 39900. 21.08   0.00   0.01   2375.0   3655.8    280.1    945.9   0.0953   0.3475   0.0330   0.3475
 40200. 21.17   0.00   0.01   1715.9   2439.5    296.3    645.9   0.0841   0.1739   0.0226   0.1739
 40500. 21.25   0.00   0.01   1756.2   3055.7    449.1   1101.4   0.1566   0.6253   0.0346   0.6253
 40800. 21.33   0.00   0.01   2154.1   3314.6    464.9   1724.2   0.1107   0.4008   0.0292   0.4008
 41100. 21.42   0.00   0.00   1884.4   2479.9    239.6    910.8   0.0627   0.1594   0.0092   0.1594
 41400. 21.50   0.00   0.00   1584.3   1776.6    192.3    192.3   0.0334   0.0334   0.0028   0.0334
 41700. 21.58   0.00   0.00      0.0      0.0      0.0      0.0   0.0000   0.0000   0.0023   0.0217
 42000. 21.67   0.00   0.00      0.0      0.0      0.0      0.0   0.0000   0.0000   0.0025   0.0292
 42300. 21.75   0.00   0.00      0.0      0.0      0.0      0.0   0.0000   0.0000   0.0019   0.0208
 42600. 21.83   0.00   0.00      0.0      0.0      0.0      0.0   0.0000   0.0000   0.0005   0.0018
 42900. 21.92   0.00   0.00      0.0      0.0      0.0      0.0   0.0000   0.0000   0.0002   0.0004
 43200. 22.00   0.00   0.00      0.0      0.0      0.0      0.0   0.0000   0.0000   0.0000   0.0000
