#     time      Qnet        H          LE         G0     tendskin     rs         ra        tskin        cliq      Wl          rssoil     rsveg       Resp       wco2       An   gcco2
#      [s]     [W/m2]     [W/m2]     [W/m2]     [W/m2]   [W/m2]      [s/m]       [s/m]     [K]          [-]      [m]          [s/m]      [s/m]   [mgCm2/s]               [mgCm2/s]    [m/s]
    300.00    -37.653    -74.004    -10.726     47.078      0.000      0.000     22.213    295.279      0.001    0.508E-06      0.000      0.000      0.348      0.157     -0.070    0.940E-03
    600.00    -27.999    -55.688    -13.451     41.140      0.000      0.000     27.762    295.215      0.002    0.202E-05      0.000      0.000      0.350      0.149     -0.086    0.117E-02
    900.00    -15.961    -42.949    -10.818     37.806      0.000      0.000     32.853    295.207      0.003    0.350E-05      0.000      0.000      0.352      0.139     -0.106    0.145E-02
   1200.00     -2.428    -33.501     -5.632     36.705      0.000      0.000     37.262    295.250      0.004    0.449E-05      0.000      0.000      0.354      0.125     -0.133    0.186E-02
   1500.00     12.094    -25.931      0.250     37.774      0.000    222.011     40.687    295.346      0.005    0.479E-05     88.744    265.209      0.355      0.107     -0.167    0.236E-02
   1800.00     27.069    -18.459      2.772     42.757      0.000    189.117     42.228    295.544      0.005    0.479E-05     88.746    216.864      0.357      0.087     -0.203    0.288E-02
   2100.00     42.627    -12.022      6.232     48.418      0.000    165.075     42.306    295.769      0.005    0.477E-05     88.749    184.028      0.359      0.068     -0.240    0.340E-02
   2400.00     58.670     -5.929     10.421     54.178      0.000    147.467     42.044    296.005      0.005    0.475E-05     88.754    161.048      0.362      0.049     -0.276    0.388E-02
   2700.00     75.081     -0.047     15.218     59.911      0.000    134.255     41.734    296.249      0.005    0.473E-05     88.761    144.339      0.365      0.031     -0.310    0.433E-02
   3000.00     91.793      5.703     20.603     65.488      0.000    124.003     40.789    296.498      0.005    0.469E-05     88.771    131.711      0.368      0.014     -0.343    0.475E-02
   3300.00    108.748     11.422     26.490     70.836      0.000    115.846     39.825    296.750      0.005    0.464E-05     88.783    121.838      0.371     -0.003     -0.376    0.513E-02
   3600.00    125.825     16.919     32.859     76.046      0.000    109.197     39.113    297.007      0.005    0.459E-05     88.799    113.890      0.374     -0.019     -0.407    0.549E-02
   3900.00    143.113     21.880     39.922     81.311      0.000    103.750     38.469    297.272      0.005    0.452E-05     88.817    107.448      0.378     -0.034     -0.438    0.582E-02
   4200.00    160.543     26.962     47.398     86.183      0.000     99.102     37.530    297.535      0.004    0.444E-05     88.839    102.012      0.382     -0.049     -0.468    0.613E-02
   4500.00    177.995     32.019     55.196     90.780      0.000     95.089     36.682    297.798      0.004    0.436E-05     88.864     97.351      0.386     -0.064     -0.498    0.642E-02
   4800.00    195.484     36.995     63.362     95.126      0.000     91.611     35.901    298.061      0.004    0.426E-05     88.894     93.335      0.390     -0.078     -0.528    0.670E-02
   5100.00    212.982     42.072     71.758     99.151      0.000     88.541     35.125    298.321      0.004    0.415E-05     88.927     89.811      0.395     -0.092     -0.557    0.696E-02
   5400.00    230.470     47.266     80.294    102.910      0.000     85.808     34.396    298.580      0.004    0.403E-05     88.964     86.687      0.400     -0.106     -0.586    0.721E-02
   5700.00    247.938     52.497     89.049    106.392      0.000     83.371     33.660    298.836      0.004    0.391E-05     89.005     83.912      0.405     -0.119     -0.615    0.745E-02
   6000.00    265.421     57.945     98.332    109.144      0.000     81.170     32.563    299.077      0.004    0.377E-05     89.050     81.426      0.410     -0.133     -0.645    0.768E-02
   6300.00    283.045     64.547    108.686    109.813      0.000     79.084     30.342    299.267      0.004    0.363E-05     89.100     79.109      0.415     -0.150     -0.679    0.790E-02
   6600.00    300.909     72.766    120.606    107.536      0.000     77.090     26.917    299.380      0.003    0.347E-05     89.155     76.935      0.420     -0.170     -0.720    0.812E-02
   6900.00    318.538     78.034    133.475    107.029      0.000     75.616     24.888    299.531      0.003    0.328E-05     89.216     75.296      0.425     -0.188     -0.755    0.830E-02
   7200.00    335.632     79.878    145.177    110.577      0.000     74.567     24.974    299.785      0.003    0.309E-05     89.282     74.068      0.431     -0.199     -0.780    0.844E-02
   7500.00    352.500     82.313    155.871    114.317      0.000     73.566     25.286    300.049      0.003    0.290E-05     89.354     72.894      0.436     -0.209     -0.803    0.857E-02
   7800.00    369.322     86.117    166.650    116.555      0.000     72.562     25.059    300.278      0.003    0.271E-05     89.431     71.739      0.441     -0.221     -0.828    0.871E-02
   8100.00    386.003     90.250    177.546    118.207      0.000     71.646     24.684    300.494      0.003    0.252E-05     89.513     70.687      0.447     -0.232     -0.853    0.884E-02
   8400.00    402.486     94.162    188.350    119.975      0.000     70.853     24.432    300.713      0.002    0.233E-05     89.600     69.770      0.453     -0.242     -0.877    0.896E-02
   8700.00    418.753     98.036    198.953    121.764      0.000     70.147     24.250    300.934      0.002    0.215E-05     89.692     68.952      0.459     -0.252     -0.900    0.906E-02
   9000.00    434.794    101.863    209.363    123.568      0.000     69.538     24.151    301.157      0.002    0.198E-05     89.790     68.240      0.464     -0.261     -0.922    0.916E-02
   9300.00    450.604    105.766    219.665    125.173      0.000     69.002     24.040    301.376      0.002    0.181E-05     89.892     67.610      0.470     -0.270     -0.943    0.924E-02
   9600.00    466.192    109.660    229.855    126.677      0.000     68.538     23.939    301.592      0.002    0.165E-05     89.999     67.063      0.477     -0.278     -0.963    0.932E-02
   9900.00    481.523    113.600    239.978    127.945      0.000     68.146     23.818    301.803      0.001    0.149E-05     90.112     66.596      0.483     -0.286     -0.983    0.939E-02
  10200.00    496.603    117.451    249.967    129.185      0.000     67.813     23.696    302.014      0.001    0.135E-05     90.229     66.195      0.489     -0.293     -1.001    0.944E-02
  10500.00    511.421    121.184    259.804    130.433      0.000     67.548     23.600    302.224      0.001    0.121E-05     90.351     65.870      0.495     -0.300     -1.019    0.949E-02
  10800.00    525.933    124.842    269.459    131.632      0.000     67.354     23.536    302.434      0.001    0.109E-05     90.479     65.623      0.502     -0.306     -1.036    0.953E-02
  11100.00    540.175    128.543    278.965    132.666      0.000     67.206     23.453    302.639      0.001    0.969E-06     90.611     65.427      0.508     -0.312     -1.052    0.955E-02
  11400.00    554.130    132.244    288.337    133.548      0.000     67.104     23.348    302.840      0.001    0.861E-06     90.747     65.284      0.515     -0.317     -1.068    0.957E-02
  11700.00    567.768    136.004    297.558    134.206      0.000     67.042     23.214    303.035      0.001    0.762E-06     90.889     65.185      0.521     -0.323     -1.083    0.959E-02
  12000.00    581.105    139.574    306.527    135.004      0.000     67.027     23.106    303.233      0.001    0.671E-06     91.036     65.138      0.528     -0.327     -1.098    0.960E-02
  12300.00    594.117    143.127    315.327    135.663      0.000     67.062     22.999    303.426      0.001    0.589E-06     91.187     65.145      0.535     -0.331     -1.111    0.960E-02
  12600.00    606.797    146.451    324.031    136.315      0.000     67.162     22.913    303.618      0.001    0.515E-06     91.342     65.224      0.542     -0.334     -1.123    0.958E-02
  12900.00    619.090    149.611    332.400    137.079      0.000     67.312     22.867    303.813      0.000    0.448E-06     91.503     65.356      0.548     -0.337     -1.135    0.956E-02
  13200.00    631.101    153.013    340.626    137.463      0.000     67.470     22.761    303.997      0.000    0.388E-06     91.668     65.500      0.555     -0.340     -1.146    0.954E-02
  13500.00    642.724    156.247    348.644    137.832      0.000     67.676     22.673    304.179      0.000    0.335E-06     91.837     65.695      0.562     -0.342     -1.156    0.952E-02
  13800.00    653.994    159.281    356.456    138.257      0.000     67.926     22.574    304.361      0.000    0.288E-06     92.011     65.937      0.569     -0.343     -1.165    0.948E-02
  14100.00    664.888    162.171    364.086    138.631      0.000     68.224     22.487    304.541      0.000    0.246E-06     92.189     66.232      0.576     -0.344     -1.173    0.944E-02
  14400.00    675.420    165.075    371.472    138.873      0.000     68.555     22.397    304.716      0.000    0.210E-06     92.371     66.563      0.583     -0.345     -1.181    0.939E-02
  14700.00    685.537    167.725    378.687    139.126      0.000     68.937     22.319    304.891      0.000    0.178E-06     92.558     66.949      0.590     -0.345     -1.187    0.934E-02
  15000.00    695.288    170.332    385.786    139.170      0.000     69.360     22.226    305.058      0.000    0.150E-06     92.749     67.379      0.597     -0.344     -1.193    0.928E-02
  15300.00    704.643    172.936    392.603    139.104      0.000     69.799     22.104    305.221      0.000    0.126E-06     92.944     67.827      0.604     -0.343     -1.199    0.922E-02
  15600.00    713.583    175.332    399.228    139.023      0.000     70.288     22.002    305.382      0.000    0.106E-06     93.144     68.329      0.611     -0.342     -1.203    0.915E-02
  15900.00    722.093    177.489    405.670    138.934      0.000     70.836     21.915    305.540      0.000    0.880E-07     93.347     68.894      0.617     -0.340     -1.207    0.908E-02
  16200.00    730.204    179.698    411.928    138.578      0.000     71.400     21.806    305.690      0.000    0.730E-07     93.555     69.477      0.624     -0.338     -1.210    0.900E-02
  16500.00    737.914    181.985    417.924    138.005      0.000     71.970     21.639    305.831      0.000    0.602E-07     93.766     70.067      0.631     -0.336     -1.212    0.892E-02
  16800.00    745.095    183.918    423.729    137.448      0.000     72.600     21.530    305.971      0.000    0.494E-07     93.982     70.722      0.638     -0.333     -1.214    0.884E-02
  17100.00    751.722    185.666    429.251    136.806      0.000     73.258     21.398    306.106      0.000    0.404E-07     94.201     71.406      0.645     -0.330     -1.215    0.876E-02
  17400.00    758.246    187.476    434.573    136.198      0.000     73.944     21.251    306.239      0.000    0.328E-07     94.424     72.121      0.652     -0.327     -1.216    0.867E-02
  17700.00    763.706    188.920    439.550    135.235      0.000     74.615     21.138    306.360      0.000    0.265E-07     94.651     72.822      0.658     -0.323     -1.216    0.859E-02
  18000.00    768.600    190.346    444.272    133.982      0.000     75.295     20.968    306.470      0.000    0.213E-07     94.881     73.533      0.665     -0.319     -1.216    0.851E-02
  18300.00    772.724    191.378    448.562    132.784      0.000     75.994     20.862    306.578      0.000    0.171E-07     95.115     74.264      0.671     -0.315     -1.215    0.843E-02
  18600.00    774.941    191.561    452.327    131.053      0.000     76.565     20.802    306.669      0.000    0.136E-07     95.352     74.859      0.677     -0.311     -1.215    0.836E-02
  18900.00    777.938    192.161    455.848    129.929      0.000     77.395     20.697    306.771      0.000    0.108E-07     95.592     75.731      0.684     -0.306     -1.212    0.827E-02
  19200.00    778.128    191.760    458.448    127.920      0.000     78.164     20.611    306.847      0.000    0.854E-08     95.835     76.540      0.690     -0.301     -1.208    0.818E-02
  19500.00    775.742    190.604    459.932    125.206      0.000     78.976     20.529    306.900      0.000    0.672E-08     96.081     77.397      0.695     -0.294     -1.203    0.810E-02
  19800.00    774.889    189.909    461.627    123.353      0.000     79.824     20.526    306.969      0.000    0.527E-08     96.328     78.294      0.701     -0.288     -1.198    0.801E-02
  20100.00    774.451    189.450    463.074    121.927      0.000     80.679     20.551    307.044      0.000    0.412E-08     96.577     79.201      0.706     -0.282     -1.193    0.792E-02
  20400.00    771.913    188.188    463.838    119.886      0.000     81.533     20.548    307.101      0.000    0.322E-08     96.829     80.106      0.712     -0.276     -1.187    0.784E-02
  20700.00    768.200    186.624    463.581    117.995      0.000     82.620     20.606    307.156      0.000    0.250E-08     97.081     81.264      0.717     -0.268     -1.178    0.773E-02
  21000.00    766.213    185.583    464.336    116.295      0.000     83.510     20.568    307.212      0.000    0.194E-08     97.336     82.205      0.722     -0.261     -1.172    0.764E-02
  21300.00    761.225    183.626    463.668    113.930      0.000     84.458     20.559    307.248      0.000    0.150E-08     97.591     83.219      0.727     -0.254     -1.164    0.756E-02
  21600.00    758.241    182.672    463.209    112.359      0.000     85.637     20.635    307.298      0.000    0.116E-08     97.848     84.498      0.731     -0.247     -1.155    0.746E-02
  21900.00    750.365    179.545    460.773    110.047      0.000     86.997     20.788    307.327      0.000    0.898E-09     98.105     85.983      0.735     -0.237     -1.143    0.734E-02
  22200.00    744.265    176.546    459.617    108.102      0.000     87.739     20.941    307.358      0.000    0.693E-09     98.362     86.752      0.740     -0.230     -1.135    0.727E-02
  22500.00    742.545    176.320    459.137    107.088      0.000     88.914     20.968    307.411      0.000    0.535E-09     98.621     88.026      0.744     -0.223     -1.128    0.718E-02
  22800.00    736.961    174.358    456.933    105.670      0.000     90.285     21.091    307.451      0.000    0.412E-09     98.880     89.526      0.747     -0.215     -1.116    0.707E-02
  23100.00    728.451    171.112    453.911    103.428      0.000     91.394     39.868    307.466      0.000    0.318E-09     99.138     90.729      0.751     -0.206     -1.105    0.699E-02
  23400.00    722.400    168.510    452.338    101.553      0.000     92.091     21.415    307.486      0.000    0.245E-09     99.397     91.465      0.755     -0.200     -1.098    0.693E-02
  23700.00    718.691    167.226    450.646    100.819      0.000     93.519     21.423    307.532      0.000    0.189E-09     99.656     93.039      0.758     -0.192     -1.088    0.683E-02
  24000.00    713.152    165.145    448.487     99.520      0.000     94.685     21.515    307.562      0.000    0.145E-09     99.916     94.300      0.761     -0.185     -1.079    0.674E-02
  24300.00    709.890    164.080    447.612     98.198      0.000     95.545     21.617    307.589      0.000    0.112E-09    100.176     95.227      0.764     -0.179     -1.072    0.667E-02
  24600.00    699.200    160.643    442.900     95.657      0.000     97.328     21.688    307.582      0.000    0.857E-10    100.436     97.239      0.767     -0.169     -1.058    0.656E-02
  24900.00    687.341    156.177    438.044     93.121      0.000     99.100     21.919    307.569      0.000    0.660E-10    100.694     99.252      0.770     -0.159     -1.043    0.646E-02
  25200.00    677.770    152.499    434.250     91.021      0.000    100.390     22.157    307.563      0.000    0.509E-10    100.951    100.708      0.773     -0.151     -1.032    0.638E-02
  25500.00    669.870    149.536    430.753     89.581      0.000    101.427     22.393    307.570      0.000    0.394E-10    101.207    101.797      0.775     -0.143     -1.021    0.631E-02
  25800.00    669.739    148.777    430.878     90.083      0.000    102.419     22.339    307.625      0.000    0.305E-10    101.464    102.994      0.777     -0.140     -1.017    0.625E-02
  26100.00    668.135    147.916    429.676     90.543      0.000    103.441     22.541    307.680      0.000    0.235E-10    101.722    104.035      0.779     -0.134     -1.010    0.617E-02
  26400.00    665.145    146.824    428.285     90.036      0.000    104.320     22.354    307.711      0.000    0.181E-10    101.980    104.944      0.782     -0.129     -1.003    0.611E-02
  26700.00    654.712    143.070    424.303     87.338      0.000    104.955     27.984    307.684      0.000    0.139E-10    102.238    105.560      0.784     -0.122     -0.993    0.605E-02
  27000.00    650.290    141.052    422.684     86.553      0.000    105.328     24.068    307.702      0.000    0.108E-10    102.495    105.885      0.786     -0.117     -0.987    0.602E-02
  27300.00    641.057    138.230    417.736     85.091      0.000    107.592     23.492    307.701      0.000    0.833E-11    102.752    108.524      0.788     -0.108     -0.973    0.591E-02
  27600.00    627.137    133.224    412.072     81.841      0.000    108.918     25.854    307.650      0.000    0.646E-11    103.006    109.982      0.790     -0.099     -0.959    0.584E-02
  27900.00    616.813    129.203    407.607     80.003      0.000    110.391     23.233    307.630      0.000    0.502E-11    103.259    111.668      0.791     -0.091     -0.947    0.576E-02
  28200.00    610.583    127.223    403.911     79.449      0.000    112.310     24.215    307.641      0.000    0.391E-11    103.511    113.896      0.792     -0.084     -0.936    0.568E-02
  28500.00    601.001    123.802    399.189     78.010      0.000    114.333     23.917    307.627      0.000    0.305E-11    103.761    116.322      0.794     -0.075     -0.923    0.559E-02
  28800.00    598.597    122.278    398.289     78.029      0.000    114.380     23.290    307.649      0.000    0.238E-11    104.011    116.240      0.795     -0.073     -0.919    0.556E-02
  29100.00    600.787    122.891    398.055     79.841      0.000    114.698     23.386    307.718      0.000    0.186E-11    104.261    116.439      0.796     -0.070     -0.916    0.551E-02
  29400.00    590.156    118.661    393.877     77.619      0.000    115.522     23.490    307.686      0.000    0.145E-11    104.512    117.325      0.797     -0.063     -0.906    0.547E-02
  29700.00    578.925    114.120    389.432     75.373      0.000    115.900     24.844    307.650      0.000    0.114E-11    104.761    117.597      0.798     -0.057     -0.896    0.543E-02
  30000.00    563.577    109.478    382.076     72.024      0.000    118.263     24.259    307.581      0.000    0.889E-12    105.007    120.327      0.799     -0.047     -0.879    0.533E-02
  30300.00    548.301    104.450    374.927     68.924      0.000    120.646     24.648    307.512      0.000    0.700E-12    105.249    123.180      0.800     -0.037     -0.862    0.524E-02
  30600.00    531.740     98.420    367.756     65.564      0.000    122.278     24.763    307.431      0.000    0.553E-12    105.488    125.081      0.800     -0.028     -0.847    0.517E-02
  30900.00    526.728     96.296    364.535     65.897      0.000    123.349     25.137    307.440      0.000    0.439E-12    105.725    126.212      0.800     -0.022     -0.838    0.511E-02
  31200.00    517.448     92.515    360.481     64.452      0.000    123.849     25.078    307.404      0.000    0.349E-12    105.961    126.675      0.800     -0.017     -0.830    0.508E-02
  31500.00    504.100     88.136    353.968     61.997      0.000    125.916     25.869    307.341      0.000    0.279E-12    106.194    129.082      0.800     -0.009     -0.815    0.500E-02
  31800.00    487.396     82.402    346.314     58.680      0.000    127.818     25.670    307.250      0.000    0.223E-12    106.423    131.305      0.799      0.000     -0.799    0.492E-02
  32100.00    477.227     78.655    341.415     57.158      0.000    128.458     26.078    307.201      0.000    0.179E-12    106.649    131.869      0.799      0.006     -0.788    0.488E-02
  32400.00    471.997     76.657    337.993     57.347      0.000    129.833     25.966    307.194      0.000    0.144E-12    106.874    133.520      0.798      0.011     -0.780    0.483E-02
  32700.00    463.053     73.178    333.642     56.232      0.000    131.042     26.562    307.154      0.000    0.116E-12    107.097    134.942      0.797      0.016     -0.770    0.478E-02
  33000.00    451.431     69.031    327.882     54.518      0.000    132.175     27.255    307.097      0.000    0.941E-13    107.317    136.107      0.797      0.023     -0.757    0.472E-02
  33300.00    441.825     66.012    322.206     53.607      0.000    133.884     27.286    307.058      0.000    0.766E-13    107.535    137.997      0.796      0.030     -0.744    0.464E-02
  33600.00    427.125     60.990    315.469     50.666      0.000    135.252     27.281    306.966      0.000    0.626E-13    107.749    139.588      0.795      0.037     -0.731    0.459E-02
  33900.00    412.403     56.108    308.367     47.927      0.000    137.175     50.408    306.874      0.000    0.513E-13    107.959    141.815      0.793      0.045     -0.716    0.452E-02
  34200.00    398.607     51.745    301.118     45.743      0.000    139.441     67.263    306.793      0.000    0.423E-13    108.165    144.430      0.792      0.054     -0.700    0.444E-02
  34500.00    386.111     47.392    295.066     43.653      0.000    140.820     27.995    306.710      0.000    0.350E-13    108.368    146.002      0.790      0.060     -0.687    0.439E-02
  34800.00    371.313     42.695    287.412     41.207      0.000    142.890     28.521    306.616      0.000    0.290E-13    108.566    148.308      0.789      0.069     -0.671    0.431E-02
  35100.00    355.858     37.542    279.970     38.346      0.000    144.494     30.038    306.507      0.000    0.242E-13    108.760    150.115      0.786      0.076     -0.656    0.425E-02
  35400.00    342.340     33.310    272.866     36.164      0.000    146.012     29.820    306.411      0.000    0.202E-13    108.950    151.708      0.784      0.083     -0.641    0.418E-02
  35700.00    328.803     29.314    265.245     34.245      0.000    148.763     30.056    306.319      0.000    0.170E-13    109.135    154.963      0.782      0.092     -0.625    0.410E-02
  36000.00    314.371     24.930    257.461     31.979      0.000    151.129     30.774    306.215      0.000    0.145E-13    109.316    157.703      0.779      0.100     -0.608    0.402E-02
  36300.00    299.510     20.488    249.497     29.524      0.000    153.653     34.750    306.103      0.000    0.124E-13    109.492    160.621      0.777      0.108     -0.592    0.394E-02
  36600.00    284.032     15.956    241.353     26.724      0.000    156.126     31.735    305.979      0.000    0.106E-13    109.663    163.445      0.774      0.116     -0.575    0.386E-02
  36900.00    269.417     11.844    233.244     24.328      0.000    159.017     32.520    305.861      0.000    0.911E-14    109.828    166.819      0.771      0.124     -0.557    0.377E-02
  37200.00    253.177      7.477    224.220     21.480      0.000    162.663     33.472    305.728      0.000    0.788E-14    109.988    171.182      0.767      0.134     -0.538    0.368E-02
  37500.00    236.387      3.213    214.712     18.461      0.000    166.931     34.751    305.587      0.000    0.686E-14    110.142    176.323      0.764      0.144     -0.518    0.357E-02
  37800.00    220.013     -0.781    205.338     15.456      0.000    171.201     35.987    305.442      0.000    0.602E-14    110.290    181.491      0.760      0.153     -0.498    0.347E-02
  38100.00    204.688     -4.378    196.254     12.812      0.000    175.222     37.243    305.301      0.000    0.532E-14    110.431    186.259      0.756      0.162     -0.478    0.337E-02
  38400.00    189.215     -7.731    186.849     10.096      0.000    179.749     39.256    305.156      0.000    0.473E-14    110.566    191.710      0.752      0.171     -0.458    0.327E-02
  38700.00    172.923    -10.883    176.776      7.030      0.000    185.266     41.148    304.998      0.000    0.425E-14    110.695    198.442      0.748      0.182     -0.437    0.316E-02
  39000.00    155.955    -13.732    166.102      3.585      0.000    191.876     43.949    304.825      0.000    0.384E-14    110.816    206.567      0.744      0.192     -0.414    0.304E-02
  39300.00    139.232    -16.279    155.510      0.001      0.000    198.611     47.044    304.644      0.000    0.350E-14    110.929    214.841      0.739      0.203     -0.391    0.292E-02
  39600.00    122.880    -18.253    144.695     -3.562      0.000    206.206     50.927    304.458      0.000    0.323E-14    111.035    224.230      0.734      0.214     -0.367    0.279E-02
  39900.00    106.097    -19.256    132.717     -7.364      0.000    215.299     56.722    304.262      0.000    0.300E-14    111.133    235.501      0.729      0.226     -0.342    0.266E-02
  40200.00     89.376    -19.345    120.037    -11.316      0.000    226.053     64.632    304.055      0.000    0.282E-14    111.221    248.859      0.723      0.238     -0.315    0.251E-02
  40500.00     72.608    -18.853    106.976    -15.516      0.000    239.404     74.883    303.837      0.000    0.268E-14    111.299    265.514      0.718      0.251     -0.287    0.235E-02
  40800.00     56.137    -17.808     93.715    -19.771      0.000    256.130     88.118    303.612      0.000    0.257E-14    111.367    286.449      0.712      0.264     -0.258    0.218E-02
  41100.00     40.119    -16.540     80.699    -24.040      0.000    277.696    104.504    303.381      0.000    0.249E-14    111.423    313.654      0.706      0.278     -0.228    0.199E-02
  41400.00     24.509    -15.382     68.268    -28.377      0.000    306.536    124.925    303.143      0.000    0.242E-14    111.469    350.493      0.699      0.291     -0.199    0.178E-02
  41700.00      9.502    -14.056     56.430    -32.872      0.000    345.238    152.991    302.895      0.000    0.238E-14    111.503    400.343      0.693      0.305     -0.169    0.156E-02
  42000.00     -4.686    -11.628     44.593    -37.651      0.000    396.959    203.480    302.634      0.000    0.234E-14    111.528    465.672      0.686      0.318     -0.139    0.134E-02
  42300.00    -17.849     -7.839     32.341    -42.351      0.000    463.391    328.425    302.368      0.000    0.232E-14    111.544    542.942      0.679      0.332     -0.109    0.115E-02
  42600.00    -29.508     -5.441     22.912    -46.979      0.000    532.787    556.461    302.095      0.000    0.231E-14    111.552    619.465      0.672      0.342     -0.084    0.101E-02
  42900.00    -38.849     -4.363     17.457    -51.943      0.000    600.292    756.121    301.807      0.000    0.230E-14    111.554    696.125      0.664      0.346     -0.069    0.898E-03
  43200.00    -44.721     -3.633     13.698    -54.785      0.000    687.034    955.831    301.566      0.000    0.229E-14    111.552    797.755      0.656      0.348     -0.057    0.783E-03
