#  time      cc     z_cbase    z_ctop_avg  z_ctop_max      zi         we   <<ql>>  <<ql>>_max   w_max   tke     ql_max
    300.00 0.000       0.000       0.000       0.000    1302.183    0.0000    0.000    0.000    0.305  145.751    0.000
    600.00 0.000       0.000       0.000       0.000    1382.171    0.2666    0.000    0.000    0.301  104.458    0.000
    900.00 0.000       0.000       0.000       0.000    1486.199    0.3468    0.000    0.000    0.256   73.954    0.000
   1200.00 0.000       0.000       0.000       0.000    1616.724    0.4351    0.000    0.000    0.218   57.609    0.000
   1500.00 0.000       0.000       0.000       0.000    1550.601   -0.2204    0.000    0.000    0.240   48.808    0.000
   1800.00 0.000       0.000       0.000       0.000    1517.899   -0.1090    0.000    0.000    0.222   45.647    0.000
   2100.00 0.000       0.000       0.000       0.000    1537.061    0.0639    0.000    0.000    0.209   47.062    0.000
   2400.00 0.000       0.000       0.000       0.000    1557.600    0.0685    0.000    0.000    0.190   44.896    0.000
   2700.00 0.000       0.000       0.000       0.000    1536.601   -0.0700    0.000    0.000    0.195   39.763    0.000
   3000.00 0.000       0.000       0.000       0.000    1543.309    0.0224    0.000    0.000    0.205   36.045    0.000
   3300.00 0.000     110.000     110.000     110.000    1505.550   -0.1259    0.000    0.085    0.297   35.737    0.004
   3600.00 0.008     130.000     130.000     130.000    1321.633   -0.6131    0.004    2.750    0.501   40.101    0.120
   3900.00 0.006     130.000     130.000     130.000    1325.789    0.0139    0.003    1.778    0.520   38.920    0.077
   4200.00 0.000     148.000     148.000     150.000    1289.004   -0.1226    0.000    1.153    0.474   38.756    0.050
   4500.00 0.000       0.000       0.000       0.000    1240.054   -0.1632    0.000    0.000    0.475   39.986    0.000
   4800.00 0.000     150.000     150.000     150.000    1246.282    0.0208    0.000    0.697    0.469   41.056    0.030
   5100.00 0.000       0.000       0.000       0.000    1240.201   -0.0203    0.000    0.000    0.480   42.146    0.000
   5400.00 0.000       0.000       0.000       0.000    1110.794   -0.4314    0.000    0.000    0.475   44.812    0.000
   5700.00 0.000     170.000     170.000     170.000     837.155   -0.9121    0.000    0.871    0.573   51.816    0.038
   6000.00 0.000     170.000     170.000     170.000     637.291   -0.6662    0.000    0.094    0.673   67.980    0.004
   6300.00 0.000       0.000       0.000       0.000     458.624   -0.5956    0.000    0.000    0.999  113.477    0.000
   6600.00 0.000     238.889     238.889     250.000     341.155   -0.3916    0.000    2.677    1.412  183.792    0.118
   6900.00 0.001     258.864     259.091     290.000     301.629   -0.1318    0.001    4.111    1.536  196.508    0.153
   7200.00 0.001     271.194     271.194     310.000     317.660    0.0534    0.000    4.686    1.544  173.368    0.208
   7500.00 0.000     287.222     287.222     310.000     324.012    0.0212    0.000    3.011    1.705  171.806    0.134
   7800.00 0.000     307.143     307.143     330.000     336.193    0.0406    0.000    4.249    1.727  192.492    0.190
   8100.00 0.000     322.000     322.500     350.000     337.390    0.0040    0.000    3.033    1.879  214.951    0.135
   8400.00 0.000     340.588     340.980     370.000     353.340    0.0532    0.000    4.916    2.112  228.294    0.220
   8700.00 0.001     358.767     359.041     390.000     362.331    0.0300    0.001    4.826    2.110  235.748    0.216
   9000.00 0.000     373.043     373.478     410.000     373.115    0.0359    0.000    4.188    2.156  248.022    0.188
   9300.00 0.000     378.929     379.643     430.000     389.952    0.0561    0.000    5.153    2.293  265.663    0.228
   9600.00 0.000     400.233     400.698     450.000     401.033    0.0369    0.000    6.372    2.394  282.181    0.191
   9900.00 0.000     418.500     418.500     450.000     408.279    0.0242    0.000    3.739    2.529  301.830    0.169
  10200.00 0.000     427.500     428.125     490.000     417.380    0.0303    0.001    5.790    2.694  321.654    0.262
  10500.00 0.000     438.400     438.400     490.000     433.462    0.0536    0.000    3.483    2.919  338.723    0.157
  10800.00 0.000     450.556     451.111     490.000     452.266    0.0627    0.000    4.851    2.897  354.732    0.220
  11100.00 0.000     468.750     468.750     510.000     462.099    0.0328    0.000    3.904    3.212  375.201    0.177
  11400.00 0.000     479.565     479.565     510.000     481.430    0.0644    0.000    2.953    3.073  396.634    0.134
  11700.00 0.001     505.556     506.364     570.000     480.621   -0.0027    0.001    4.948    3.568  420.987    0.221
  12000.00 0.001     508.519     508.889     570.000     489.018    0.0280    0.001    3.631    3.369  447.042    0.158
  12300.00 0.001     528.571     528.776     590.000     511.545    0.0751    0.001    2.973    3.450  470.884    0.135
  12600.00 0.001     541.064     541.702     590.000     516.199    0.0155    0.001    4.152    3.843  491.929    0.176
  12900.00 0.001     569.065     569.252     650.000     541.160    0.0832    0.001    5.414    3.523  515.561    0.249
  13200.00 0.001     572.062     572.887     630.000     545.750    0.0153    0.001    4.723    3.642  541.121    0.217
  13500.00 0.001     615.909     618.636     730.000     547.845    0.0070    0.002    8.105    3.905  572.174    0.269
  13800.00 0.001     616.000     617.444     710.000     567.863    0.0667    0.002    6.782    3.994  600.729    0.220
  14100.00 0.002     632.880     633.600     690.000     583.356    0.0516    0.002    6.609    4.096  629.290    0.212
  14400.00 0.001     651.347     652.176     750.000     585.529    0.0072    0.002    8.191    4.449  657.664    0.293
  14700.00 0.003     677.405     680.973     790.000     612.545    0.0901    0.005   10.503    4.423  698.128    0.299
  15000.00 0.004     704.505     708.141     850.000     605.089   -0.0249    0.007   14.660    4.389  733.453    0.413
  15300.00 0.004     732.073     740.086     870.000     630.103    0.0834    0.010   15.453    4.559  776.364    0.324
  15600.00 0.007     756.255     762.406     870.000     643.891    0.0460    0.015   13.776    4.551  823.976    0.359
  15900.00 0.009     776.118     785.099     930.000     657.025    0.0438    0.023   23.446    5.028  876.211    0.465
  16200.00 0.011     807.987     820.874     950.000     669.690    0.0422    0.032   17.425    4.596  937.030    0.432
  16500.00 0.012     825.685     841.593     990.000     678.724    0.0301    0.044   32.347    4.922  988.130    0.584
  16800.00 0.017     850.019     869.815    1070.000     707.541    0.0961    0.072   53.074    5.028 1058.228    0.661
  17100.00 0.021     876.698     904.442    1150.000     721.072    0.0451    0.124   71.957    5.087 1138.263    0.675
  17400.00 0.027     903.442     924.933    1130.000     738.896    0.0594    0.115   48.843    5.032 1213.131    0.588
  17700.00 0.035     928.021     960.942    1170.000     759.202    0.0677    0.223   75.815    5.123 1294.176    0.835
  18000.00 0.046     953.237     992.142    1390.000     790.533    0.1044    0.385  193.001    5.486 1361.577    1.175
  18300.00 0.059     977.770    1023.796    1330.000     809.943    0.0647    0.583  141.782    5.558 1469.644    1.010
  18600.00 0.086    1005.087    1063.831    1610.000     836.029    0.0870    1.062  254.985    5.788 1577.442    1.495
  18900.00 0.092    1027.318    1094.113    1690.000     871.857    0.1194    1.351  291.033    6.325 1660.191    1.341
  19200.00 0.109    1060.735    1142.449    1750.000     898.586    0.0891    2.274  383.120    5.879 1735.378    1.973
  19500.00 0.127    1097.003    1205.642    2310.000     914.271    0.0523    3.833  438.976    5.934 1833.331    2.451
  19800.00 0.142    1130.367    1255.772    2530.000     941.458    0.0906    5.086  843.913    7.526 1942.877    2.506
  20100.00 0.158    1169.870    1298.516    2730.000     940.479   -0.0033    6.358  850.878    7.056 2035.986    3.096
  20400.00 0.175    1213.222    1354.144    2850.000     953.964    0.0449    8.011  932.471    8.174 2131.063    3.676
  20700.00 0.183    1263.216    1426.718    3230.000     983.269    0.0977   10.058  859.406    8.392 2202.233    3.242
  21000.00 0.192    1287.005    1464.762    2930.000    1006.926    0.0789   10.546 1091.672    9.532 2266.563    3.702
  21300.00 0.210    1310.127    1497.123    3250.000     998.711   -0.0274   12.787  871.984    7.495 2326.284    3.371
  21600.00 0.215    1345.563    1562.513    3110.000    1021.624    0.0764   15.124 1319.634    9.312 2425.648    3.445
  21900.00 0.229    1365.745    1607.183    3490.000    1043.348    0.0724   19.476 1677.245    9.874 2524.726    4.403
  22200.00 0.250    1423.856    1672.551    3370.000    1062.441    0.0636   19.963 1186.950    9.427 2613.810    3.313
  22500.00 0.247    1440.782    1702.172    3370.000    1072.261    0.0327   21.526 1446.480    8.593 2669.040    4.072
  22800.00 0.247    1465.322    1748.927    3410.000    1095.186    0.0764   24.251 1863.602   10.325 2737.274    3.612
  23100.00 0.265    1492.670    1799.713    3450.000    1112.040    0.0562   27.705 1576.271    9.571 2827.337    3.896
  23400.00 0.279    1538.963    1835.023    3510.000    1129.447    0.0580   27.930 2034.660   11.286 2890.127    3.757
  23700.00 0.275    1564.927    1871.804    3670.000    1147.610    0.0605   30.512 1746.259   11.804 2941.188    3.773
  24000.00 0.277    1599.729    1933.264    3710.000    1163.131    0.0517   31.573 1968.448   10.993 2997.152    3.780
  24300.00 0.277    1605.870    1942.713    3490.000    1176.026    0.0430   31.258 2421.811   14.128 3073.785    3.851
  24600.00 0.279    1621.135    1987.794    3930.000    1184.047    0.0267   37.980 2031.252   13.247 3215.196    4.242
  24900.00 0.294    1671.565    2077.071    3970.000    1230.914    0.1562   44.544 2236.801   11.949 3352.585    4.044
  25200.00 0.307    1700.804    2101.470    3890.000    1240.508    0.0320   48.876 2629.019   11.365 3430.936    5.489
  25500.00 0.308    1727.961    2144.521    3990.000    1274.376    0.1129   47.658 2571.273   13.573 3473.340    4.198
  25800.00 0.301    1775.662    2176.136    3990.000    1301.303    0.0898   50.136 4089.249   14.445 3541.337    4.414
  26100.00 0.285    1777.803    2211.799    3990.000    1287.467   -0.0461   45.161 3095.740   11.250 3409.729    4.383
  26400.00 0.277    1773.951    2192.502    3990.000    1272.290   -0.0506   42.411 2342.677   12.946 3390.952    4.357
  26700.00 0.287    1805.064    2203.734    3990.000    1292.703    0.0680   40.179 2788.020   12.292 3349.624    3.846
  27000.00 0.293    1799.573    2153.609    3950.000    1271.722   -0.0699   35.504 1849.822   10.734 3320.393    3.629
  27300.00 0.283    1792.701    2189.651    3990.000    1295.432    0.0790   43.529 2662.531   12.007 3381.087    3.980
  27600.00 0.294    1839.044    2250.232    3990.000    1292.629   -0.0093   45.591 2074.499   10.642 3406.896    4.091
  27900.00 0.298    1871.313    2287.477    3970.000    1309.942    0.0577   49.112 2540.523   11.397 3466.153    4.271
  28200.00 0.286    1864.278    2327.011    3990.000    1330.215    0.0676   51.644 2750.106   10.607 3509.448    3.760
  28500.00 0.280    1889.725    2380.884    3990.000    1378.023    0.1594   60.815 4788.670   14.879 3622.314    5.219
  28800.00 0.268    1968.992    2465.051    3990.000    1357.869   -0.0672   49.303 3140.448   12.327 3401.089    4.359
  29100.00 0.237    1911.360    2338.664    3990.000    1325.107   -0.1092   40.286 3391.108   12.068 3351.926    4.519
  29400.00 0.248    1891.147    2335.545    3990.000    1321.927   -0.0106   37.375 3339.400   11.463 3194.980    3.854
  29700.00 0.257    1858.586    2249.840    3990.000    1289.758   -0.1072   32.363 2386.458   10.996 3163.921    3.699
  30000.00 0.255    1880.065    2300.669    3990.000    1279.226   -0.0351   38.559 1973.887   10.523 3180.208    3.978
  30300.00 0.259    1906.273    2357.670    3990.000    1332.567    0.1778   46.150 2378.515   12.199 3238.038    4.117
  30600.00 0.270    1947.576    2418.866    3990.000    1358.155    0.0853   49.218 3192.878   13.763 3261.037    4.652
  30900.00 0.251    1965.017    2446.230    3990.000    1349.464   -0.0290   44.662 2676.847   10.544 3191.994    4.260
  31200.00 0.248    1984.726    2423.205    3990.000    1336.307   -0.0439   38.717 3325.642   11.400 3101.814    4.025
  31500.00 0.247    1920.449    2384.905    3990.000    1349.705    0.0447   42.511 2914.807   14.536 3068.581    4.520
  31800.00 0.259    1981.203    2453.521    3990.000    1364.508    0.0493   45.046 2543.502   11.234 3017.287    4.334
  32100.00 0.249    2018.920    2478.478    3990.000    1338.358   -0.0872   38.180 2351.030   12.545 2902.852    4.228
  32400.00 0.222    1980.754    2412.641    3990.000    1369.436    0.1036   38.344 2535.645   13.139 2884.036    4.052
  32700.00 0.218    2034.973    2469.516    3990.000    1368.632   -0.0027   36.894 2430.696   10.984 2808.644    3.808
  33000.00 0.206    2006.711    2455.594    3990.000    1326.754   -0.1396   31.789 2649.204   12.288 2678.531    4.050
  33300.00 0.181    1943.602    2384.382    3990.000    1310.982   -0.0526   28.918 2322.128   10.959 2602.884    3.906
  33600.00 0.189    1982.043    2376.791    3990.000    1316.466    0.0183   29.672 2866.849   13.040 2570.385    4.125
  33900.00 0.190    2027.631    2450.407    3990.000    1330.019    0.0452   28.559 2842.636   12.040 2439.656    3.877
  34200.00 0.177    1986.364    2444.395    3990.000    1314.035   -0.0533   28.492 2615.324   12.153 2368.135    3.919
  34500.00 0.175    1991.979    2417.960    3990.000    1307.261   -0.0226   25.723 2275.399   10.819 2298.778    4.298
  34800.00 0.167    1980.778    2408.769    3990.000    1330.690    0.0781   22.834 2026.498    9.209 2207.761    3.646
  35100.00 0.177    1974.579    2303.534    3990.000    1297.473   -0.1107   20.463 1972.092   11.174 2060.846    3.099
  35400.00 0.168    1958.013    2275.234    3990.000    1297.180   -0.0010   16.154 2421.054   11.506 1961.186    3.394
  35700.00 0.149    1970.623    2318.880    3990.000    1291.722   -0.0182   15.726 1447.211    9.341 1860.790    3.307
  36000.00 0.141    1973.391    2286.836    3990.000    1291.811    0.0003   14.023 1404.524    9.171 1763.614    3.357
  36300.00 0.132    1926.905    2218.320    3990.000    1291.769   -0.0001   11.769 1298.025    9.696 1646.685    3.152
  36600.00 0.127    1910.406    2161.787    3990.000    1281.917   -0.0328    9.218 1267.827    7.811 1534.606    3.205
  36900.00 0.115    1858.878    2099.638    3990.000    1263.891   -0.0601    7.249 1045.629    6.997 1425.911    2.867
  37200.00 0.108    1832.865    2048.528    3810.000    1272.969    0.0303    7.290 1348.331    9.125 1338.390    3.735
  37500.00 0.104    1859.109    2106.217    3990.000    1273.138    0.0006    7.681 1120.778    7.377 1245.779    3.185
  37800.00 0.099    1887.438    2141.809    3990.000    1289.670    0.0551    7.709 1519.071    9.138 1160.957    3.455
  38100.00 0.082    1872.562    2118.892    3990.000    1282.266   -0.0247    4.880  818.091    7.870 1056.353    2.731
  38400.00 0.067    1807.651    1970.926    3550.000    1302.456    0.0673    3.347 1109.859    6.813  955.492    3.191
  38700.00 0.054    1790.094    1969.603    3910.000    1316.420    0.0465    2.770  928.001    7.547  858.502    2.872
  39000.00 0.044    1848.893    2053.580    3730.000    1356.832    0.1347    3.057  909.308    7.567  777.891    2.968
  39300.00 0.037    1951.633    2128.789    3990.000    1358.666    0.0061    1.900  633.026    5.068  691.905    2.220
  39600.00 0.024    1889.482    2016.577    3610.000    1428.380    0.2324    1.033  707.312    6.604  618.944    2.672
  39900.00 0.015    1973.130    2086.429    3650.000    1455.045    0.0889    0.485  347.504    3.191  544.887    1.952
  40200.00 0.008    1705.364    1801.364    3190.000    1522.585    0.2251    0.192  173.940    3.014  484.312    1.260
  40500.00 0.009    1672.034    1789.750    3050.000    1580.610    0.1934    0.299  625.252    7.185  433.690    2.660
  40800.00 0.008    1770.690    1936.250    3310.000    1602.260    0.0722    0.241  400.787    3.848  392.150    2.174
  41100.00 0.005    1677.742    1740.355    3350.000    1613.126    0.0362    0.044  159.426    2.324  357.894    1.297
  41400.00 0.003    1596.667    1621.972    1810.000    1634.822    0.0723    0.009   33.441    1.960  328.769    0.396
  41700.00 0.004    1605.513    1624.615    1870.000    1642.896    0.0269    0.008   21.694    1.847  305.483    0.449
  42000.00 0.002    1598.017    1620.380    1730.000    1666.954    0.0802    0.005   29.167    0.909  285.365    0.445
  42300.00 0.001    1593.393    1606.964    1750.000    1662.039   -0.0164    0.002   20.845    0.942  267.147    0.392
  42600.00 0.000    1572.712    1575.763    1690.000    1666.286    0.0142    0.000    1.771    0.806  250.545    0.067
  42900.00 0.000    1574.000    1574.000    1590.000    1668.578    0.0076    0.000    0.435    0.771  236.427    0.022
  43200.00 0.000       0.000       0.000       0.000    1660.263   -0.0277    0.000    0.000    0.733  223.846    0.000
