#  time        ust        tst        qst         obukh      thls        z0        wthls      wthvs      wqls 
    300.00  0.549E+00  0.124E+00  0.714E-05  0.181E+03    295.279  0.350E-01 -0.678E-01 -0.692E-01 -0.392E-05
    600.00  0.449E+00  0.114E+00  0.107E-04  0.130E+03    295.215  0.350E-01 -0.512E-01 -0.526E-01 -0.479E-05
    900.00  0.385E+00  0.103E+00  0.100E-04  0.106E+03    295.207  0.350E-01 -0.398E-01 -0.408E-01 -0.386E-05
   1200.00  0.343E+00  0.912E-01  0.604E-05  0.960E+02    295.250  0.350E-01 -0.313E-01 -0.320E-01 -0.207E-05
   1500.00  0.314E+00  0.782E-01 -0.199E-06  0.952E+02    295.346  0.350E-01 -0.246E-01 -0.248E-01  0.626E-07
   1800.00  0.299E+00  0.606E-01 -0.307E-05  0.112E+03    295.544  0.350E-01 -0.181E-01 -0.181E-01  0.916E-06
   2100.00  0.291E+00  0.432E-01 -0.717E-05  0.152E+03    295.769  0.350E-01 -0.126E-01 -0.123E-01  0.209E-05
   2400.00  0.285E+00  0.259E-01 -0.123E-04  0.259E+03    296.005  0.350E-01 -0.738E-02 -0.682E-02  0.351E-05
   2700.00  0.279E+00  0.847E-02 -0.184E-04  0.113E+04    296.249  0.350E-01 -0.236E-02 -0.146E-02  0.514E-05
   3000.00  0.272E+00 -0.925E-02 -0.256E-04 -0.404E+03    296.498  0.350E-01  0.251E-02  0.380E-02  0.697E-05
   3300.00  0.266E+00 -0.277E-01 -0.338E-04 -0.158E+03    296.750  0.350E-01  0.736E-02  0.905E-02  0.897E-05
   3600.00  0.260E+00 -0.464E-01 -0.430E-04 -0.944E+02    297.007  0.350E-01  0.120E-01  0.142E-01  0.111E-04
   3900.00  0.254E+00 -0.639E-01 -0.532E-04 -0.669E+02    297.272  0.350E-01  0.162E-01  0.189E-01  0.135E-04
   4200.00  0.253E+00 -0.811E-01 -0.635E-04 -0.526E+02    297.535  0.350E-01  0.206E-01  0.237E-01  0.161E-04
   4500.00  0.253E+00 -0.984E-01 -0.743E-04 -0.434E+02    297.798  0.350E-01  0.248E-01  0.285E-01  0.187E-04
   4800.00  0.252E+00 -0.115E+00 -0.855E-04 -0.370E+02    298.061  0.350E-01  0.291E-01  0.333E-01  0.215E-04
   5100.00  0.252E+00 -0.132E+00 -0.967E-04 -0.324E+02    298.321  0.350E-01  0.334E-01  0.382E-01  0.244E-04
   5400.00  0.253E+00 -0.150E+00 -0.108E-03 -0.289E+02    298.580  0.350E-01  0.378E-01  0.432E-01  0.273E-04
   5700.00  0.255E+00 -0.166E+00 -0.119E-03 -0.264E+02    298.836  0.350E-01  0.423E-01  0.482E-01  0.303E-04
   6000.00  0.264E+00 -0.179E+00 -0.129E-03 -0.263E+02    299.077  0.350E-01  0.469E-01  0.535E-01  0.335E-04
   6300.00  0.296E+00 -0.182E+00 -0.130E-03 -0.330E+02    299.267  0.350E-01  0.523E-01  0.596E-01  0.371E-04
   6600.00  0.358E+00 -0.171E+00 -0.120E-03 -0.511E+02    299.380  0.350E-01  0.590E-01  0.671E-01  0.411E-04
   6900.00  0.397E+00 -0.163E+00 -0.118E-03 -0.650E+02    299.531  0.350E-01  0.633E-01  0.723E-01  0.455E-04
   7200.00  0.391E+00 -0.169E+00 -0.129E-03 -0.603E+02    299.785  0.350E-01  0.649E-01  0.747E-01  0.496E-04
   7500.00  0.380E+00 -0.179E+00 -0.143E-03 -0.532E+02    300.049  0.350E-01  0.671E-01  0.776E-01  0.533E-04
   7800.00  0.381E+00 -0.187E+00 -0.152E-03 -0.510E+02    300.278  0.350E-01  0.704E-01  0.816E-01  0.570E-04
   8100.00  0.386E+00 -0.194E+00 -0.160E-03 -0.504E+02    300.494  0.350E-01  0.740E-01  0.859E-01  0.607E-04
   8400.00  0.389E+00 -0.201E+00 -0.168E-03 -0.490E+02    300.713  0.350E-01  0.773E-01  0.900E-01  0.645E-04
   8700.00  0.390E+00 -0.210E+00 -0.177E-03 -0.470E+02    300.934  0.350E-01  0.807E-01  0.941E-01  0.681E-04
   9000.00  0.389E+00 -0.219E+00 -0.187E-03 -0.446E+02    301.157  0.350E-01  0.840E-01  0.981E-01  0.718E-04
   9300.00  0.388E+00 -0.228E+00 -0.197E-03 -0.424E+02    301.376  0.350E-01  0.874E-01  0.102E+00  0.753E-04
   9600.00  0.388E+00 -0.238E+00 -0.207E-03 -0.405E+02    301.592  0.350E-01  0.908E-01  0.106E+00  0.789E-04
   9900.00  0.388E+00 -0.248E+00 -0.217E-03 -0.387E+02    301.803  0.350E-01  0.943E-01  0.110E+00  0.824E-04
  10200.00  0.388E+00 -0.257E+00 -0.227E-03 -0.373E+02    302.014  0.350E-01  0.976E-01  0.115E+00  0.858E-04
  10500.00  0.387E+00 -0.266E+00 -0.236E-03 -0.358E+02    302.224  0.350E-01  0.101E+00  0.118E+00  0.893E-04
  10800.00  0.386E+00 -0.276E+00 -0.247E-03 -0.342E+02    302.434  0.350E-01  0.104E+00  0.122E+00  0.926E-04
  11100.00  0.385E+00 -0.286E+00 -0.257E-03 -0.328E+02    302.639  0.350E-01  0.107E+00  0.126E+00  0.959E-04
  11400.00  0.384E+00 -0.295E+00 -0.266E-03 -0.317E+02    302.840  0.350E-01  0.111E+00  0.130E+00  0.992E-04
  11700.00  0.385E+00 -0.304E+00 -0.275E-03 -0.308E+02    303.035  0.350E-01  0.114E+00  0.134E+00  0.102E-03
  12000.00  0.385E+00 -0.312E+00 -0.283E-03 -0.300E+02    303.233  0.350E-01  0.117E+00  0.138E+00  0.106E-03
  12300.00  0.386E+00 -0.321E+00 -0.292E-03 -0.292E+02    303.426  0.350E-01  0.120E+00  0.142E+00  0.109E-03
  12600.00  0.385E+00 -0.330E+00 -0.301E-03 -0.284E+02    303.618  0.350E-01  0.123E+00  0.145E+00  0.112E-03
  12900.00  0.384E+00 -0.339E+00 -0.310E-03 -0.273E+02    303.813  0.350E-01  0.126E+00  0.149E+00  0.115E-03
  13200.00  0.384E+00 -0.347E+00 -0.319E-03 -0.267E+02    303.997  0.350E-01  0.129E+00  0.152E+00  0.118E-03
  13500.00  0.384E+00 -0.355E+00 -0.327E-03 -0.260E+02    304.179  0.350E-01  0.132E+00  0.156E+00  0.120E-03
  13800.00  0.385E+00 -0.363E+00 -0.334E-03 -0.256E+02    304.361  0.350E-01  0.134E+00  0.159E+00  0.123E-03
  14100.00  0.385E+00 -0.369E+00 -0.341E-03 -0.251E+02    304.541  0.350E-01  0.137E+00  0.162E+00  0.126E-03
  14400.00  0.386E+00 -0.376E+00 -0.348E-03 -0.247E+02    304.716  0.350E-01  0.140E+00  0.165E+00  0.128E-03
  14700.00  0.386E+00 -0.383E+00 -0.356E-03 -0.243E+02    304.891  0.350E-01  0.142E+00  0.168E+00  0.131E-03
  15000.00  0.388E+00 -0.389E+00 -0.362E-03 -0.241E+02    305.058  0.350E-01  0.144E+00  0.171E+00  0.134E-03
  15300.00  0.390E+00 -0.393E+00 -0.367E-03 -0.240E+02    305.221  0.350E-01  0.147E+00  0.174E+00  0.136E-03
  15600.00  0.391E+00 -0.397E+00 -0.372E-03 -0.240E+02    305.382  0.350E-01  0.149E+00  0.176E+00  0.138E-03
  15900.00  0.393E+00 -0.402E+00 -0.377E-03 -0.239E+02    305.540  0.350E-01  0.151E+00  0.179E+00  0.141E-03
  16200.00  0.395E+00 -0.405E+00 -0.382E-03 -0.240E+02    305.690  0.350E-01  0.153E+00  0.181E+00  0.143E-03
  16500.00  0.399E+00 -0.406E+00 -0.383E-03 -0.244E+02    305.831  0.350E-01  0.155E+00  0.183E+00  0.145E-03
  16800.00  0.402E+00 -0.407E+00 -0.385E-03 -0.246E+02    305.971  0.350E-01  0.156E+00  0.186E+00  0.147E-03
  17100.00  0.406E+00 -0.409E+00 -0.388E-03 -0.250E+02    306.106  0.350E-01  0.158E+00  0.188E+00  0.149E-03
  17400.00  0.411E+00 -0.407E+00 -0.387E-03 -0.255E+02    306.239  0.350E-01  0.160E+00  0.190E+00  0.151E-03
  17700.00  0.414E+00 -0.407E+00 -0.389E-03 -0.260E+02    306.360  0.350E-01  0.161E+00  0.191E+00  0.153E-03
  18000.00  0.420E+00 -0.405E+00 -0.389E-03 -0.268E+02    306.470  0.350E-01  0.162E+00  0.193E+00  0.154E-03
  18300.00  0.424E+00 -0.403E+00 -0.388E-03 -0.273E+02    306.578  0.350E-01  0.163E+00  0.194E+00  0.156E-03
  18600.00  0.427E+00 -0.399E+00 -0.388E-03 -0.278E+02    306.669  0.350E-01  0.163E+00  0.195E+00  0.157E-03
  18900.00  0.431E+00 -0.397E+00 -0.388E-03 -0.286E+02    306.771  0.350E-01  0.164E+00  0.195E+00  0.159E-03
  19200.00  0.436E+00 -0.392E+00 -0.386E-03 -0.296E+02    306.847  0.350E-01  0.163E+00  0.195E+00  0.159E-03
  19500.00  0.441E+00 -0.383E+00 -0.382E-03 -0.309E+02    306.900  0.350E-01  0.162E+00  0.194E+00  0.160E-03
  19800.00  0.443E+00 -0.380E+00 -0.382E-03 -0.313E+02    306.969  0.350E-01  0.162E+00  0.194E+00  0.161E-03
  20100.00  0.442E+00 -0.380E+00 -0.384E-03 -0.313E+02    307.044  0.350E-01  0.162E+00  0.194E+00  0.161E-03
  20400.00  0.444E+00 -0.376E+00 -0.383E-03 -0.319E+02    307.101  0.350E-01  0.160E+00  0.193E+00  0.162E-03
  20700.00  0.444E+00 -0.373E+00 -0.384E-03 -0.325E+02    307.156  0.350E-01  0.159E+00  0.191E+00  0.161E-03
  21000.00  0.447E+00 -0.368E+00 -0.382E-03 -0.331E+02    307.212  0.350E-01  0.158E+00  0.190E+00  0.162E-03
  21300.00  0.449E+00 -0.361E+00 -0.378E-03 -0.340E+02    307.248  0.350E-01  0.157E+00  0.189E+00  0.162E-03
  21600.00  0.450E+00 -0.358E+00 -0.377E-03 -0.343E+02    307.298  0.350E-01  0.156E+00  0.188E+00  0.161E-03
  21900.00  0.447E+00 -0.353E+00 -0.376E-03 -0.342E+02    307.327  0.350E-01  0.153E+00  0.185E+00  0.161E-03
  22200.00  0.442E+00 -0.353E+00 -0.381E-03 -0.337E+02    307.358  0.350E-01  0.151E+00  0.182E+00  0.160E-03
  22500.00  0.445E+00 -0.349E+00 -0.378E-03 -0.343E+02    307.411  0.350E-01  0.150E+00  0.182E+00  0.160E-03
  22800.00  0.443E+00 -0.346E+00 -0.378E-03 -0.344E+02    307.451  0.350E-01  0.149E+00  0.180E+00  0.159E-03
  23100.00  0.439E+00 -0.342E+00 -0.379E-03 -0.340E+02    307.466  0.350E-01  0.146E+00  0.177E+00  0.158E-03
  23400.00  0.438E+00 -0.338E+00 -0.379E-03 -0.342E+02    307.486  0.350E-01  0.144E+00  0.175E+00  0.158E-03
  23700.00  0.437E+00 -0.336E+00 -0.378E-03 -0.344E+02    307.532  0.350E-01  0.143E+00  0.174E+00  0.157E-03
  24000.00  0.436E+00 -0.333E+00 -0.378E-03 -0.344E+02    307.562  0.350E-01  0.141E+00  0.172E+00  0.157E-03
  24300.00  0.439E+00 -0.328E+00 -0.374E-03 -0.351E+02    307.589  0.350E-01  0.140E+00  0.171E+00  0.156E-03
  24600.00  0.437E+00 -0.322E+00 -0.371E-03 -0.357E+02    307.582  0.350E-01  0.137E+00  0.167E+00  0.155E-03
  24900.00  0.433E+00 -0.316E+00 -0.371E-03 -0.356E+02    307.569  0.350E-01  0.133E+00  0.163E+00  0.153E-03
  25200.00  0.429E+00 -0.311E+00 -0.372E-03 -0.357E+02    307.563  0.350E-01  0.130E+00  0.160E+00  0.152E-03
  25500.00  0.426E+00 -0.306E+00 -0.372E-03 -0.357E+02    307.570  0.350E-01  0.127E+00  0.157E+00  0.150E-03
  25800.00  0.426E+00 -0.307E+00 -0.373E-03 -0.357E+02    307.625  0.350E-01  0.127E+00  0.156E+00  0.151E-03
  26100.00  0.425E+00 -0.306E+00 -0.373E-03 -0.358E+02    307.680  0.350E-01  0.126E+00  0.155E+00  0.150E-03
  26400.00  0.425E+00 -0.302E+00 -0.370E-03 -0.362E+02    307.711  0.350E-01  0.125E+00  0.154E+00  0.150E-03
  26700.00  0.425E+00 -0.292E+00 -0.366E-03 -0.370E+02    307.684  0.350E-01  0.122E+00  0.151E+00  0.148E-03
  27000.00  0.424E+00 -0.289E+00 -0.366E-03 -0.368E+02    307.702  0.350E-01  0.120E+00  0.149E+00  0.148E-03
  27300.00  0.422E+00 -0.285E+00 -0.363E-03 -0.371E+02    307.701  0.350E-01  0.117E+00  0.146E+00  0.146E-03
  27600.00  0.419E+00 -0.277E+00 -0.361E-03 -0.376E+02    307.650  0.350E-01  0.113E+00  0.141E+00  0.144E-03
  27900.00  0.417E+00 -0.268E+00 -0.357E-03 -0.383E+02    307.630  0.350E-01  0.110E+00  0.137E+00  0.143E-03
  28200.00  0.416E+00 -0.264E+00 -0.355E-03 -0.388E+02    307.641  0.350E-01  0.108E+00  0.135E+00  0.141E-03
  28500.00  0.414E+00 -0.259E+00 -0.354E-03 -0.392E+02    307.627  0.350E-01  0.105E+00  0.132E+00  0.140E-03
  28800.00  0.413E+00 -0.259E+00 -0.356E-03 -0.393E+02    307.649  0.350E-01  0.104E+00  0.131E+00  0.139E-03
  29100.00  0.412E+00 -0.261E+00 -0.356E-03 -0.386E+02    307.718  0.350E-01  0.104E+00  0.131E+00  0.139E-03
  29400.00  0.410E+00 -0.252E+00 -0.354E-03 -0.391E+02    307.686  0.350E-01  0.100E+00  0.127E+00  0.138E-03
  29700.00  0.408E+00 -0.243E+00 -0.351E-03 -0.395E+02    307.650  0.350E-01  0.964E-01  0.123E+00  0.136E-03
  30000.00  0.407E+00 -0.231E+00 -0.345E-03 -0.410E+02    307.581  0.350E-01  0.924E-01  0.118E+00  0.134E-03
  30300.00  0.403E+00 -0.223E+00 -0.342E-03 -0.421E+02    307.512  0.350E-01  0.880E-01  0.114E+00  0.131E-03
  30600.00  0.398E+00 -0.212E+00 -0.339E-03 -0.428E+02    307.431  0.350E-01  0.828E-01  0.108E+00  0.129E-03
  30900.00  0.395E+00 -0.210E+00 -0.340E-03 -0.424E+02    307.440  0.350E-01  0.809E-01  0.106E+00  0.128E-03
  31200.00  0.393E+00 -0.203E+00 -0.337E-03 -0.430E+02    307.404  0.350E-01  0.776E-01  0.102E+00  0.126E-03
  31500.00  0.391E+00 -0.192E+00 -0.332E-03 -0.447E+02    307.341  0.350E-01  0.738E-01  0.977E-01  0.124E-03
  31800.00  0.387E+00 -0.180E+00 -0.327E-03 -0.463E+02    307.250  0.350E-01  0.688E-01  0.922E-01  0.121E-03
  32100.00  0.385E+00 -0.173E+00 -0.325E-03 -0.474E+02    307.201  0.350E-01  0.655E-01  0.885E-01  0.120E-03
  32400.00  0.383E+00 -0.170E+00 -0.323E-03 -0.475E+02    307.194  0.350E-01  0.638E-01  0.866E-01  0.118E-03
  32700.00  0.382E+00 -0.162E+00 -0.320E-03 -0.487E+02    307.154  0.350E-01  0.607E-01  0.832E-01  0.117E-03
  33000.00  0.378E+00 -0.154E+00 -0.317E-03 -0.501E+02    307.097  0.350E-01  0.571E-01  0.792E-01  0.115E-03
  33300.00  0.376E+00 -0.147E+00 -0.313E-03 -0.512E+02    307.058  0.350E-01  0.545E-01  0.761E-01  0.113E-03
  33600.00  0.374E+00 -0.136E+00 -0.308E-03 -0.539E+02    306.966  0.350E-01  0.501E-01  0.713E-01  0.110E-03
  33900.00  0.372E+00 -0.125E+00 -0.303E-03 -0.568E+02    306.874  0.350E-01  0.458E-01  0.665E-01  0.108E-03
  34200.00  0.369E+00 -0.116E+00 -0.298E-03 -0.596E+02    306.793  0.350E-01  0.420E-01  0.621E-01  0.105E-03
  34500.00  0.366E+00 -0.106E+00 -0.294E-03 -0.625E+02    306.710  0.350E-01  0.382E-01  0.579E-01  0.103E-03
  34800.00  0.360E+00 -0.959E-01 -0.290E-03 -0.651E+02    306.616  0.350E-01  0.342E-01  0.533E-01  0.101E-03
  35100.00  0.356E+00 -0.844E-01 -0.286E-03 -0.694E+02    306.507  0.350E-01  0.297E-01  0.483E-01  0.980E-04
  35400.00  0.353E+00 -0.744E-01 -0.280E-03 -0.743E+02    306.411  0.350E-01  0.260E-01  0.441E-01  0.955E-04
  35700.00  0.349E+00 -0.649E-01 -0.275E-03 -0.792E+02    306.319  0.350E-01  0.225E-01  0.400E-01  0.929E-04
  36000.00  0.345E+00 -0.545E-01 -0.269E-03 -0.859E+02    306.215  0.350E-01  0.187E-01  0.357E-01  0.901E-04
  36300.00  0.341E+00 -0.437E-01 -0.264E-03 -0.948E+02    306.103  0.350E-01  0.149E-01  0.313E-01  0.873E-04
  36600.00  0.337E+00 -0.324E-01 -0.258E-03 -0.108E+03    305.979  0.350E-01  0.109E-01  0.267E-01  0.845E-04
  36900.00  0.333E+00 -0.220E-01 -0.253E-03 -0.122E+03    305.861  0.350E-01  0.736E-02  0.226E-01  0.816E-04
  37200.00  0.326E+00 -0.110E-01 -0.247E-03 -0.143E+03    305.728  0.350E-01  0.360E-02  0.182E-01  0.785E-04
  37500.00  0.319E+00  0.216E-03 -0.242E-03 -0.177E+03    305.587  0.350E-01 -0.589E-04  0.139E-01  0.751E-04
  37800.00  0.312E+00  0.113E-01 -0.237E-03 -0.235E+03    305.442  0.350E-01 -0.348E-02  0.983E-02  0.719E-04
  38100.00  0.304E+00  0.215E-01 -0.231E-03 -0.349E+03    305.301  0.350E-01 -0.654E-02  0.613E-02  0.687E-04
  38400.00  0.296E+00  0.315E-01 -0.226E-03 -0.721E+03    305.156  0.350E-01 -0.938E-02  0.264E-02  0.654E-04
  38700.00  0.286E+00  0.417E-01 -0.221E-03  0.341E+04    304.998  0.350E-01 -0.120E-01 -0.688E-03  0.618E-04
  39000.00  0.275E+00  0.520E-01 -0.215E-03  0.437E+03    304.825  0.350E-01 -0.144E-01 -0.378E-02  0.581E-04
  39300.00  0.264E+00  0.622E-01 -0.210E-03  0.218E+03    304.644  0.350E-01 -0.165E-01 -0.659E-02  0.544E-04
  39600.00  0.251E+00  0.716E-01 -0.206E-03  0.139E+03    304.458  0.350E-01 -0.181E-01 -0.890E-02  0.506E-04
  39900.00  0.233E+00  0.800E-01 -0.203E-03  0.958E+02    304.262  0.350E-01 -0.187E-01 -0.104E-01  0.464E-04
  40200.00  0.212E+00  0.872E-01 -0.202E-03  0.683E+02    304.055  0.350E-01 -0.186E-01 -0.111E-01  0.420E-04
  40500.00  0.191E+00  0.933E-01 -0.199E-03  0.502E+02    303.837  0.350E-01 -0.180E-01 -0.113E-01  0.374E-04
  40800.00  0.171E+00  0.977E-01 -0.194E-03  0.379E+02    303.612  0.350E-01 -0.168E-01 -0.110E-01  0.327E-04
  41100.00  0.152E+00  0.101E+00 -0.187E-03  0.296E+02    303.381  0.350E-01 -0.155E-01 -0.105E-01  0.282E-04
  41400.00  0.136E+00  0.104E+00 -0.177E-03  0.235E+02    303.143  0.350E-01 -0.144E-01 -0.102E-01  0.238E-04
  41700.00  0.121E+00  0.105E+00 -0.164E-03  0.183E+02    302.895  0.350E-01 -0.131E-01 -0.960E-02  0.197E-04
  42000.00  0.103E+00  0.102E+00 -0.153E-03  0.129E+02    302.634  0.350E-01 -0.108E-01 -0.803E-02  0.156E-04
  42300.00  0.791E-01  0.894E-01 -0.144E-03  0.794E+01    302.368  0.350E-01 -0.723E-02 -0.524E-02  0.113E-04
  42600.00  0.622E-01  0.772E-01 -0.130E-03  0.525E+01    302.095  0.350E-01 -0.499E-02 -0.359E-02  0.799E-05
  42900.00  0.529E-01  0.723E-01 -0.116E-03  0.395E+01    301.807  0.350E-01 -0.399E-02 -0.292E-02  0.609E-05
  43200.00  0.467E-01  0.682E-01 -0.102E-03  0.319E+01    301.566  0.350E-01 -0.332E-02 -0.248E-02  0.477E-05
