# Nz=	200	dz =	15.000000
#z ug(z) vg(z) wfls(z),dqtdxls(z),dqtdyls(z),dqtdtls(z),dthlrad(z)
7.5	8.0	0.0	-0.0	0.0	0.0	0.0	0
22.5	8.0	0.0	-0.0	0.0	0.0	0.0	0
37.5	8.0	0.0	-0.0	0.0	0.0	0.0	0
52.5	8.0	0.0	-0.0	0.0	0.0	0.0	0
67.5	8.0	0.0	-0.0	0.0	0.0	0.0	0
82.5	8.0	0.0	-0.0	0.0	0.0	0.0	0
97.5	8.0	0.0	-0.0	0.0	0.0	0.0	0
112.5	8.0	0.0	-0.0	0.0	0.0	0.0	0
127.5	8.0	0.0	-0.0	0.0	0.0	0.0	0
142.5	8.0	0.0	-0.0	0.0	0.0	0.0	0
157.5	8.0	0.0	-0.0	0.0	0.0	0.0	0
172.5	8.0	0.0	-0.0	0.0	0.0	0.0	0
187.5	8.0	0.0	-0.0	0.0	0.0	0.0	0
202.5	8.0	0.0	-0.0	0.0	0.0	0.0	0
217.5	8.0	0.0	-0.0	0.0	0.0	0.0	0
232.5	8.0	0.0	-0.0	0.0	0.0	0.0	0
247.5	8.0	0.0	-0.0	0.0	0.0	0.0	0
262.5	8.0	0.0	-0.0	0.0	0.0	0.0	0
277.5	8.0	0.0	-0.0	0.0	0.0	0.0	0
292.5	8.0	0.0	-0.0	0.0	0.0	0.0	0
307.5	8.0	0.0	-0.0	0.0	0.0	0.0	0
322.5	8.0	0.0	-0.0	0.0	0.0	0.0	0
337.5	8.0	0.0	-0.0	0.0	0.0	0.0	0
352.5	8.0	0.0	-0.0	0.0	0.0	0.0	0
367.5	8.0	0.0	-0.0	0.0	0.0	0.0	0
382.5	8.0	0.0	-0.0	0.0	0.0	0.0	0
397.5	8.0	0.0	-0.0	0.0	0.0	0.0	0
412.5	8.0	0.0	-0.0	0.0	0.0	0.0	0
427.5	8.0	0.0	-0.0	0.0	0.0	0.0	0
442.5	8.0	0.0	-0.0	0.0	0.0	0.0	0
457.5	8.0	0.0	-0.0	0.0	0.0	0.0	0
472.5	8.0	0.0	-0.0	0.0	0.0	0.0	0
487.5	8.0	0.0	-0.0	0.0	0.0	0.0	0
502.5	8.0	0.0	-0.0	0.0	0.0	0.0	0
517.5	8.0	0.0	-0.0	0.0	0.0	0.0	0
532.5	8.0	0.0	-0.0	0.0	0.0	0.0	0
547.5	8.0	0.0	-0.0	0.0	0.0	0.0	0
562.5	8.0	0.0	-0.0	0.0	0.0	0.0	0
577.5	8.0	0.0	-0.0	0.0	0.0	0.0	0
592.5	8.0	0.0	-0.0	0.0	0.0	0.0	0
607.5	8.0	0.0	-0.0	0.0	0.0	0.0	0
622.5	8.0	0.0	-0.0	0.0	0.0	0.0	0
637.5	8.0	0.0	-0.0	0.0	0.0	0.0	0
652.5	8.0	0.0	-0.0	0.0	0.0	0.0	0
667.5	8.0	0.0	-0.0	0.0	0.0	0.0	0
682.5	8.0	0.0	-0.0	0.0	0.0	0.0	0
697.5	8.0	0.0	-0.0	0.0	0.0	0.0	0
712.5	8.0	0.0	-0.0	0.0	0.0	0.0	0
727.5	8.0	0.0	-0.0	0.0	0.0	0.0	0
742.5	8.0	0.0	-0.0	0.0	0.0	0.0	0
757.5	8.0	0.0	-0.0	0.0	0.0	0.0	0
772.5	8.0	0.0	-0.0	0.0	0.0	0.0	0
787.5	8.0	0.0	-0.0	0.0	0.0	0.0	0
802.5	8.0	0.0	-0.0	0.0	0.0	0.0	0
817.5	8.0	0.0	-0.0	0.0	0.0	0.0	0
832.5	8.0	0.0	-0.0	0.0	0.0	0.0	0
847.5	8.0	0.0	-0.0	0.0	0.0	0.0	0
862.5	8.0	0.0	-0.0	0.0	0.0	0.0	0
877.5	8.0	0.0	-0.0	0.0	0.0	0.0	0
892.5	8.0	0.0	-0.0	0.0	0.0	0.0	0
907.5	8.0	0.0	-0.0	0.0	0.0	0.0	0
922.5	8.0	0.0	-0.0	0.0	0.0	0.0	0
937.5	8.0	0.0	-0.0	0.0	0.0	0.0	0
952.5	8.0	0.0	-0.0	0.0	0.0	0.0	0
967.5	8.0	0.0	-0.0	0.0	0.0	0.0	0
982.5	8.0	0.0	-0.0	0.0	0.0	0.0	0
997.5	8.0	0.0	-0.0	0.0	0.0	0.0	0
1012.5	8.0	0.0	-0.00	0.0	0.0	0.0	0.0
1027.5	8.0	0.0	-0.00	0.0	0.0	0.0	0.0
1042.5	8.0	0.0	-0.00	0.0	0.0	0.0	0.0
1057.5	8.0	0.0	-0.00	0.0	0.0	0.0	0.0
1072.5	8.0	0.0	-0.00	0.0	0.0	0.0	0.0
1087.5	8.0	0.0	-0.00	0.0	0.0	0.0	0.0
1102.5	8.0	0.0	-0.00	0.0	0.0	0.0	0.0
1117.5	8.0	0.0	-0.00	0.0	0.0	0.0	0.0
1132.5	8.0	0.0	-0.00	0.0	0.0	0.0	0.0
1147.5	8.0	0.0	-0.00	0.0	0.0	0.0	0.0
1162.5	8.0	0.0	-0.00	0.0	0.0	0.0	0.0
1177.5	8.0	0.0	-0.00	0.0	0.0	0.0	0.0
1192.5	8.0	0.0	-0.00	0.0	0.0	0.0	0.0
1207.5	8.0	0.0	-0.00	0.0	0.0	0.0	0.0
1222.5	8.0	0.0	-0.00	0.0	0.0	0.0	0.0
1237.5	8.0	0.0	-0.00	0.0	0.0	0.0	0.0
1252.5	8.0	0.0	-0.00	0.0	0.0	0.0	0.0
1267.5	8.0	0.0	-0.00	0.0	0.0	0.0	0.0
1282.5	8.0	0.0	-0.00	0.0	0.0	0.0	0.0
1297.5	8.0	0.0	-0.00	0.0	0.0	0.0	0.0
1312.5	8.0	0.0	-0.00	0.0	0.0	0.0	0.0
1327.5	8.0	0.0	-0.00	0.0	0.0	0.0	0.0
1342.5	8.0	0.0	-0.00	0.0	0.0	0.0	0.0
1357.5	8.0	0.0	-0.00	0.0	0.0	0.0	0.0
1372.5	8.0	0.0	-0.00	0.0	0.0	0.0	0.0
1387.5	8.0	0.0	-0.00	0.0	0.0	0.0	0.0
1402.5	8.0	0.0	-0.00	0.0	0.0	0.0	0.0
1417.5	8.0	0.0	-0.00	0.0	0.0	0.0	0.0
1432.5	8.0	0.0	-0.00	0.0	0.0	0.0	0.0
1447.5	8.0	0.0	-0.00	0.0	0.0	0.0	0.0
1462.5	8.0	0.0	-0.00	0.0	0.0	0.0	0.0
1477.5	8.0	0.0	-0.00	0.0	0.0	0.0	0.0
1492.5	8.0	0.0	-0.00	0.0	0.0	0.0	0.0
1507.5	8.0	0.0	-0.00	0.0	0.0	0.0	0.0
1522.5	8.0	0.0	-0.00	0.0	0.0	0.0	0.0
1537.5	8.0	0.0	-0.00	0.0	0.0	0.0	0.0
1552.5	8.0	0.0	-0.00	0.0	0.0	0.0	0.0
1567.5	8.0	0.0	-0.00	0.0	0.0	0.0	0.0
1582.5	8.0	0.0	-0.00	0.0	0.0	0.0	0.0
1597.5	8.0	0.0	-0.00	0.0	0.0	0.0	0.0
1612.5	8.0	0.0	-0.00	0.0	0.0	0.0	0.0
1627.5	8.0	0.0	-0.00	0.0	0.0	0.0	0.0
1642.5	8.0	0.0	-0.00	0.0	0.0	0.0	0.0
1657.5	8.0	0.0	-0.00	0.0	0.0	0.0	0.0
1672.5	8.0	0.0	-0.00	0.0	0.0	0.0	0.0
1687.5	8.0	0.0	-0.00	0.0	0.0	0.0	0.0
1702.5	8.0	0.0	-0.00	0.0	0.0	0.0	0.0
1717.5	8.0	0.0	-0.00	0.0	0.0	0.0	0.0
1732.5	8.0	0.0	-0.00	0.0	0.0	0.0	0.0
1747.5	8.0	0.0	-0.00	0.0	0.0	0.0	0.0
1762.5	8.0	0.0	-0.00	0.0	0.0	0.0	0.0
1777.5	8.0	0.0	-0.00	0.0	0.0	0.0	0.0
1792.5	8.0	0.0	-0.00	0.0	0.0	0.0	0.0
1807.5	8.0	0.0	-0.00	0.0	0.0	0.0	0.0
1822.5	8.0	0.0	-0.00	0.0	0.0	0.0	0.0
1837.5	8.0	0.0	-0.00	0.0	0.0	0.0	0.0
1852.5	8.0	0.0	-0.00	0.0	0.0	0.0	0.0
1867.5	8.0	0.0	-0.00	0.0	0.0	0.0	0.0
1882.5	8.0	0.0	-0.00	0.0	0.0	0.0	0.0
1897.5	8.0	0.0	-0.00	0.0	0.0	0.0	0.0
1912.5	8.0	0.0	-0.00	0.0	0.0	0.0	0.0
1927.5	8.0	0.0	-0.00	0.0	0.0	0.0	0.0
1942.5	8.0	0.0	-0.00	0.0	0.0	0.0	0.0
1957.5	8.0	0.0	-0.00	0.0	0.0	0.0	0.0
1972.5	8.0	0.0	-0.00	0.0	0.0	0.0	0.0
1987.5	8.0	0.0	-0.00	0.0	0.0	0.0	0.0
2002.5	8.0	0.0	-0.00	0.0	0.0	0.0	0.0
2017.5	8.0	0.0	-0.00	0.0	0.0	0.0	0.0
2032.5	8.0	0.0	-0.00	0.0	0.0	0.0	0.0
2047.5	8.0	0.0	-0.00	0.0	0.0	0.0	0.0
2062.5	8.0	0.0	-0.00	0.0	0.0	0.0	0.0
2077.5	8.0	0.0	-0.00	0.0	0.0	0.0	0.0
2092.5	8.0	0.0	-0.00	0.0	0.0	0.0	0.0
2107.5	8.0	0.0	-0.00	0.0	0.0	0.0	0.0
2122.5	8.0	0.0	-0.00	0.0	0.0	0.0	0.0
2137.5	8.0	0.0	-0.00	0.0	0.0	0.0	0.0
2152.5	8.0	0.0	-0.00	0.0	0.0	0.0	0.0
2167.5	8.0	0.0	-0.00	0.0	0.0	0.0	0.0
2182.5	8.0	0.0	-0.00	0.0	0.0	0.0	0.0
2197.5	8.0	0.0	-0.00	0.0	0.0	0.0	0.0
2212.5	8.0	0.0	-0.00	0.0	0.0	0.0	0.0
2227.5	8.0	0.0	-0.00	0.0	0.0	0.0	0.0
2242.5	8.0	0.0	-0.00	0.0	0.0	0.0	0.0
2257.5	8.0	0.0	-0.00	0.0	0.0	0.0	0.0
2272.5	8.0	0.0	-0.00	0.0	0.0	0.0	0.0
2287.5	8.0	0.0	-0.00	0.0	0.0	0.0	0.0
2302.5	8.0	0.0	-0.00	0.0	0.0	0.0	0.0
2317.5	8.0	0.0	-0.00	0.0	0.0	0.0	0.0
2332.5	8.0	0.0	-0.00	0.0	0.0	0.0	0.0
2347.5	8.0	0.0	-0.00	0.0	0.0	0.0	0.0
2362.5	8.0	0.0	-0.00	0.0	0.0	0.0	0.0
2377.5	8.0	0.0	-0.00	0.0	0.0	0.0	0.0
2392.5	8.0	0.0	-0.00	0.0	0.0	0.0	0.0
2407.5	8.0	0.0	-0.00	0.0	0.0	0.0	0.0
2422.5	8.0	0.0	-0.00	0.0	0.0	0.0	0.0
2437.5	8.0	0.0	-0.00	0.0	0.0	0.0	0.0
2452.5	8.0	0.0	-0.00	0.0	0.0	0.0	0.0
2467.5	8.0	0.0	-0.00	0.0	0.0	0.0	0.0
2482.5	8.0	0.0	-0.00	0.0	0.0	0.0	0.0
2497.5	8.0	0.0	-0.00	0.0	0.0	0.0	0.0
2512.5	8.0	0.0	-0.00	0.0	0.0	0.0	0.0
2527.5	8.0	0.0	-0.00	0.0	0.0	0.0	0.0
2542.5	8.0	0.0	-0.00	0.0	0.0	0.0	0.0
2557.5	8.0	0.0	-0.00	0.0	0.0	0.0	0.0
2572.5	8.0	0.0	-0.00	0.0	0.0	0.0	0.0
2587.5	8.0	0.0	-0.00	0.0	0.0	0.0	0.0
2602.5	8.0	0.0	-0.00	0.0	0.0	0.0	0.0
2617.5	8.0	0.0	-0.00	0.0	0.0	0.0	0.0
2632.5	8.0	0.0	-0.00	0.0	0.0	0.0	0.0
2647.5	8.0	0.0	-0.00	0.0	0.0	0.0	0.0
2662.5	8.0	0.0	-0.00	0.0	0.0	0.0	0.0
2677.5	8.0	0.0	-0.00	0.0	0.0	0.0	0.0
2692.5	8.0	0.0	-0.00	0.0	0.0	0.0	0.0
2707.5	8.0	0.0	-0.00	0.0	0.0	0.0	0.0
2722.5	8.0	0.0	-0.00	0.0	0.0	0.0	0.0
2737.5	8.0	0.0	-0.00	0.0	0.0	0.0	0.0
2752.5	8.0	0.0	-0.00	0.0	0.0	0.0	0.0
2767.5	8.0	0.0	-0.00	0.0	0.0	0.0	0.0
2782.5	8.0	0.0	-0.00	0.0	0.0	0.0	0.0
2797.5	8.0	0.0	-0.00	0.0	0.0	0.0	0.0
2812.5	8.0	0.0	-0.00	0.0	0.0	0.0	0.0
2827.5	8.0	0.0	-0.00	0.0	0.0	0.0	0.0
2842.5	8.0	0.0	-0.00	0.0	0.0	0.0	0.0
2857.5	8.0	0.0	-0.00	0.0	0.0	0.0	0.0
2872.5	8.0	0.0	-0.00	0.0	0.0	0.0	0.0
2887.5	8.0	0.0	-0.00	0.0	0.0	0.0	0.0
2902.5	8.0	0.0	-0.00	0.0	0.0	0.0	0.0
2917.5	8.0	0.0	-0.00	0.0	0.0	0.0	0.0
2932.5	8.0	0.0	-0.00	0.0	0.0	0.0	0.0
2947.5	8.0	0.0	-0.00	0.0	0.0	0.0	0.0
2962.5	8.0	0.0	-0.00	0.0	0.0	0.0	0.0
2977.5	8.0	0.0	-0.00	0.0	0.0	0.0	0.0
2992.5	8.0	0.0	-0.00	0.0	0.0	0.0	0.0
