# Nz=200    dz =    15
#zc th qt u v tke
7.5	286.3	0.00701	8.0	0.0	0.1
22.5	286.426	0.0066425	8.0	0.0	0.1
37.5	286.51	0.00652	8.0	0.0	0.1
52.5	287.06425	0.006371	8.0	0.0	0.1
67.5	287.6185	0.006222	8.0	0.0	0.1
82.5	288.17275	0.006073	8.0	0.0	0.1
97.5	288.727	0.005924	8.0	0.0	0.1
112.5	289.28125	0.005775	8.0	0.0	0.1
127.5	289.8355	0.005626	8.0	0.0	0.1
142.5	290.38975	0.005477	8.0	0.0	0.1
157.5	290.944	0.005328	8.0	0.0	0.1
172.5	291.49825	0.005179	8.0	0.0	0.1
187.5	292.0525	0.00503	8.0	0.0	0.1
202.5	292.60675	0.004930625	8.0	0.0	0.1
217.5	293.161	0.00483125	8.0	0.0	0.1
232.5	293.71525	0.004731875	8.0	0.0	0.1
247.5	293.9	0.0046325	8.0	0.0	0.1
262.5	293.900545455	0.004533125	8.0	0.0	0.1
277.5	293.901090909	0.0045	8.0	0.0	0.1
292.5	293.901636364	0.00449972727273	8.0	0.0	0.1
307.5	293.902181818	0.00449945454545	8.0	0.0	0.1
322.5	293.902727273	0.00449918181818	8.0	0.0	0.1
337.5	293.903272727	0.00449890909091	8.0	0.0	0.1
352.5	293.903818182	0.00449863636364	8.0	0.0	0.1
367.5	293.904363636	0.00449836363636	8.0	0.0	0.1
382.5	293.904909091	0.00449809090909	8.0	0.0	0.1
397.5	293.905454545	0.00449781818182	8.0	0.0	0.1
412.5	293.906	0.00449754545455	8.0	0.0	0.1
427.5	293.906545455	0.00449727272727	8.0	0.0	0.1
442.5	293.907090909	0.004497	8.0	0.0	0.1
457.5	293.907636364	0.00449672727273	8.0	0.0	0.1
472.5	293.908181818	0.00449645454545	8.0	0.0	0.1
487.5	293.908727273	0.00449618181818	8.0	0.0	0.1
502.5	293.909272727	0.00449590909091	8.0	0.0	0.1
517.5	293.909818182	0.00449563636364	8.0	0.0	0.1
532.5	293.91	0.00449536363636	8.0	0.0	0.1
547.5	293.92	0.00449509090909	8.0	0.0	0.1
562.5	293.927571802	0.00449481818182	8.0	0.0	0.1
577.5	293.935143603	0.00449454545455	8.0	0.0	0.1
592.5	293.942715405	0.00449427272727	8.0	0.0	0.1
607.5	293.950287206	0.004494	8.0	0.0	0.1
622.5	293.957859008	0.00449372727273	8.0	0.0	0.1
637.5	293.965430809	0.00449345454545	8.0	0.0	0.1
652.5	293.973002611	0.00449318181818	8.0	0.0	0.1
667.5	293.980574413	0.00449290909091	8.0	0.0	0.1
682.5	293.988146214	0.00449263636364	8.0	0.0	0.1
697.5	293.995718016	0.00449236363636	8.0	0.0	0.1
712.5	294.003289817	0.00449209090909	8.0	0.0	0.1
727.5	294.010861619	0.00449181818182	8.0	0.0	0.1
742.5	294.01843342	0.00449154545455	8.0	0.0	0.1
757.5	294.026005222	0.00449127272727	8.0	0.0	0.1
772.5	294.033577023	0.004491	8.0	0.0	0.1
787.5	294.041148825	0.00449072727273	8.0	0.0	0.1
802.5	294.048720627	0.00449045454545	8.0	0.0	0.1
817.5	294.056292428	0.00449018181818	8.0	0.0	0.1
832.5	294.06386423	0.00449	8.0	0.0	0.1
847.5	294.071436031	0.00446533333333	8.0	0.0	0.1
862.5	294.079007833	0.00444066666667	8.0	0.0	0.1
877.5	294.086579634	0.004416	8.0	0.0	0.1
892.5	294.094151436	0.00439133333333	8.0	0.0	0.1
907.5	294.101723238	0.00436666666667	8.0	0.0	0.1
922.5	294.109295039	0.004342	8.0	0.0	0.1
937.5	294.116866841	0.00431733333333	8.0	0.0	0.1
952.5	294.124438642	0.00429266666667	8.0	0.0	0.1
967.5	294.132010444	0.004268	8.0	0.0	0.1
982.5	294.139582245	0.00424333333333	8.0	0.0	0.1
997.5	294.147154047	0.00421866666667	8.0	0.0	0.1
1012.5	294.154725849	0.004194	8.0	0.0	0.1
1027.5	294.16229765	0.00416933333333	8.0	0.0	0.1
1042.5	294.169869452	0.00414466666667	8.0	0.0	0.1
1057.5	294.177441253	0.00412	8.0	0.0	0.1
1072.5	294.185013055	0.00409533333333	8.0	0.0	0.1
1087.5	294.192584856	0.00407066666667	8.0	0.0	0.1
1102.5	294.200156658	0.004046	8.0	0.0	0.1
1117.5	294.20772846	0.00402133333333	8.0	0.0	0.1
1132.5	294.215300261	0.00399666666667	8.0	0.0	0.1
1147.5	294.222872063	0.003972	8.0	0.0	0.1
1162.5	294.230443864	0.00394733333333	8.0	0.0	0.1
1177.5	294.238015666	0.00392266666667	8.0	0.0	0.1
1192.5	294.245587467	0.003898	8.0	0.0	0.1
1207.5	294.253159269	0.00387333333333	8.0	0.0	0.1
1222.5	294.26073107	0.00384866666667	8.0	0.0	0.1
1237.5	294.268302872	0.003824	8.0	0.0	0.1
1252.5	294.275874674	0.00379933333333	8.0	0.0	0.1
1267.5	294.283446475	0.00377466666667	8.0	0.0	0.1
1282.5	294.291018277	0.00375	8.0	0.0	0.1
1297.5	294.298590078	0.00372533333333	8.0	0.0	0.1
1312.5	294.30616188	0.00370066666667	8.0	0.0	0.1
1327.5	294.313733681	0.003676	8.0	0.0	0.1
1342.5	294.321305483	0.00365133333333	8.0	0.0	0.1
1357.5	294.328877285	0.00362666666667	8.0	0.0	0.1
1372.5	294.336449086	0.003602	8.0	0.0	0.1
1387.5	294.344020888	0.00357733333333	8.0	0.0	0.1
1402.5	294.351592689	0.00355266666667	8.0	0.0	0.1
1417.5	294.359164491	0.003528	8.0	0.0	0.1
1432.5	294.366736292	0.00350333333333	8.0	0.0	0.1
1447.5	294.374308094	0.00347866666667	8.0	0.0	0.1
1462.5	294.381879896	0.003454	8.0	0.0	0.1
1477.5	294.389451697	0.00342933333333	8.0	0.0	0.1
1492.5	294.397023499	0.00340466666667	8.0	0.0	0.1
1507.5	294.4045953	0.00338	8.0	0.0	0.1
1522.5	294.412167102	0.00335533333333	8.0	0.0	0.1
1537.5	294.419738903	0.00333066666667	8.0	0.0	0.1
1552.5	294.427310705	0.003306	8.0	0.0	0.1
1567.5	294.434882507	0.00328133333333	8.0	0.0	0.1
1582.5	294.442454308	0.00325666666667	8.0	0.0	0.1
1597.5	294.45002611	0.003232	8.0	0.0	0.1
1612.5	294.457597911	0.00320733333333	8.0	0.0	0.1
1627.5	294.465169713	0.00318266666667	8.0	0.0	0.1
1642.5	294.472741514	0.003158	8.0	0.0	0.1
1657.5	294.480313316	0.00313333333333	8.0	0.0	0.1
1672.5	294.487885117	0.00310866666667	8.0	0.0	0.1
1687.5	294.495456919	0.003084	8.0	0.0	0.1
1702.5	294.5	0.00305933333333	8.0	0.0	0.1
1717.5	295.2	0.00303466666667	8.0	0.0	0.1
1732.5	295.370588235	0.00301	8.0	0.0	0.1
1747.5	295.541176471	0.002739	8.0	0.0	0.1
1762.5	295.711764706	0.002468	8.0	0.0	0.1
1777.5	295.882352941	0.002197	8.0	0.0	0.1
1792.5	296.052941176	0.001926	8.0	0.0	0.1
1807.5	296.223529412	0.001655	8.0	0.0	0.1
1822.5	296.394117647	0.001384	8.0	0.0	0.1
1837.5	296.564705882	0.001113	8.0	0.0	0.1
1852.5	296.735294118	0.000842	8.0	0.0	0.1
1867.5	296.905882353	0.000571	8.0	0.0	0.1
1882.5	297.076470588	0.0003	8.0	0.0	0.1
1897.5	297.247058824	0.000300272727273	8.0	0.0	0.1
1912.5	297.417647059	0.000300545454545	8.0	0.0	0.1
1927.5	297.588235294	0.000300818181818	8.0	0.0	0.1
1942.5	297.758823529	0.000301090909091	8.0	0.0	0.1
1957.5	297.929411765	0.000301363636364	8.0	0.0	0.1
1972.5	298.1	0.000301636363636	8.0	0.0	0.1
1987.5	298.169444444	0.000301909090909	8.0	0.0	0.1
2002.5	298.238888889	0.000302181818182	8.0	0.0	0.1
2017.5	298.308333333	0.000302454545455	8.0	0.0	0.1
2032.5	298.377777778	0.000302727272727	8.0	0.0	0.1
2047.5	298.447222222	0.000303	8.0	0.0	0.1
2062.5	298.516666667	0.000303272727273	8.0	0.0	0.1
2077.5	298.586111111	0.000303545454545	8.0	0.0	0.1
2092.5	298.655555556	0.000303818181818	8.0	0.0	0.1
2107.5	298.725	0.000304090909091	8.0	0.0	0.1
2122.5	298.794444444	0.000304363636364	8.0	0.0	0.1
2137.5	298.863888889	0.000304636363636	8.0	0.0	0.1
2152.5	298.933333333	0.000304909090909	8.0	0.0	0.1
2167.5	299.002777778	0.000305181818182	8.0	0.0	0.1
2182.5	299.072222222	0.000305454545455	8.0	0.0	0.1
2197.5	299.141666667	0.000305727272727	8.0	0.0	0.1
2212.5	299.211111111	0.000306	8.0	0.0	0.1
2227.5	299.280555556	0.000306272727273	8.0	0.0	0.1
2242.5	299.35	0.000306545454545	8.0	0.0	0.1
2257.5	299.419444444	0.000306818181818	8.0	0.0	0.1
2272.5	299.488888889	0.000307090909091	8.0	0.0	0.1
2287.5	299.558333333	0.000307363636364	8.0	0.0	0.1
2302.5	299.627777778	0.000307636363636	8.0	0.0	0.1
2317.5	299.697222222	0.000307909090909	8.0	0.0	0.1
2332.5	299.766666667	0.000308181818182	8.0	0.0	0.1
2347.5	299.836111111	0.000308454545455	8.0	0.0	0.1
2362.5	299.905555556	0.000308727272727	8.0	0.0	0.1
2377.5	299.975	0.000309	8.0	0.0	0.1
2392.5	300.044444444	0.000309272727273	8.0	0.0	0.1
2407.5	300.113888889	0.000309545454545	8.0	0.0	0.1
2422.5	300.183333333	0.000309818181818	8.0	0.0	0.1
2437.5	300.252777778	0.00031	8.0	0.0	0.1
2452.5	300.322222222	0.00031025	8.0	0.0	0.1
2467.5	300.391666667	0.0003105	8.0	0.0	0.1
2482.5	300.461111111	0.00031075	8.0	0.0	0.1
2497.5	300.530555556	0.000311	8.0	0.0	0.1
2512.5	300.6	0.00031125	8.0	0.0	0.1
2527.5	300.669444444	0.0003115	8.0	0.0	0.1
2542.5	300.738888889	0.00031175	8.0	0.0	0.1
2557.5	300.808333333	0.000312	8.0	0.0	0.1
2572.5	300.877777778	0.00031225	8.0	0.0	0.1
2587.5	300.947222222	0.0003125	8.0	0.0	0.1
2602.5	301.016666667	0.00031275	8.0	0.0	0.1
2617.5	301.086111111	0.000313	8.0	0.0	0.1
2632.5	301.155555556	0.00031325	8.0	0.0	0.1
2647.5	301.225	0.0003135	8.0	0.0	0.1
2662.5	301.294444444	0.00031375	8.0	0.0	0.1
2677.5	301.363888889	0.000314	8.0	0.0	0.1
2692.5	301.433333333	0.00031425	8.0	0.0	0.1
2707.5	301.502777778	0.0003145	8.0	0.0	0.1
2722.5	301.572222222	0.00031475	8.0	0.0	0.1
2737.5	301.641666667	0.000315	8.0	0.0	0.1
2752.5	301.711111111	0.00031525	8.0	0.0	0.1
2767.5	301.780555556	0.0003155	8.0	0.0	0.1
2782.5	301.85	0.00031575	8.0	0.0	0.1
2797.5	301.919444444	0.000316	8.0	0.0	0.1
2812.5	301.988888889	0.00031625	8.0	0.0	0.1
2827.5	302.058333333	0.0003165	8.0	0.0	0.1
2842.5	302.127777778	0.00031675	8.0	0.0	0.1
2857.5	302.197222222	0.000317	8.0	0.0	0.1
2872.5	302.266666667	0.00031725	8.0	0.0	0.1
2887.5	302.336111111	0.0003175	8.0	0.0	0.1
2902.5	302.405555556	0.00031775	8.0	0.0	0.1
2917.5	302.475	0.000318	8.0	0.0	0.1
2932.5	302.544444444	0.00031825	8.0	0.0	0.1
2947.5	302.613888889	0.0003185	8.0	0.0	0.1
2962.5	302.683333333	0.00031875	8.0	0.0	0.1
2977.5	302.752777778	0.000319	8.0	0.0	0.1
2992.5	302.822222222	0.00031925	8.0	0.0	0.1
