# Nz=	200	dz =	15.000000
#zc sv1
7.5	0.002
22.5	0.002
37.5	0.002
52.5	0.002
67.5	0.002
82.5	0.002
97.5	0.002
112.5	0.002
127.5	0.002
142.5	0.002
157.5	0.002
172.5	0.002
187.5	0.002
202.5	0.002
217.5	0.002
232.5	0.002
247.5	0.002
262.5	0.002
277.5	0.002
292.5	0.002
307.5	0.002
322.5	0.002
337.5	0.002
352.5	0.002
367.5	0.002
382.5	0.002
397.5	0.002
412.5	0.002
427.5	0.002
442.5	0.002
457.5	0.002
472.5	0.002
487.5	0.002
502.5	0.002
517.5	0.002
532.5	0.002
547.5	0.002
562.5	0.002
577.5	0.002
592.5	0.002
607.5	0.002
622.5	0.002
637.5	0.002
652.5	0.002
667.5	0.002
682.5	0.002
697.5	0.002
712.5	0.002
727.5	0.002
742.5	0.002
757.5	0.002
772.5	0.002
787.5	0.002
802.5	0.002
817.5	0.002
832.5	0.002
847.5	0.002
862.5	0.002
877.5	0.002
892.5	0.002
907.5	0.002
922.5	0.002
937.5	0.002
952.5	0.002
967.5	0.002
982.5	0.002
997.5	0.002
1012.5	0.002
1027.5	0.002
1042.5	0.002
1057.5	0.002
1072.5	0.002
1087.5	0.002
1102.5	0.002
1117.5	0.002
1132.5	0.002
1147.5	0.002
1162.5	0.002
1177.5	0.002
1192.5	0.002
1207.5	0.002
1222.5	0.002
1237.5	0.002
1252.5	0.002
1267.5	0.002
1282.5	0.002
1297.5	0.002
1312.5	0.002
1327.5	0.002
1342.5	0.002
1357.5	0.002
1372.5	0.002
1387.5	0.002
1402.5	0.001
1417.5	0.001
1432.5	0.001
1447.5	0.001
1462.5	0.0
1477.5	0.0
1492.5	0.0
1507.5	0.0
1522.5	0.0
1537.5	0.0
1552.5	0.0
1567.5	0.0
1582.5	0.0
1597.5	0.0
1612.5	0.0
1627.5	0.0
1642.5	0.0
1657.5	0.0
1672.5	0.0
1687.5	0.0
1702.5	0.0
1717.5	0.0
1732.5	0.0
1747.5	0.0
1762.5	0.0
1777.5	0.0
1792.5	0.0
1807.5	0.0
1822.5	0.0
1837.5	0.0
1852.5	0.0
1867.5	0.0
1882.5	0.0
1897.5	0.0
1912.5	0.0
1927.5	0.0
1942.5	0.0
1957.5	0.0
1972.5	0.0
1987.5	0.0
2002.5	0.0
2017.5	0.0
2032.5	0.0
2047.5	0.0
2062.5	0.0
2077.5	0.0
2092.5	0.0
2107.5	0.0
2122.5	0.0
2137.5	0.0
2152.5	0.0
2167.5	0.0
2182.5	0.0
2197.5	0.0
2212.5	0.0
2227.5	0.0
2242.5	0.0
2257.5	0.0
2272.5	0.0
2287.5	0.0
2302.5	0.0
2317.5	0.0
2332.5	0.0
2347.5	0.0
2362.5	0.0
2377.5	0.0
2392.5	0.0
2407.5	0.0
2422.5	0.0
2437.5	0.0
2452.5	0.0
2467.5	0.0
2482.5	0.0
2497.5	0.0
2512.5	0.0
2527.5	0.0
2542.5	0.0
2557.5	0.0
2572.5	0.0
2587.5	0.0
2602.5	0.0
2617.5	0.0
2632.5	0.0
2647.5	0.0
2662.5	0.0
2677.5	0.0
2692.5	0.0
2707.5	0.0
2722.5	0.0
2737.5	0.0
2752.5	0.0
2767.5	0.0
2782.5	0.0
2797.5	0.0
2812.5	0.0
2827.5	0.0
2842.5	0.0
2857.5	0.0
2872.5	0.0
2887.5	0.0
2902.5	0.0
2917.5	0.0
2932.5	0.0
2947.5	0.0
2962.5	0.0
2977.5	0.0
2992.5	0.0
