 2.97976163E-04
 2.81911547E-04
 2.61387962E-04
 2.36916210E-04
 2.09563688E-04
 1.80766845E-04
 1.52063658E-04
 1.24839455E-04
 1.00149453E-04
 7.86449309E-05
 6.05850364E-05
 4.59059920E-05
 3.43149914E-05
 2.53882281E-05
 1.86549350E-05
 1.36590643E-05
 9.99710574E-06
 7.33436946E-06
 5.40648170E-06
 4.01194438E-06
 3.00125248E-06
 2.26554289E-06
 1.72662806E-06
 1.32884827E-06
 1.03288846E-06
 8.11373013E-07
 6.46414833E-07
 5.29798967E-07
 4.67578133E-07
 4.91989624E-07
 6.84118561E-07
 1.20895504E-06
 2.35913944E-06
 4.59544981E-06
 8.56463885E-06
 1.50752212E-05
 2.50218691E-05
 3.92710754E-05
 5.85510388E-05
 8.34482125E-05
 1.14734066E-04
 1.54515350E-04
 2.09209727E-04
 2.96286831E-04
 4.58360271E-04
 7.91280647E-04
 1.49873958E-03
 2.99753645E-03
 6.12015231E-03
 1.25032589E-02
 2.53265835E-02
 5.07316366E-02
 0.101188451
 0.214027464
 0.661151767
 4.53477955
 46.9045143
 488.106384
 4634.49561
 39505.9766
