 3.66046722E-03
 3.13830678E-03
 2.61082756E-03
 2.10924796E-03
 1.65811321E-03
 1.27221446E-03
 9.56352451E-04
 7.07321975E-04
 5.16884262E-04
 3.74667492E-04
 2.70297460E-04
 1.94619948E-04
 1.40164746E-04
 1.01147009E-04
 7.32383996E-05
 5.32718623E-05
 3.89640263E-05
 2.86827981E-05
 2.12677769E-05
 1.58956718E-05
 1.19831511E-05
 9.11726511E-06
 7.00709143E-06
 5.45174817E-06
 4.32601519E-06
 3.59447540E-06
 3.38583504E-06
 4.19089974E-06
 7.28186296E-06
 1.54502086E-05
 3.40633051E-05
 7.21983815E-05
 1.43271754E-04
 2.64368660E-04
 4.53683839E-04
 7.26295868E-04
 1.08954194E-03
 1.53994747E-03
 2.06320174E-03
 2.63739610E-03
 3.23817832E-03
 3.84408538E-03
 4.44111554E-03
 5.02806902E-03
 5.62754832E-03
 6.31269626E-03
 7.26708164E-03
 8.90745968E-03
 1.21202385E-02
 1.87013652E-02
 3.21616046E-02
 5.92244230E-02
 0.113308042
 0.233572423
 0.700508296
 4.69458580
 48.2763214
 501.955353
 4765.43359
 40621.4570
