 3.70149571E-03
 3.64972022E-03
 3.56332213E-03
 3.43139260E-03
 3.24536813E-03
 3.00230482E-03
 2.70717381E-03
 2.37318594E-03
 2.01973994E-03
 1.66863156E-03
 1.33978459E-03
 1.04793021E-03
 8.01061455E-04
 6.00773201E-04
 4.43858095E-04
 3.24333814E-04
 2.35245985E-04
 1.69896477E-04
 1.22493046E-04
 8.83566245E-05
 6.38770653E-05
 4.63528704E-05
 3.38053069E-05
 2.48051510E-05
 1.83299253E-05
 1.36519939E-05
 1.02553095E-05
 7.77450259E-06
 5.95172605E-06
 4.60677074E-06
 3.61940988E-06
 2.92760137E-06
 2.55619966E-06
 2.70883015E-06
 3.97909116E-06
 7.74899399E-06
 1.68075931E-05
 3.61021812E-05
 7.33287816E-05
 1.38883348E-04
 2.44709488E-04
 4.01967205E-04
 6.18084276E-04
 8.94320663E-04
 1.22492330E-03
 1.59832824E-03
 1.99990510E-03
 2.41538836E-03
 2.83460272E-03
 3.25671583E-03
 3.70089198E-03
 4.23024502E-03
 5.00328420E-03
 6.37747161E-03
 9.10799112E-03
 1.47189666E-02
 2.61877477E-02
 4.92134653E-02
 9.49104503E-02
 0.191320226
