 1.56184899E-06
 1.56211490E-06
 1.56219505E-06
 1.56222131E-06
 1.56222575E-06
 1.56219437E-06
 1.56206522E-06
 1.56168790E-06
 1.56074282E-06
 1.55861107E-06
 1.55420526E-06
 1.54579743E-06
 1.53091617E-06
 1.50641608E-06
 1.46880348E-06
 1.41483497E-06
 1.34229640E-06
 1.25074848E-06
 1.14199327E-06
 1.02005311E-06
 8.90632975E-07
 7.60192165E-07
 6.34907110E-07
 5.19791172E-07
 4.18180491E-07
 3.31623312E-07
 2.60115456E-07
 2.02525072E-07
 1.57069039E-07
 1.21720547E-07
 9.45017078E-08
 7.36494599E-08
 5.76836854E-08
 4.54087932E-08
 3.58845220E-08
 2.83888113E-08
 2.23901502E-08
 1.75350348E-08
 1.36525893E-08
 1.07818865E-08
 9.27434840E-09
 1.02049880E-08
 1.69672134E-08
 4.10141716E-08
 1.21065199E-07
 3.83016186E-07
 1.21430071E-06
 3.73747184E-06
 1.10119554E-05
 3.08934286E-05
 8.24552262E-05
 2.09730861E-04
 5.10065234E-04
 1.19112665E-03
 2.68354383E-03
 5.86020248E-03
 1.24568995E-02
 2.58764755E-02
 5.29350862E-02
 0.111444153
