 2.36112974E-03
 2.33719661E-03
 2.29536090E-03
 2.22868891E-03
 2.13067746E-03
 1.99727574E-03
 1.82872021E-03
 1.63048087E-03
 1.41279027E-03
 1.18879986E-03
 9.71947913E-04
 7.73460371E-04
 6.00731873E-04
 4.56938171E-04
 3.41668812E-04
 2.52096972E-04
 1.84202290E-04
 1.33717040E-04
 9.67122978E-05
 6.98652875E-05
 5.05204735E-05
 3.66359927E-05
 2.66855077E-05
 1.95503981E-05
 1.44226369E-05
 1.07238911E-05
 8.04282536E-06
 6.08791152E-06
 4.65329504E-06
 3.59459477E-06
 2.81343068E-06
 2.25183203E-06
 1.90382957E-06
 1.86153954E-06
 2.42708984E-06
 4.33088644E-06
 9.08220136E-06
 1.94160766E-05
 3.96860705E-05
 7.59371542E-05
 1.35376438E-04
 2.25149139E-04
 3.50673625E-04
 5.14128827E-04
 7.13708228E-04
 9.43973893E-04
 1.19718094E-03
 1.46535865E-03
 1.74338510E-03
 2.03458476E-03
 2.36255350E-03
 2.79646553E-03
 3.50296358E-03
 4.84789070E-03
 7.58973463E-03
 1.32414903E-02
 2.47423034E-02
 4.77121137E-02
 9.31314304E-02
 0.188824400
