 2.63045565E-03
 2.28990801E-03
 1.93504163E-03
 1.58758450E-03
 1.26646250E-03
 9.84860933E-04
 7.49158498E-04
 5.59635402E-04
 4.12235968E-04
 3.00602551E-04
 2.17752124E-04
 1.57164759E-04
 1.13305709E-04
 8.17611362E-05
 5.91540993E-05
 4.29721767E-05
 3.13823548E-05
 2.30640817E-05
 1.70741441E-05
 1.27419298E-05
 9.59207955E-06
 7.28820805E-06
 5.59323416E-06
 4.34236745E-06
 3.42861722E-06
 2.80638619E-06
 2.53142093E-06
 2.87519742E-06
 4.57478109E-06
 9.28365534E-06
 2.02364699E-05
 4.29971769E-05
 8.59446955E-05
 1.59995863E-04
 2.77156767E-04
 4.47968225E-04
 6.78564480E-04
 9.68535547E-04
 1.31056132E-03
 1.69205735E-03
 2.09815684E-03
 2.51521077E-03
 2.93467590E-03
 3.35919252E-03
 3.81548633E-03
 4.38329717E-03
 5.25647588E-03
 6.86438521E-03
 1.01029985E-02
 1.67646948E-02
 3.03294864E-02
 5.74473478E-02
 0.111405596
 0.231142849
 0.696468055
 4.68199873
 48.1837997
 501.050507
 4756.91895
 40548.9688
