 1.07921020E-04
 1.04750223E-04
 1.00288409E-04
 9.44238272E-05
 8.71925513E-05
 7.87927565E-05
 6.95650670E-05
 5.99450614E-05
 5.03987685E-05
 4.13568741E-05
 3.31602096E-05
 2.60276011E-05
 2.00492486E-05
 1.52038292E-05
 1.13897468E-05
 8.46017792E-06
 6.25385155E-06
 4.61670925E-06
 3.41428654E-06
 2.53634221E-06
 1.89659272E-06
 1.42973738E-06
 1.08758638E-06
 8.35185688E-07
 6.47480249E-07
 5.06635274E-07
 4.00091949E-07
 3.19393365E-07
 2.60023938E-07
 2.22746010E-07
 2.17245827E-07
 2.68966232E-07
 4.29512824E-07
 7.89631031E-07
 1.49164987E-06
 2.73664659E-06
 4.78248558E-06
 7.93673462E-06
 1.25703973E-05
 1.92326315E-05
 2.90648477E-05
 4.49568433E-05
 7.43476921E-05
 1.35416747E-04
 2.69940065E-04
 5.69018710E-04
 1.22364715E-03
 2.62360717E-03
 5.55034121E-03
 1.15504758E-02
 2.36502960E-02
 4.77315746E-02
 9.58016813E-02
 0.204013109
 0.636637986
 4.40114498
 45.6085014
 474.747528
 4507.82031
 38426.3594
