 6.27413392E-04
 5.79236133E-04
 5.21806709E-04
 4.57838614E-04
 3.90982750E-04
 3.25101631E-04
 2.63557362E-04
 2.08739919E-04
 1.61913311E-04
 1.23337304E-04
 9.25332715E-05
 6.85806517E-05
 5.03667216E-05
 3.67677130E-05
 2.67592968E-05
 1.94706881E-05
 1.41994897E-05
 1.04011206E-05
 7.66611174E-06
 5.69331633E-06
 4.26483166E-06
 3.22467076E-06
 2.46205332E-06
 1.89876835E-06
 1.48023446E-06
 1.17003367E-06
 9.49078640E-07
 8.22668767E-07
 8.42032932E-07
 1.14973454E-06
 2.05711285E-06
 4.15141358E-06
 8.40801931E-06
 1.62570559E-05
 2.95413738E-05
 5.03268820E-05
 8.05819873E-05
 1.21810881E-04
 1.74758607E-04
 2.39331523E-04
 3.14936624E-04
 4.01696365E-04
 5.03532006E-04
 6.35165256E-04
 8.36900726E-04
 1.20433862E-03
 1.94616173E-03
 3.49475956E-03
 6.71674032E-03
 1.33122951E-02
 2.65687909E-02
 5.28013967E-02
 0.104765050
 0.220424891
 0.675356865
 4.60163307
 47.5186462
 494.381775
 4693.93066
 40012.4375
