 1.39025634E-03
 1.38093659E-03
 1.36367953E-03
 1.33473799E-03
 1.29003229E-03
 1.22615823E-03
 1.14153710E-03
 1.03733316E-03
 9.17720899E-04
 7.89309968E-04
 6.59862533E-04
 5.36755659E-04
 4.25702950E-04
 3.30107840E-04
 2.51087942E-04
 1.87967991E-04
 1.38957650E-04
 1.01767997E-04
 7.40601317E-05
 5.37065680E-05
 3.89105226E-05
 2.82300334E-05
 2.05514116E-05
 1.50385231E-05
 1.10770707E-05
 8.22244692E-06
 6.15630051E-06
 4.65218682E-06
 3.54988038E-06
 2.73661135E-06
 2.13429553E-06
 1.69270231E-06
 1.39149006E-06
 1.25885674E-06
 1.42188583E-06
 2.20965649E-06
 4.32635215E-06
 9.08543097E-06
 1.86418547E-05
 3.60974263E-05
 6.53303359E-05
 1.10471025E-04
 1.75101319E-04
 2.61427485E-04
 3.69723828E-04
 4.98271082E-04
 6.43877196E-04
 8.03166593E-04
 9.75275587E-04
 1.16764812E-03
 1.40846439E-03
 1.77237950E-03
 2.43172143E-03
 3.75527027E-03
 6.49558427E-03
 1.21414280E-02
 2.35775132E-02
 4.63261791E-02
 9.12124589E-02
 0.185803100
