 7.32460001E-04
 7.29646417E-04
 7.24018260E-04
 7.13964808E-04
 6.97466661E-04
 6.72457798E-04
 6.37355319E-04
 5.91631513E-04
 5.36209147E-04
 4.73491644E-04
 4.06967447E-04
 3.40519706E-04
 2.77684187E-04
 2.21107242E-04
 1.72319138E-04
 1.31797628E-04
 9.92132700E-05
 7.37250957E-05
 5.42474190E-05
 3.96465766E-05
 2.88677966E-05
 2.10010712E-05
 1.53041346E-05
 1.11965483E-05
 8.23906339E-06
 6.10710958E-06
 4.56505950E-06
 3.44385194E-06
 2.62322851E-06
 2.01815465E-06
 1.56905219E-06
 1.23545567E-06
 9.93885010E-07
 8.42553732E-07
 8.18684953E-07
 1.03732543E-06
 1.76077833E-06
 3.49988522E-06
 7.12873725E-06
 1.39678650E-05
 2.57731972E-05
 4.45825644E-05
 7.24208949E-05
 1.10934583E-04
 1.61067364E-04
 2.22915478E-04
 2.95938808E-04
 3.79903388E-04
 4.77383932E-04
 5.99564402E-04
 7.78675254E-04
 1.09324057E-03
 1.71749468E-03
 3.01621878E-03
 5.72537025E-03
 1.12950634E-02
 2.25376021E-02
 4.48552147E-02
 8.88847485E-02
 0.181860894
