 2.38732719E-05
 2.38756875E-05
 2.38725643E-05
 2.38623797E-05
 2.38386656E-05
 2.37887944E-05
 2.36918095E-05
 2.35164152E-05
 2.32204311E-05
 2.27530836E-05
 2.20611819E-05
 2.10991566E-05
 1.98411853E-05
 1.82921212E-05
 1.64931953E-05
 1.45194444E-05
 1.24688777E-05
 1.04460705E-05
 8.54529844E-06
 6.83761982E-06
 5.36482366E-06
 4.14005035E-06
 3.15340071E-06
 2.37966628E-06
 1.78603068E-06
 1.33814262E-06
 1.00416003E-06
 7.56823908E-07
 5.74109549E-07
 4.38949087E-07
 3.38516827E-07
 2.63364853E-07
 2.06613961E-07
 1.63279296E-07
 1.29786912E-07
 1.03710455E-07
 8.37911287E-08
 7.03254628E-08
 6.60230484E-08
 7.73783242E-08
 1.16499457E-07
 2.03403417E-07
 3.69828626E-07
 6.69846486E-07
 1.21528149E-06
 2.28728868E-06
 4.65366656E-06
 1.03901448E-05
 2.48410906E-05
 6.09998715E-05
 1.48808234E-04
 3.54222691E-04
 8.17524793E-04
 1.82949984E-03
 3.98178212E-03
 8.46049283E-03
 1.76112261E-02
 3.60201970E-02
 7.28566572E-02
 0.151985526
