 7.69433985E-03
 7.52170105E-03
 7.25374185E-03
 6.87166443E-03
 6.36784546E-03
 5.75131550E-03
 5.04893064E-03
 4.30141063E-03
 3.55533487E-03
 2.85396515E-03
 2.22985353E-03
 1.70124520E-03
 1.27244333E-03
 9.37066041E-04
 6.82393613E-04
 4.93338739E-04
 3.55269702E-04
 2.55527033E-04
 1.83940414E-04
 1.32726549E-04
 9.61185215E-05
 6.99283119E-05
 5.11527796E-05
 3.76527532E-05
 2.79100313E-05
 2.08479469E-05
 1.57032100E-05
 1.19347578E-05
 9.16068529E-06
 7.11645816E-06
 5.63563117E-06
 4.66682741E-06
 4.36822165E-06
 5.36469770E-06
 9.30397528E-06
 1.98588696E-05
 4.42065066E-05
 9.46933069E-05
 1.89903614E-04
 3.53983778E-04
 6.13256241E-04
 9.90230590E-04
 1.49665982E-03
 2.12849164E-03
 2.86517409E-03
 3.67404381E-03
 4.51803487E-03
 5.36382291E-03
 6.18801033E-03
 6.98160473E-03
 7.75690004E-03
 8.56616255E-03
 9.54881962E-03
 1.10349525E-02
 1.37514826E-02
 1.92105975E-02
 3.04208621E-02
 5.31882867E-02
 9.88415480E-02
 0.195786536
