 3.27597430E-04
 3.27037997E-04
 3.25772533E-04
 3.23317654E-04
 3.18968436E-04
 3.11865937E-04
 3.01144872E-04
 2.86151102E-04
 2.66666873E-04
 2.43057599E-04
 2.16270404E-04
 1.87677229E-04
 1.58816852E-04
 1.31130175E-04
 1.05761806E-04
 8.34607490E-05
 6.45752443E-05
 4.91101018E-05
 3.68182518E-05
 2.72987472E-05
 2.00855011E-05
 1.47145993E-05
 1.07678316E-05
 7.89350997E-06
 5.81096356E-06
 4.30463024E-06
 3.21367634E-06
 2.42052101E-06
 1.84048042E-06
 1.41315593E-06
 1.09580469E-06
 8.58505416E-07
 6.81212498E-07
 5.53192535E-07
 4.76348418E-07
 4.75073193E-07
 6.16085686E-07
 1.04060450E-06
 2.00677459E-06
 3.93248047E-06
 7.42050133E-06
 1.32457380E-05
 2.22916569E-05
 3.54427175E-05
 5.34668034E-05
 7.69724356E-05
 1.06625244E-04
 1.44035250E-04
 1.94166045E-04
 2.70929828E-04
 4.09072934E-04
 6.88080152E-04
 1.27884035E-03
 2.53368937E-03
 5.15974360E-03
 1.05517674E-02
 2.14265641E-02
 4.30310927E-02
 8.57513174E-02
 0.176330402
