 9.99999994E-09
 1.25992106E-08
 1.58740114E-08
 2.00000017E-08
 2.51984229E-08
 3.17480229E-08
 4.00000033E-08
 5.03968458E-08
 6.34960458E-08
 8.00000066E-08
 1.00793692E-07
 1.26992092E-07
 1.60000013E-07
 2.01587383E-07
 2.53984183E-07
 3.20000026E-07
 4.03174766E-07
 5.07968366E-07
 6.40000053E-07
 8.06349533E-07
 1.01593673E-06
 1.28000011E-06
 1.61269907E-06
 2.03187346E-06
 2.56000021E-06
 3.22539813E-06
 4.06374693E-06
 5.12000042E-06
 6.45079626E-06
 8.12749386E-06
 1.02400008E-05
 1.29015925E-05
 1.62549877E-05
 2.04800017E-05
 2.58031851E-05
 3.25099754E-05
 4.09600034E-05
 5.16063701E-05
 6.50199509E-05
 8.19200068E-05
 1.03212740E-04
 1.30039902E-04
 1.63840014E-04
 2.06425480E-04
 2.60079803E-04
 3.27680027E-04
 4.12850961E-04
 5.20159607E-04
 6.55360054E-04
 8.25701922E-04
 1.04031921E-03
 1.31072011E-03
 1.65140384E-03
 2.08063843E-03
 2.62144022E-03
 3.30280769E-03
 4.16127685E-03
 5.24288043E-03
 6.60561537E-03
 8.32255371E-03
