#Input-file high resolution
#height   th     qt      u      v   tke
  12.0  284.0  0.00516  0.0  0.0  0.0
  36.0  284.0  0.00516  0.0  0.0  0.0
  60.0  284.0  0.00516  0.0  0.0  0.0
  84.0  284.0  0.00516  0.0  0.0  0.0
  108.0  284.0  0.00516  0.0  0.0  0.0
  132.0  284.75  0.00498  0.0  0.0  0.5
  156.0  285.018  0.0049119  0.0  0.0  1.0
  180.0  285.042  0.0048438  0.0  0.0  1.0
  204.0  285.066  0.0047757  0.0  0.0  1.0
  228.0  285.09  0.0047076  0.0  0.0  1.0
  252.0  285.114  0.0046395  0.0  0.0  1.0
  276.0  285.138  0.0045714  0.0  0.0  1.0
  300.0  285.162  0.0045033  0.0  0.0  1.0
  324.0  285.186  0.0044352  0.0  0.0  1.0
  348.0  285.21  0.0043671  0.0  0.0  1.0
  372.0  285.234  0.004299  0.0  0.0  1.0
  396.0  285.258  0.0042309  0.0  0.0  1.0
  420.0  285.282  0.0041628  0.0  0.0  1.0
  444.0  285.306  0.0040947  0.0  0.0  1.0
  468.0  285.33  0.0040266  0.0  0.0  1.0
  492.0  285.354  0.0039585  0.0  0.0  1.0
  516.0  285.396  0.0039345  0.0  0.0  1.0
  540.0  285.4608  0.0039055  0.0  0.0  0.0
  564.0  285.5256  0.003877  0.0  0.0  0.0
  588.0  285.5904  0.003848  0.0  0.0  0.0
  612.0  285.6552  0.003819  0.0  0.0  0.0
  636.0  285.72  0.0037905  0.0  0.0  0.0
  660.0  285.7848  0.0037615  0.0  0.0  0.0
  684.0  285.8496  0.003733  0.0  0.0  0.0
  708.0  285.9144  0.003704  0.0  0.0  0.0
  732.0  285.9792  0.003675  0.0  0.0  0.0
  756.0  286.044  0.0036465  0.0  0.0  0.0
  780.0  286.1088  0.0036175  0.0  0.0  0.0
  804.0  286.1736  0.003589  0.0  0.0  0.0
  828.0  286.2384  0.00356  0.0  0.0  0.0
  852.0  286.3032  0.003531  0.0  0.0  0.0
  876.0  286.368  0.0035025  0.0  0.0  0.0
  900.0  286.4328  0.0034735  0.0  0.0  0.0
  924.0  286.4976  0.003445  0.0  0.0  0.0
  948.0  286.5624  0.003416  0.0  0.0  0.0
  972.0  286.6272  0.003387  0.0  0.0  0.0
  996.0  286.692  0.0033585  0.0  0.0  0.0
  1020.0  286.7568  0.0033295  0.0  0.0  0.0
  1044.0  286.8216  0.003301  0.0  0.0  0.0
  1068.0  286.8864  0.003272  0.0  0.0  0.0
  1092.0  286.9512  0.003243  0.0  0.0  0.0
  1116.0  287.016  0.0032145  0.0  0.0  0.0
  1140.0  287.0808  0.0031855  0.0  0.0  0.0
  1164.0  287.1456  0.003157  0.0  0.0  0.0
  1188.0  287.2104  0.003128  0.0  0.0  0.0
  1212.0  287.2752  0.003099  0.0  0.0  0.0
  1236.0  287.34  0.0030705  0.0  0.0  0.0
  1260.0  287.4048  0.0030415  0.0  0.0  0.0
  1284.0  287.4696  0.003013  0.0  0.0  0.0
  1308.0  287.5344  0.002984  0.0  0.0  0.0
  1332.0  287.5992  0.002955  0.0  0.0  0.0
  1356.0  287.664  0.0029265  0.0  0.0  0.0
  1380.0  287.7288  0.0028975  0.0  0.0  0.0
  1404.0  287.7936  0.002869  0.0  0.0  0.0
  1428.0  287.8584  0.00284  0.0  0.0  0.0
  1452.0  287.9232  0.002811  0.0  0.0  0.0
  1476.0  287.988  0.0027825  0.0  0.0  0.0
  1500.0  288.0528  0.0027535  0.0  0.0  0.0
  1524.0  288.1176  0.002725  0.0  0.0  0.0
  1548.0  288.1824  0.002696  0.0  0.0  0.0
  1572.0  288.2472  0.002667  0.0  0.0  0.0
  1596.0  288.312  0.0026385  0.0  0.0  0.0
  1620.0  288.3768  0.0026095  0.0  0.0  0.0
  1644.0  288.4416  0.002581  0.0  0.0  0.0
  1668.0  288.5064  0.002552  0.0  0.0  0.0
  1692.0  288.5712  0.002523  0.0  0.0  0.0
  1716.0  288.636  0.0024945  0.0  0.0  0.0
  1740.0  288.7008  0.0024655  0.0  0.0  0.0
  1764.0  288.7656  0.002437  0.0  0.0  0.0
  1788.0  288.8304  0.002408  0.0  0.0  0.0
  1812.0  288.8952  0.002379  0.0  0.0  0.0
  1836.0  288.96  0.0023505  0.0  0.0  0.0
  1860.0  289.0248  0.0023215  0.0  0.0  0.0
  1884.0  289.0896  0.002293  0.0  0.0  0.0
  1908.0  289.1544  0.002264  0.0  0.0  0.0
  1932.0  289.2192  0.002235  0.0  0.0  0.0
  1956.0  289.284  0.0022065  0.0  0.0  0.0
  1980.0  289.3488  0.0021775  0.0  0.0  0.0
  2004.0  289.4136  0.002149  0.0  0.0  0.0
  2028.0  289.4784  0.00212  0.0  0.0  0.0
  2052.0  289.5432  0.002091  0.0  0.0  0.0
  2076.0  289.608  0.0020625  0.0  0.0  0.0
  2100.0  289.6728  0.0020335  0.0  0.0  0.0
  2124.0  289.7376  0.002005  0.0  0.0  0.0
  2148.0  289.8024  0.001976  0.0  0.0  0.0
  2172.0  289.8672  0.001947  0.0  0.0  0.0
  2196.0  289.932  0.0019185  0.0  0.0  0.0
  2220.0  289.9968  0.0018895  0.0  0.0  0.0
  2244.0  290.0616  0.001861  0.0  0.0  0.0
  2268.0  290.1264  0.001832  0.0  0.0  0.0
  2292.0  290.1912  0.001803  0.0  0.0  0.0
  2316.0  290.256  0.0017745  0.0  0.0  0.0
  2340.0  290.3208  0.0017455  0.0  0.0  0.0
  2364.0  290.3856  0.001717  0.0  0.0  0.0
  2388.0  290.4504  0.001688  0.0  0.0  0.0
  2412.0  290.5152  0.001659  0.0  0.0  0.0
  2436.0  290.58  0.0016305  0.0  0.0  0.0
  2460.0  290.6448  0.0016015  0.0  0.0  0.0
  2484.0  290.7096  0.001573  0.0  0.0  0.0
  2508.0  290.7744  0.001544  0.0  0.0  0.0
  2532.0  290.8392  0.001515  0.0  0.0  0.0
  2556.0  290.904  0.0014865  0.0  0.0  0.0
  2580.0  290.9688  0.0014575  0.0  0.0  0.0
  2604.0  291.0336  0.001429  0.0  0.0  0.0
  2628.0  291.0984  0.0014  0.0  0.0  0.0
  2652.0  291.1632  0.001371  0.0  0.0  0.0
  2676.0  291.228  0.0013425  0.0  0.0  0.0
  2700.0  291.2928  0.0013135  0.0  0.0  0.0
  2724.0  291.3576  0.001285  0.0  0.0  0.0
  2748.0  291.4224  0.001256  0.0  0.0  0.0
  2772.0  291.4872  0.001227  0.0  0.0  0.0
  2796.0  291.552  0.0011985  0.0  0.0  0.0
  2820.0  291.6168  0.0011695  0.0  0.0  0.0
  2844.0  291.6816  0.001141  0.0  0.0  0.0
  2868.0  291.7464  0.001112  0.0  0.0  0.0
  2892.0  291.8112  0.001083  0.0  0.0  0.0
  2916.0  291.876  0.0010545  0.0  0.0  0.0
  2940.0  291.9408  0.0010255  0.0  0.0  0.0
  2964.0  292.0056  0.000997  0.0  0.0  0.0
  2988.0  292.0704  0.000968  0.0  0.0  0.0
  3012.0  292.1352  0.000939  0.0  0.0  0.0
  3036.0  292.2  0.0009105  0.0  0.0  0.0
  3060.0  292.2648  0.0008815  0.0  0.0  0.0
  3084.0  292.3296  0.000853  0.0  0.0  0.0
  3108.0  292.3944  0.000824  0.0  0.0  0.0
  3132.0  292.4592  0.000795  0.0  0.0  0.0
  3156.0  292.524  0.0007665  0.0  0.0  0.0
  3180.0  292.5888  0.0007375  0.0  0.0  0.0
  3204.0  292.6536  0.000709  0.0  0.0  0.0
  3228.0  292.7184  0.00068  0.0  0.0  0.0
  3252.0  292.7832  0.000651  0.0  0.0  0.0
  3276.0  292.848  0.0006225  0.0  0.0  0.0
  3300.0  292.9128  0.0005935  0.0  0.0  0.0
  3324.0  292.9776  0.000565  0.0  0.0  0.0
  3348.0  293.0424  0.000536  0.0  0.0  0.0
  3372.0  293.1072  0.000507  0.0  0.0  0.0
  3396.0  293.172  0.0004785  0.0  0.0  0.0
  3420.0  293.2368  0.0004495  0.0  0.0  0.0
  3444.0  293.3016  0.000421  0.0  0.0  0.0
  3468.0  293.3664  0.000392  0.0  0.0  0.0
  3492.0  293.4312  0.000363  0.0  0.0  0.0
  3516.0  293.496  0.0003345  0.0  0.0  0.0
  3540.0  293.5608  0.0003055  0.0  0.0  0.0
  3564.0  293.6256  0.000277  0.0  0.0  0.0
  3588.0  293.6904  0.000248  0.0  0.0  0.0
  3612.0  293.7552  0.000219  0.0  0.0  0.0
  3636.0  293.82  0.0001905  0.0  0.0  0.0
  3660.0  293.8848  0.0001615  0.0  0.0  0.0
  3684.0  293.9496  0.000133  0.0  0.0  0.0
  3708.0  294.0144  0.000104  0.0  0.0  0.0
  3732.0  294.0792  7.5e-05  0.0  0.0  0.0
  3756.0  294.144  4.65e-05  0.0  0.0  0.0
  3780.0  294.2088  1.5e-05  0.0  0.0  0.0
  3804.0  294.2736  1.5e-05  0.0  0.0  0.0
  3828.0  294.3384  1.5e-05  0.0  0.0  0.0
  3852.0  294.4032  1.5e-05  0.0  0.0  0.0
  3876.0  294.468  1.5e-05  0.0  0.0  0.0
  3900.0  294.5328  1.5e-05  0.0  0.0  0.0
  3924.0  294.5976  1.5e-05  0.0  0.0  0.0
  3948.0  294.6624  1.5e-05  0.0  0.0  0.0
  3972.0  294.7272  1.5e-05  0.0  0.0  0.0
  3996.0  294.792  1.5e-05  0.0  0.0  0.0
  4020.0  294.8568  1.5e-05  0.0  0.0  0.0
  4044.0  294.9216  1.5e-05  0.0  0.0  0.0
  4068.0  294.9864  1.5e-05  0.0  0.0  0.0
  4092.0  295.0512  1.5e-05  0.0  0.0  0.0
  4116.0  295.116  1.5e-05  0.0  0.0  0.0
  4140.0  295.1808  1.5e-05  0.0  0.0  0.0
  4164.0  295.2456  1.5e-05  0.0  0.0  0.0
  4188.0  295.3104  1.5e-05  0.0  0.0  0.0
  4212.0  295.3752  1.5e-05  0.0  0.0  0.0
  4236.0  295.44  1.5e-05  0.0  0.0  0.0
  4260.0  295.5048  1.5e-05  0.0  0.0  0.0
  4284.0  295.5696  1.5e-05  0.0  0.0  0.0
  4308.0  295.6344  1.5e-05  0.0  0.0  0.0
  4332.0  295.6992  1.5e-05  0.0  0.0  0.0
  4356.0  295.764  1.5e-05  0.0  0.0  0.0
  4380.0  295.8288  1.5e-05  0.0  0.0  0.0
  4404.0  295.8936  1.5e-05  0.0  0.0  0.0
  4428.0  295.9584  1.5e-05  0.0  0.0  0.0
  4452.0  296.0232  1.5e-05  0.0  0.0  0.0
  4476.0  296.088  1.5e-05  0.0  0.0  0.0
  4500.0  296.1528  1.5e-05  0.0  0.0  0.0
  4524.0  296.2176  1.5e-05  0.0  0.0  0.0
  4548.0  296.2824  1.5e-05  0.0  0.0  0.0
  4572.0  296.3472  1.5e-05  0.0  0.0  0.0
  4596.0  296.412  1.5e-05  0.0  0.0  0.0
  4620.0  296.4768  1.5e-05  0.0  0.0  0.0
  4644.0  296.5416  1.5e-05  0.0  0.0  0.0
  4668.0  296.6064  1.5e-05  0.0  0.0  0.0
  4692.0  296.6712  1.5e-05  0.0  0.0  0.0
  4716.0  296.736  1.5e-05  0.0  0.0  0.0
  4740.0  296.8008  1.5e-05  0.0  0.0  0.0
  4764.0  296.8656  1.5e-05  0.0  0.0  0.0
  4788.0  296.9304  1.5e-05  0.0  0.0  0.0
  4812.0  296.9952  1.5e-05  0.0  0.0  0.0
  4836.0  297.06  1.5e-05  0.0  0.0  0.0
  4860.0  297.1248  1.5e-05  0.0  0.0  0.0
  4884.0  297.1896  1.5e-05  0.0  0.0  0.0
  4908.0  297.2544  1.5e-05  0.0  0.0  0.0
  4932.0  297.3192  1.5e-05  0.0  0.0  0.0
  4956.0  297.384  1.5e-05  0.0  0.0  0.0
  4980.0  297.4488  1.5e-05  0.0  0.0  0.0
  5004.0  297.5136  1.5e-05  0.0  0.0  0.0
  5028.0  297.5784  1.5e-05  0.0  0.0  0.0
  5052.0  297.6432  1.5e-05  0.0  0.0  0.0
  5076.0  297.708  1.5e-05  0.0  0.0  0.0
  5100.0  297.7728  1.5e-05  0.0  0.0  0.0
  5124.0  297.8376  1.5e-05  0.0  0.0  0.0
  5148.0  297.9024  1.5e-05  0.0  0.0  0.0
  5172.0  297.9672  1.5e-05  0.0  0.0  0.0
  5196.0  298.032  1.5e-05  0.0  0.0  0.0
  5220.0  298.0968  1.5e-05  0.0  0.0  0.0
  5244.0  298.1616  1.5e-05  0.0  0.0  0.0
  5268.0  298.2264  1.5e-05  0.0  0.0  0.0
  5292.0  298.2912  1.5e-05  0.0  0.0  0.0
  5316.0  298.356  1.5e-05  0.0  0.0  0.0
  5340.0  298.4208  1.5e-05  0.0  0.0  0.0
  5364.0  298.4856  1.5e-05  0.0  0.0  0.0
  5388.0  298.5504  1.5e-05  0.0  0.0  0.0
  5412.0  298.6152  1.5e-05  0.0  0.0  0.0
  5436.0  298.68  1.5e-05  0.0  0.0  0.0
  5460.0  298.7448  1.5e-05  0.0  0.0  0.0
  5484.0  298.8096  1.5e-05  0.0  0.0  0.0
  5508.0  298.8744  1.5e-05  0.0  0.0  0.0
  5532.0  298.9392  1.5e-05  0.0  0.0  0.0
  5556.0  299.004  1.5e-05  0.0  0.0  0.0
  5580.0  299.0688  1.5e-05  0.0  0.0  0.0
  5604.0  299.1336  1.5e-05  0.0  0.0  0.0
  5628.0  299.1984  1.5e-05  0.0  0.0  0.0
  5652.0  299.2632  1.5e-05  0.0  0.0  0.0
  5676.0  299.328  1.5e-05  0.0  0.0  0.0
  5700.0  299.3928  1.5e-05  0.0  0.0  0.0
  5724.0  299.4576  1.5e-05  0.0  0.0  0.0
  5748.0  299.5224  1.5e-05  0.0  0.0  0.0
  5772.0  299.5872  1.5e-05  0.0  0.0  0.0
  5796.0  299.652  1.5e-05  0.0  0.0  0.0
  5820.0  299.7168  1.5e-05  0.0  0.0  0.0
  5844.0  299.7816  1.5e-05  0.0  0.0  0.0
  5868.0  299.8464  1.5e-05  0.0  0.0  0.0
  5892.0  299.9112  1.5e-05  0.0  0.0  0.0
  5916.0  299.976  1.5e-05  0.0  0.0  0.0
  5940.0  300.0408  1.5e-05  0.0  0.0  0.0
  5964.0  300.1056  1.5e-05  0.0  0.0  0.0
  5988.0  300.1704  1.5e-05  0.0  0.0  0.0
  6012.0  300.2352  1.5e-05  0.0  0.0  0.0
  6036.0  300.3  1.5e-05  0.0  0.0  0.0
  6060.0  300.3648  1.5e-05  0.0  0.0  0.0
  6084.0  300.4296  1.5e-05  0.0  0.0  0.0
  6108.0  300.4944  1.5e-05  0.0  0.0  0.0
  6132.0  300.5592  1.5e-05  0.0  0.0  0.0
  6156.0  300.624  1.5e-05  0.0  0.0  0.0
  6180.0  300.6888  1.5e-05  0.0  0.0  0.0
  6204.0  300.7536  1.5e-05  0.0  0.0  0.0
  6228.0  300.8184  1.5e-05  0.0  0.0  0.0
  6252.0  300.8832  1.5e-05  0.0  0.0  0.0
  6276.0  300.948  1.5e-05  0.0  0.0  0.0
  6300.0  301.0128  1.5e-05  0.0  0.0  0.0
  6324.0  301.0776  1.5e-05  0.0  0.0  0.0
  6348.0  301.1424  1.5e-05  0.0  0.0  0.0
  6372.0  301.2072  1.5e-05  0.0  0.0  0.0
  6396.0  301.272  1.5e-05  0.0  0.0  0.0
  6420.0  301.3368  1.5e-05  0.0  0.0  0.0
  6444.0  301.4016  1.5e-05  0.0  0.0  0.0
  6468.0  301.4664  1.5e-05  0.0  0.0  0.0
  6492.0  301.5312  1.5e-05  0.0  0.0  0.0
  6516.0  301.596  1.5e-05  0.0  0.0  0.0
  6540.0  301.6608  1.5e-05  0.0  0.0  0.0
  6564.0  301.7256  1.5e-05  0.0  0.0  0.0
  6588.0  301.7904  1.5e-05  0.0  0.0  0.0
  6612.0  301.8552  1.5e-05  0.0  0.0  0.0
  6636.0  301.92  1.5e-05  0.0  0.0  0.0
  6660.0  301.9848  1.5e-05  0.0  0.0  0.0
  6684.0  302.0496  1.5e-05  0.0  0.0  0.0
  6708.0  302.1144  1.5e-05  0.0  0.0  0.0
  6732.0  302.1792  1.5e-05  0.0  0.0  0.0
  6756.0  302.244  1.5e-05  0.0  0.0  0.0
  6780.0  302.3088  1.5e-05  0.0  0.0  0.0
  6804.0  302.3736  1.5e-05  0.0  0.0  0.0
  6828.0  302.4384  1.5e-05  0.0  0.0  0.0
  6852.0  302.5032  1.5e-05  0.0  0.0  0.0
  6876.0  302.568  1.5e-05  0.0  0.0  0.0
  6900.0  302.6328  1.5e-05  0.0  0.0  0.0
  6924.0  302.6976  1.5e-05  0.0  0.0  0.0
  6948.0  302.7624  1.5e-05  0.0  0.0  0.0
  6972.0  302.8272  1.5e-05  0.0  0.0  0.0
  6996.0  302.892  1.5e-05  0.0  0.0  0.0
  7020.0  302.9568  1.5e-05  0.0  0.0  0.0
  7044.0  303.0216  1.5e-05  0.0  0.0  0.0
