 #baseprofiles
 #height rhobf
    7.5  0.11796420812606812E+01
   22.5  0.11780095100402832E+01
   37.6  0.11763623952865601E+01
   53.0  0.11747006177902222E+01
   68.4  0.11730239391326904E+01
   84.0  0.11713324785232544E+01
   99.8  0.11696258783340454E+01
  115.7  0.11679042577743530E+01
  131.8  0.11661673784255981E+01
  148.0  0.11644150018692017E+01
  164.4  0.11626473665237427E+01
  181.0  0.11608638763427734E+01
  197.7  0.11590647697448730E+01
  214.6  0.11572499275207520E+01
  231.7  0.11554192304611206E+01
  249.0  0.11535723209381104E+01
  266.4  0.11517091989517212E+01
  284.0  0.11498298645019531E+01
  301.7  0.11479340791702271E+01
  319.7  0.11460218429565430E+01
  337.8  0.11440929174423218E+01
  356.1  0.11421471834182739E+01
  374.6  0.11401845216751099E+01
  393.2  0.11382049322128296E+01
  412.1  0.11362082958221436E+01
  431.1  0.11341942548751831E+01
  450.4  0.11321629285812378E+01
  469.8  0.11301141977310181E+01
  489.4  0.11280477046966553E+01
  509.3  0.11259634494781494E+01
  529.3  0.11238615512847900E+01
  549.5  0.11217415332794189E+01
  569.9  0.11196035146713257E+01
  590.5  0.11174471378326416E+01
  611.4  0.11152726411819458E+01
  632.4  0.11130794286727905E+01
  653.7  0.11108678579330444E+01
  675.1  0.11086374521255493E+01
  696.8  0.11063882112503052E+01
  718.7  0.11041201353073120E+01
  740.8  0.11018328666687012E+01
  763.1  0.10995265245437622E+01
  785.7  0.10972007513046265E+01
  808.5  0.10948556661605835E+01
  831.5  0.10924910306930542E+01
  854.7  0.10901066064834595E+01
  878.2  0.10877025127410889E+01
  901.9  0.10852783918380737E+01
  925.8  0.10828342437744141E+01
  950.0  0.10803698301315308E+01
  974.4  0.10778852701187134E+01
  999.1  0.10753803253173828E+01
 1024.0  0.10728551149368286E+01
 1049.2  0.10703085660934448E+01
 1074.6  0.10677412748336792E+01
 1100.3  0.10651535987854004E+01
 1126.2  0.10625455379486084E+01
 1152.4  0.10599153041839600E+01
 1178.8  0.10572640895843506E+01
 1205.6  0.10545918941497803E+01
 1232.5  0.10518969297409058E+01
 1259.8  0.10491813421249390E+01
 1287.3  0.10464442968368530E+01
 1315.1  0.10436849594116211E+01
 1343.2  0.10409045219421387E+01
 1371.5  0.10381010770797729E+01
 1400.2  0.10352758169174194E+01
 1429.1  0.10324279069900513E+01
 1458.3  0.10295585393905640E+01
 1487.8  0.10266659259796143E+01
 1517.7  0.10237503051757812E+01
 1547.8  0.10208126306533813E+01
 1578.2  0.10178521871566772E+01
 1608.9  0.10148683786392212E+01
 1639.9  0.10118621587753296E+01
 1671.2  0.10088326930999756E+01
 1702.8  0.10057795047760010E+01
 1734.8  0.10027034282684326E+01
 1767.1  0.99960297346115112E+00
 1799.7  0.99648016691207886E+00
 1832.6  0.99333333969116211E+00
 1865.8  0.99016273021697998E+00
 1899.4  0.98696750402450562E+00
 1933.3  0.98374891281127930E+00
 1967.6  0.98050719499588013E+00
 2002.2  0.97724062204360962E+00
 2037.1  0.97394949197769165E+00
 2072.4  0.97063398361206055E+00
 2108.1  0.96729439496994019E+00
 2144.1  0.96393096446990967E+00
 2180.4  0.96054202318191528E+00
 2217.2  0.95712882280349731E+00
 2254.3  0.95369064807891846E+00
 2291.7  0.95022875070571899E+00
 2329.6  0.94674050807952881E+00
 2367.8  0.94322818517684937E+00
 2406.4  0.93969106674194336E+00
 2445.4  0.93612849712371826E+00
 2484.8  0.93254077434539795E+00
 2524.6  0.92892825603485107E+00
 2564.7  0.92529022693634033E+00
 2605.3  0.92162710428237915E+00
 2646.3  0.91793823242187500E+00
 2687.7  0.91422390937805176E+00
 2729.5  0.91048443317413330E+00
 2771.7  0.90671932697296143E+00
 2814.3  0.90292888879776001E+00
 2857.4  0.89911252260208130E+00
 2900.9  0.89527058601379395E+00
 2944.8  0.89140343666076660E+00
 2989.2  0.88750964403152466E+00
 3034.0  0.88359135389328003E+00
 3079.3  0.87964630126953125E+00
 3125.0  0.87567573785781860E+00
 3171.2  0.87168002128601074E+00
 3217.8  0.86765784025192261E+00
 3264.9  0.86361038684844971E+00
 3312.5  0.85953718423843384E+00
 3360.5  0.85543787479400635E+00
 3409.1  0.85131275653839111E+00
 3458.1  0.84716153144836426E+00
 3507.6  0.84298449754714966E+00
 3557.6  0.83878213167190552E+00
 3608.1  0.83455407619476318E+00
 3659.1  0.83030068874359131E+00
 3710.6  0.82602083683013916E+00
 3762.6  0.82171571254730225E+00
 3815.2  0.81738501787185669E+00
 3868.3  0.81302845478057861E+00
 3921.9  0.80864638090133667E+00
 3976.0  0.80423939228057861E+00
 4030.7  0.79980629682540894E+00
 4085.9  0.79534846544265747E+00
 4141.7  0.79086548089981079E+00
 4198.1  0.78635722398757935E+00
 4255.0  0.78182327747344971E+00
 4312.4  0.77726507186889648E+00
 4370.5  0.77268159389495850E+00
 4429.1  0.76807326078414917E+00
 4488.3  0.76343995332717896E+00
 4548.1  0.75878220796585083E+00
 4608.6  0.75409990549087524E+00
 4669.6  0.74939346313476562E+00
 4731.2  0.74466288089752197E+00
 4793.4  0.73990869522094727E+00
 4856.3  0.73512995243072510E+00
 4919.8  0.73032736778259277E+00
 4983.9  0.72550153732299805E+00
 5048.7  0.72065156698226929E+00
 5114.1  0.71577888727188110E+00
 5180.1  0.71088337898254395E+00
 5246.9  0.70596432685852051E+00
 5314.2  0.70102304220199585E+00
 5382.3  0.69605886936187744E+00
 5451.1  0.69107240438461304E+00
 5520.5  0.68606370687484741E+00
 5590.6  0.68103349208831787E+00
 5661.5  0.67598176002502441E+00
 5733.0  0.67090851068496704E+00
 5805.3  0.66581457853317261E+00
 5878.2  0.66069924831390381E+00
 5951.9  0.65556329488754272E+00
 6026.4  0.65040755271911621E+00
 6101.6  0.64523142576217651E+00
 6177.5  0.64003574848175049E+00
 6254.2  0.63482058048248291E+00
 6331.7  0.62958616018295288E+00
 6409.9  0.62433332204818726E+00
 6488.9  0.61906218528747559E+00
 6568.8  0.61377233266830444E+00
 6649.4  0.60846525430679321E+00
 6730.8  0.60314059257507324E+00
 6813.0  0.59779924154281616E+00
 6896.1  0.59244078397750854E+00
 6980.0  0.58706611394882202E+00
