# 
#     height         th_l          q_t            u            v          TKE
         7.5       297.25      0.01425      -9.9835            0     0.998125
        22.5       297.25      0.01425      -9.9505            0     0.994375
       37.65       297.25      0.01425     -9.91717            0     0.990588
     52.9515       297.25      0.01425     -9.88351            0     0.986762
      68.406       297.25      0.01425     -9.84951            0     0.982898
     84.0151       297.25      0.01425     -9.81517            0     0.978996
     99.7802       297.25      0.01425     -9.78048            0     0.975055
     115.703       297.25      0.01425     -9.74545            0     0.971074
     131.785       297.25      0.01425     -9.71007            0     0.967054
     148.028       297.25      0.01425     -9.67434            0     0.962993
     164.433       297.25      0.01425     -9.63825            0     0.958892
     181.003       297.25      0.01425     -9.60179            0     0.954749
     197.738       297.25      0.01425     -9.56498            0     0.950566
      214.64       297.25      0.01425     -9.52779            0      0.94634
     231.711       297.25      0.01425     -9.49024            0     0.942072
     248.953       297.25      0.01425      -9.4523            0     0.937762
     266.368       297.25      0.01425     -9.41399            0     0.933408
     283.957       297.25      0.01425      -9.3753            0     0.929011
     301.721       297.25      0.01425     -9.33621            0      0.92457
     319.663       297.25      0.01425     -9.29674            0     0.920084
     337.785       297.25      0.01425     -9.25687            0     0.915554
     356.088       297.25      0.01425     -9.21661            0     0.910978
     374.574       297.25      0.01425     -9.17594            0     0.906357
     393.245       297.25      0.01425     -9.13486            0     0.901689
     412.102       297.25      0.01425     -9.09338            0     0.896975
     431.148       297.25      0.01425     -9.05147            0     0.892213
     450.384       297.25      0.01425     -9.00915            0     0.887404
     469.813       297.25      0.01425     -8.96641            0     0.882547
     489.436       297.25      0.01425     -8.92324            0     0.877641
     509.256      297.296    0.0141789     -8.87964            0     0.872686
     529.273      297.396    0.0140263      -8.8356            0     0.867682
     549.491      297.497    0.0138738     -8.79112            0     0.862627
     569.911        297.6    0.0137215      -8.7462            0     0.857522
     590.535      297.703    0.0135694     -8.70082            0     0.852366
     611.365      297.807    0.0134175       -8.655            0     0.847159
     632.404      297.912    0.0132658     -8.60871            0     0.841899
     653.653      298.018    0.0131143     -8.56196            0     0.836587
     675.115      298.126     0.012963     -8.51475            0     0.831221
     696.791      298.234     0.012812     -8.46706            0     0.825802
     718.684      298.343    0.0126613      -8.4189            0     0.820329
     740.796      298.454    0.0125109     -8.37025            0     0.814801
     763.129      298.566    0.0123607     -8.32112            0     0.809218
     785.685      298.678    0.0122109     -8.27149            0     0.803579
     808.467      298.792    0.0120615     -8.22137            0     0.797883
     831.476      298.907    0.0119124     -8.17075            0     0.792131
     854.716      299.024    0.0117637     -8.11962            0     0.786321
     878.188      299.141    0.0116154     -8.06799            0     0.780453
     901.895      299.259    0.0114675     -8.01583            0     0.774526
     925.839      299.379      0.01132     -7.96315            0      0.76854
     950.023        299.5     0.011173     -7.90995            0     0.762494
     974.448      299.622    0.0110265     -7.85621            0     0.756388
     999.117      299.746    0.0108804     -7.80194            0     0.750221
     1024.03       299.87    0.0107349     -7.74713            0     0.743992
      1049.2      299.996    0.0105898     -7.69176            0       0.7377
     1074.62      300.123    0.0104453     -7.63585            0     0.731346
     1100.29      300.251    0.0103014     -7.57937            0     0.724928
     1126.21      300.381     0.010158     -7.52233            0     0.718446
      1152.4      300.512    0.0100152     -7.46472            0       0.7119
     1178.85      300.644   0.00987307     -7.40653            0     0.705287
     1205.56      300.778   0.00973153     -7.34776            0     0.698609
     1232.55      300.913   0.00959063      -7.2884            0     0.691864
      1259.8      301.049    0.0094504     -7.22845            0     0.685051
     1287.32      301.187   0.00931084      -7.1679            0      0.67817
     1315.12      301.326   0.00917198     -7.10674            0     0.671221
     1343.19      301.466   0.00903384     -7.04498            0     0.664202
     1371.55      301.608   0.00889642     -6.98259            0     0.657113
     1400.19      301.751   0.00875975     -6.91958            0     0.649952
     1429.12      301.896   0.00862385     -6.85594            0     0.642721
     1458.33      302.042   0.00848873     -6.79167            0     0.635417
     1487.84      302.189    0.0083544     -6.72675            0      0.62804
     1517.65      302.338   0.00822089     -6.66118            0     0.620589
     1547.75      302.489   0.00808821     -6.59496            0     0.613063
     1578.15      302.641   0.00795638     -6.52807            0     0.605463
     1608.86      302.794   0.00782541     -6.46052            0     0.597786
     1639.87      302.949   0.00769531     -6.39229            0     0.590033
     1671.19      303.106   0.00756612     -6.32338            0     0.582202
     1702.83      303.264   0.00743783     -6.25377            0     0.574293
     1734.78      303.424   0.00731046     -6.18348            0     0.566304
     1767.06      303.585   0.00718404     -6.11248            0     0.558236
     1799.65      303.748   0.00705857     -6.04077            0     0.550087
     1832.57      303.913   0.00693407     -5.96834            0     0.541857
     1865.82      304.079   0.00681056     -5.89519            0     0.533544
     1899.41      304.247   0.00668804     -5.82131            0     0.525148
     1933.33      304.417   0.00656653     -5.74668            0     0.516669
     1967.58      304.588   0.00644605     -5.67131            0     0.508104
     2002.18      304.761   0.00632661     -5.59519            0     0.499454
     2037.13      304.936   0.00620822     -5.51831            0     0.490717
     2072.43      305.112    0.0060909     -5.44066            0     0.481893
     2108.08       305.29   0.00597465     -5.36223            0     0.472981
     2144.08       305.47   0.00585949     -5.28302            0     0.463979
     2180.45      305.652   0.00574544     -5.20301            0     0.454888
     2217.18      305.836   0.00563249     -5.12221            0     0.445705
     2254.28      306.021   0.00552067     -5.04059            0     0.436431
     2291.74      306.209   0.00540999     -4.95817            0     0.427064
     2329.59      306.398   0.00530045     -4.87491            0     0.417604
     2367.81      306.589   0.00519207     -4.79083            0     0.408048
     2406.41      306.782   0.00508485      -4.7059            0     0.398398
      2445.4      306.977   0.00497881     -4.62012            0      0.38865
     2484.78      307.174   0.00487395     -4.53349            0     0.378806
     2524.55      307.373   0.00477028     -4.44599            0     0.368862
     2564.72      307.574   0.00466782     -4.35761            0      0.35882
     2605.29      307.776   0.00456656     -4.26836            0     0.348677
     2646.27      307.981   0.00446652      -4.1782            0     0.338432
     2687.66      308.188   0.00436771     -4.08715            0     0.328085
     2729.46      308.397   0.00427013     -3.99519            0     0.317635
     2771.68      308.608   0.00417378      -3.9023            0      0.30708
     2814.32      308.822   0.00407868     -3.80849            0      0.29642
     2857.39      309.037   0.00398482     -3.71374            0     0.285653
     2900.89      309.254   0.00389222     -3.61804            0     0.274778
     2944.82      309.474   0.00380087     -3.52139            0     0.263794
      2989.2      309.696   0.00371079     -3.42377            0     0.252701
     3034.01       309.92   0.00362198     -3.32517            0     0.241497
     3079.28      310.146   0.00353443     -3.22559            0     0.230181
        3125      310.375   0.00344816     -3.12501            0     0.218751
     3171.17      310.606   0.00336316     -3.02342            0     0.207207
     3217.81      310.839   0.00327944     -2.92082            0     0.195548
     3264.91      311.075   0.00319699      -2.8172            0     0.183772
     3312.48      311.312   0.00311583     -2.71253            0     0.171879
     3360.53      311.553   0.00303594     -2.60682            0     0.159866
     3409.06      311.795   0.00295734     -2.50006            0     0.147734
     3458.08       312.04   0.00288001     -2.39222            0      0.13548
     3507.59      312.288   0.00280397     -2.28331            0     0.123103
     3557.59      312.538    0.0027292     -2.17331            0     0.110603
     3608.09       312.79    0.0026557     -2.06221            0     0.097978
     3659.09      313.045   0.00258348     -1.94999            0    0.0852266
     3710.61      313.303   0.00251254     -1.83666            0    0.0723476
     3762.64      313.563   0.00244285     -1.72219            0    0.0593398
     3815.19      313.826   0.00237444     -1.60658            0     0.046202
     3868.27      314.091   0.00230728     -1.48981            0    0.0329327
     3921.88      314.359   0.00224138     -1.37187            0    0.0195308
     3976.02       314.63   0.00217674     -1.25275            0   0.00599487
     4030.71      314.904   0.00211334     -1.13245            0        1e-08
     4085.94       315.18   0.00205117     -1.01094            0        1e-08
     4141.72      315.459   0.00199025    -0.888211            0        1e-08
     4198.06       315.74   0.00193055    -0.764258            0        1e-08
     4254.97      316.025   0.00187207    -0.639066            0        1e-08
     4312.44      316.312    0.0018148    -0.512621            0        1e-08
     4370.49      316.602   0.00175874    -0.384913            0        1e-08
     4429.12      316.896   0.00170388    -0.255927            0        1e-08
     4488.34      317.192    0.0016502    -0.125651            0        1e-08
     4548.15      317.491   0.00159771   0.00592742            0        1e-08
     4608.56      317.793   0.00154638     0.138822            0        1e-08
     4669.57      318.098   0.00149621     0.273045            0        1e-08
     4731.19      318.406    0.0014472      0.40861            0        1e-08
     4793.42      318.717   0.00139932     0.545531            0        1e-08
     4856.28      319.031   0.00135257     0.683822            0        1e-08
     4919.77      319.349   0.00130694     0.823495            0        1e-08
     4983.89      319.669   0.00126242     0.964565            0        1e-08
     5048.66      319.993   0.00121899      1.10705            0        1e-08
     5114.07       320.32   0.00117664      1.25095            0        1e-08
     5180.13      320.651   0.00113537       1.3963            0        1e-08
     5246.86      320.984   0.00109514      1.54309            0        1e-08
     5314.25      321.321   0.00105597      1.69136            0        1e-08
     5382.32      321.662   0.00101782      1.84111            0        1e-08
     5451.07      322.005  0.000980692      1.99235            0        1e-08
     5520.51      322.353  0.000944566      2.14511            0        1e-08
     5590.64      322.703  0.000909429       2.2994            0        1e-08
     5661.47      323.057  0.000875268      2.45523            0        1e-08
     5733.01      323.415  0.000842067      2.61262            0        1e-08
     5805.26      323.776  0.000809813      2.77158            0        1e-08
     5878.24      324.141   0.00077849      2.93213            0        1e-08
     5951.95       324.51  0.000748083      3.09428            0        1e-08
     6026.39      324.882  0.000718578      3.25806            0        1e-08
     6101.58      325.258  0.000689958      3.42348            0        1e-08
     6177.52      325.638  0.000662209      3.59055            0        1e-08
     6254.22      326.021  0.000635316      3.75929            0        1e-08
     6331.69      326.408  0.000609262      3.92971            0        1e-08
     6409.93        326.8  0.000584032      4.10185            0        1e-08
     6488.95      327.195   0.00055961       4.2757            0        1e-08
     6568.77      327.594   0.00053598      4.45129            0        1e-08
     6649.38      327.997  0.000513126      4.62864            0        1e-08
      6730.8      328.404  0.000491033      4.80776            0        1e-08
     6813.03      328.815  0.000469685      4.98867            0        1e-08
     6896.09       329.23  0.000449065       5.1714            0        1e-08
     6979.98       329.65  0.000429157      5.35595            0        1e-08
