# 
#     height          sv1          sv2 ...
         7.5            0            0
        22.5            0            0
       37.65            0            0
     52.9515            0            0
      68.406            0            0
     84.0151            0            0
     99.7802            0            0
     115.703            0            0
     131.785            0            0
     148.028            0            0
     164.433            0            0
     181.003            0            0
     197.738            0            0
      214.64            0            0
     231.711            0            0
     248.953            0            0
     266.368            0            0
     283.957            0            0
     301.721            0            0
     319.663            0            0
     337.785            0            0
     356.088            0            0
     374.574            0            0
     393.245            0            0
     412.102            0            0
     431.148            0            0
     450.384            0            0
     469.813            0            0
     489.436            0            0
     509.256            0            0
     529.273            0            0
     549.491            0            0
     569.911            0            0
     590.535            0            0
     611.365            0            0
     632.404            0            0
     653.653            0            0
     675.115            0            0
     696.791            0            0
     718.684            0            0
     740.796            0            0
     763.129            0            0
     785.685            0            0
     808.467            0            0
     831.476            0            0
     854.716            0            0
     878.188            0            0
     901.895            0            0
     925.839            0            0
     950.023            0            0
     974.448            0            0
     999.117            0            0
     1024.03            0            0
      1049.2            0            0
     1074.62            0            0
     1100.29            0            0
     1126.21            0            0
      1152.4            0            0
     1178.85            0            0
     1205.56            0            0
     1232.55            0            0
      1259.8            0            0
     1287.32            0            0
     1315.12            0            0
     1343.19            0            0
     1371.55            0            0
     1400.19            0            0
     1429.12            0            0
     1458.33            0            0
     1487.84            0            0
     1517.65            0            0
     1547.75            0            0
     1578.15            0            0
     1608.86            0            0
     1639.87            0            0
     1671.19            0            0
     1702.83            0            0
     1734.78            0            0
     1767.06            0            0
     1799.65            0            0
     1832.57            0            0
     1865.82            0            0
     1899.41            0            0
     1933.33            0            0
     1967.58            0            0
     2002.18            0            0
     2037.13            0            0
     2072.43            0            0
     2108.08            0            0
     2144.08            0            0
     2180.45            0            0
     2217.18            0            0
     2254.28            0            0
     2291.74            0            0
     2329.59            0            0
     2367.81            0            0
     2406.41            0            0
      2445.4            0            0
     2484.78            0            0
     2524.55            0            0
     2564.72            0            0
     2605.29            0            0
     2646.27            0            0
     2687.66            0            0
     2729.46            0            0
     2771.68            0            0
     2814.32            0            0
     2857.39            0            0
     2900.89            0            0
     2944.82            0            0
      2989.2            0            0
     3034.01            0            0
     3079.28            0            0
        3125            0            0
     3171.17            0            0
     3217.81            0            0
     3264.91            0            0
     3312.48            0            0
     3360.53            0            0
     3409.06            0            0
     3458.08            0            0
     3507.59            0            0
     3557.59            0            0
     3608.09            0            0
     3659.09            0            0
     3710.61            0            0
     3762.64            0            0
     3815.19            0            0
     3868.27            0            0
     3921.88            0            0
     3976.02            0            0
     4030.71            0            0
     4085.94            0            0
     4141.72            0            0
     4198.06            0            0
     4254.97            0            0
     4312.44            0            0
     4370.49            0            0
     4429.12            0            0
     4488.34            0            0
     4548.15            0            0
     4608.56            0            0
     4669.57            0            0
     4731.19            0            0
     4793.42            0            0
     4856.28            0            0
     4919.77            0            0
     4983.89            0            0
     5048.66            0            0
     5114.07            0            0
     5180.13            0            0
     5246.86            0            0
     5314.25            0            0
     5382.32            0            0
     5451.07            0            0
     5520.51            0            0
     5590.64            0            0
     5661.47            0            0
     5733.01            0            0
     5805.26            0            0
     5878.24            0            0
     5951.95            0            0
     6026.39            0            0
     6101.58            0            0
     6177.52            0            0
     6254.22            0            0
     6331.69            0            0
     6409.93            0            0
     6488.95            0            0
     6568.77            0            0
     6649.38            0            0
      6730.8            0            0
     6813.03            0            0
     6896.09            0            0
     6979.98            0            0
