# Input-file high resolution
# height th qt u v tke
10.00000 297.00000 0.01666 -7.0000 -1.0000 1.00000
30.00000 297.00000 0.01666 -7.0000 -1.0000 1.00000
50.00000 297.00000 0.01666 -7.0000 -1.0000 1.00000
70.00000 297.25800 0.01666 -7.0000 -1.0000 1.00000
90.00000 297.51600 0.01666 -7.0000 -1.0000 1.00000
110.00000 297.77400 0.01666 -7.0000 -1.0000 0.50000
130.00000 298.03200 0.01666 -7.0000 -1.0000 0.00000
150.00000 298.29000 0.01522 -7.0000 -1.0000 0.00000
170.00000 298.54800 0.01516 -7.0000 -1.0000 0.00000
190.00000 298.80600 0.01510 -7.0000 -1.0000 0.00000
210.00000 299.06400 0.01504 -7.0000 -1.0000 0.00000
230.00000 299.32200 0.01498 -7.0000 -1.0000 0.00000
250.00000 299.58000 0.01492 -7.0000 -1.0000 0.00000
270.00000 299.83800 0.01486 -7.0000 -1.0000 0.00000
290.00000 300.09600 0.01480 -7.0000 -1.0000 0.00000
310.00000 300.35400 0.01474 -7.0000 -1.0000 0.00000
330.00000 300.61200 0.01468 -7.0000 -1.0000 0.00000
350.00000 300.87000 0.01462 -7.0000 -1.0000 0.00000
370.00000 301.12800 0.01456 -7.0000 -1.0000 0.00000
390.00000 301.38600 0.01451 -7.0000 -1.0000 0.00000
410.00000 301.64400 0.01445 -7.0000 -1.0000 0.00000
430.00000 301.90200 0.01439 -7.0000 -1.0000 0.00000
450.00000 302.16000 0.01433 -7.0000 -1.0000 0.00000
470.00000 302.41800 0.01427 -7.0000 -1.0000 0.00000
490.00000 302.67600 0.01421 -7.0000 -1.0000 0.00000
510.00000 302.93400 0.01415 -7.0000 -1.0000 0.00000
530.00000 303.19200 0.01409 -7.0000 -1.0000 0.00000
550.00000 303.20000 0.01403 -7.0000 -1.0000 0.00000
570.00000 303.25000 0.01397 -7.0000 -1.0000 0.00000
590.00000 303.30000 0.01391 -7.0000 -1.0000 0.00000
610.00000 303.35000 0.01385 -7.0000 -1.0000 0.00000
630.00000 303.40000 0.01380 -7.0000 -1.0000 0.00000
650.00000 303.45000 0.01374 -7.0000 -1.0000 0.00000
670.00000 303.50000 0.01368 -7.0000 -1.0000 0.00000
690.00000 303.55000 0.01362 -7.0000 -1.0000 0.00000
710.00000 303.60000 0.01356 -7.0000 -1.0000 0.00000
730.00000 303.65000 0.01350 -7.0000 -1.0000 0.00000
750.00000 303.70000 0.01344 -7.0000 -1.0000 0.00000
770.00000 303.75000 0.01338 -7.0000 -1.0000 0.00000
790.00000 303.80000 0.01332 -7.0000 -1.0000 0.00000
810.00000 303.85000 0.01326 -7.0000 -1.0000 0.00000
830.00000 303.90000 0.01320 -7.0000 -1.0000 0.00000
850.00000 303.95000 0.01314 -7.0000 -1.0000 0.00000
870.00000 304.00000 0.01308 -7.0000 -1.0000 0.00000
890.00000 304.05000 0.01303 -7.0000 -1.0000 0.00000
910.00000 304.10000 0.01297 -7.0000 -1.0000 0.00000
930.00000 304.15000 0.01291 -7.0000 -1.0000 0.00000
950.00000 304.20000 0.01285 -7.0000 -1.0000 0.00000
970.00000 304.25000 0.01279 -7.0000 -1.0000 0.00000
990.00000 304.30000 0.01273 -7.0000 -1.0000 0.00000
1010.00000 304.35000 0.01267 -7.0000 -1.0000 0.00000
1030.00000 304.40000 0.01261 -7.0000 -1.0000 0.00000
1050.00000 304.45000 0.01255 -7.0000 -1.0000 0.00000
1070.00000 304.50000 0.01249 -7.0000 -1.0000 0.00000
1090.00000 304.55000 0.01243 -7.0000 -1.0000 0.00000
1110.00000 304.60000 0.01237 -7.0000 -1.0000 0.00000
1130.00000 304.65000 0.01231 -7.0000 -1.0000 0.00000
1150.00000 304.70000 0.01225 -7.0000 -1.0000 0.00000
1170.00000 304.75000 0.01220 -7.0000 -1.0000 0.00000
1190.00000 304.80000 0.01214 -7.0000 -1.0000 0.00000
1210.00000 304.85000 0.01208 -7.0000 -1.0000 0.00000
1230.00000 304.90000 0.01202 -7.0000 -1.0000 0.00000
1250.00000 304.95000 0.01196 -7.0000 -1.0000 0.00000
1270.00000 305.00000 0.01190 -7.0000 -1.0000 0.00000
1290.00000 305.05000 0.01184 -7.0000 -1.0000 0.00000
1310.00000 305.10000 0.01178 -7.0000 -1.0000 0.00000
1330.00000 305.15000 0.01172 -7.0000 -1.0000 0.00000
1350.00000 305.20000 0.01166 -7.0000 -1.0000 0.00000
1370.00000 305.25000 0.01160 -7.0000 -1.0000 0.00000
1390.00000 305.30000 0.01155 -7.0000 -1.0000 0.00000
1410.00000 305.35000 0.01149 -7.0000 -1.0000 0.00000
1430.00000 305.40000 0.01143 -7.0000 -1.0000 0.00000
1450.00000 305.45000 0.01137 -7.0000 -1.0000 0.00000
1470.00000 305.50000 0.01131 -7.0000 -1.0000 0.00000
1490.00000 305.55000 0.01122 -7.0000 -1.0000 0.00000
1510.00000 305.60000 0.01119 -7.0000 -1.0000 0.00000
1530.00000 305.65000 0.01113 -7.0000 -1.0000 0.00000
1550.00000 305.70000 0.01107 -7.0000 -1.0000 0.00000
1570.00000 305.75000 0.01101 -7.0000 -1.0000 0.00000
1590.00000 305.80000 0.01095 -7.0000 -1.0000 0.00000
1610.00000 305.85000 0.01089 -7.0000 -1.0000 0.00000
1630.00000 305.90000 0.01084 -7.0000 -1.0000 0.00000
1650.00000 305.95000 0.01078 -7.0000 -1.0000 0.00000
1670.00000 306.00000 0.01072 -7.0000 -1.0000 0.00000
1690.00000 306.05000 0.01066 -7.0000 -1.0000 0.00000
1710.00000 306.10000 0.01060 -7.0000 -1.0000 0.00000
1730.00000 306.15000 0.01054 -7.0000 -1.0000 0.00000
1750.00000 306.20000 0.01048 -7.0000 -1.0000 0.00000
1770.00000 306.25000 0.01042 -7.0000 -1.0000 0.00000
1790.00000 306.30000 0.01036 -7.0000 -1.0000 0.00000
1810.00000 306.35000 0.01030 -7.0000 -1.0000 0.00000
1830.00000 306.40000 0.01024 -7.0000 -1.0000 0.00000
1850.00000 306.45000 0.01018 -7.0000 -1.0000 0.00000
1870.00000 306.50000 0.01012 -7.0000 -1.0000 0.00000
1890.00000 306.55000 0.01007 -7.0000 -1.0000 0.00000
1910.00000 306.60000 0.01001 -7.0000 -1.0000 0.00000
1930.00000 306.65000 0.00995 -7.0000 -1.0000 0.00000
1950.00000 306.70000 0.00989 -7.0000 -1.0000 0.00000
1970.00000 306.75000 0.00983 -7.0000 -1.0000 0.00000
1990.00000 306.80000 0.00977 -7.0000 -1.0000 0.00000
2010.00000 306.85000 0.00971 -7.0000 -1.0000 0.00000
2030.00000 306.95000 0.00965 -7.0000 -1.0000 0.00000
2050.00000 307.05000 0.00959 -7.0000 -1.0000 0.00000
2070.00000 307.15000 0.00953 -7.0000 -1.0000 0.00000
2090.00000 307.25000 0.00947 -7.0000 -1.0000 0.00000
2110.00000 307.35000 0.00941 -7.0000 -1.0000 0.00000
2130.00000 307.45000 0.00936 -7.0000 -1.0000 0.00000
2150.00000 307.55000 0.00930 -7.0000 -1.0000 0.00000
2170.00000 307.65000 0.00924 -7.0000 -1.0000 0.00000
2190.00000 307.75000 0.00918 -7.0000 -1.0000 0.00000
2210.00000 307.85000 0.00912 -7.0000 -1.0000 0.00000
2230.00000 307.95000 0.00906 -7.0000 -1.0000 0.00000
2250.00000 308.05000 0.00900 -7.0000 -1.0000 0.00000
2270.00000 308.15000 0.00894 -7.0000 -1.0000 0.00000
2290.00000 308.25000 0.00888 -7.0000 -1.0000 0.00000
2310.00000 308.35000 0.00882 -7.0000 -1.0000 0.00000
2330.00000 308.45000 0.00876 -7.0000 -1.0000 0.00000
2350.00000 308.55000 0.00870 -7.0000 -1.0000 0.00000
2370.00000 308.65000 0.00864 -7.0000 -1.0000 0.00000
2390.00000 308.75000 0.00859 -7.0000 -1.0000 0.00000
2410.00000 308.85000 0.00853 -7.0000 -1.0000 0.00000
2430.00000 308.95000 0.00847 -7.0000 -1.0000 0.00000
2450.00000 309.05000 0.00841 -7.0000 -1.0000 0.00000
2470.00000 309.15000 0.00835 -7.0000 -1.0000 0.00000
2490.00000 309.25000 0.00829 -7.0000 -1.0000 0.00000
2510.00000 309.35000 0.00823 -7.0000 -1.0000 0.00000
2530.00000 309.45000 0.00817 -7.0000 -1.0000 0.00000
2550.00000 309.55000 0.00811 -7.0000 -1.0000 0.00000
2570.00000 309.65000 0.00805 -7.0000 -1.0000 0.00000
2590.00000 309.75000 0.00799 -7.0000 -1.0000 0.00000
2610.00000 309.85000 0.00793 -7.0000 -1.0000 0.00000
2630.00000 309.95000 0.00788 -7.0000 -1.0000 0.00000
2650.00000 310.05000 0.00782 -7.0000 -1.0000 0.00000
2670.00000 310.15000 0.00776 -7.0000 -1.0000 0.00000
2690.00000 310.25000 0.00770 -7.0000 -1.0000 0.00000
2710.00000 310.35000 0.00764 -7.0000 -1.0000 0.00000
2730.00000 310.45000 0.00758 -7.0000 -1.0000 0.00000
2750.00000 310.55000 0.00752 -7.0000 -1.0000 0.00000
2770.00000 310.65000 0.00746 -7.0000 -1.0000 0.00000
2790.00000 310.75000 0.00740 -7.0000 -1.0000 0.00000
2810.00000 310.85000 0.00734 -7.0000 -1.0000 0.00000
2830.00000 310.95000 0.00728 -7.0000 -1.0000 0.00000
2850.00000 311.05000 0.00722 -7.0000 -1.0000 0.00000
2870.00000 311.15000 0.00716 -7.0000 -1.0000 0.00000
2890.00000 311.25000 0.00711 -7.0000 -1.0000 0.00000
2910.00000 311.35000 0.00705 -7.0000 -1.0000 0.00000
2930.00000 311.45000 0.00699 -7.0000 -1.0000 0.00000
2950.00000 311.55000 0.00693 -7.0000 -1.0000 0.00000
2970.00000 311.65000 0.00687 -7.0000 -1.0000 0.00000
2990.00000 311.75000 0.00681 -7.0000 -1.0000 0.00000
3010.00000 311.85000 0.00675 -7.0000 -1.0000 0.00000
3030.00000 311.95000 0.00669 -7.0000 -1.0000 0.00000
3050.00000 312.05000 0.00663 -7.0000 -1.0000 0.00000
3070.00000 312.15000 0.00657 -7.0000 -1.0000 0.00000
3090.00000 312.25000 0.00651 -7.0000 -1.0000 0.00000
3110.00000 312.35000 0.00645 -7.0000 -1.0000 0.00000
3130.00000 312.45000 0.00640 -7.0000 -1.0000 0.00000
3150.00000 312.55000 0.00634 -7.0000 -1.0000 0.00000
3170.00000 312.65000 0.00628 -7.0000 -1.0000 0.00000
3190.00000 312.75000 0.00622 -7.0000 -1.0000 0.00000
3210.00000 312.85000 0.00616 -7.0000 -1.0000 0.00000
3230.00000 312.95000 0.00610 -7.0000 -1.0000 0.00000
3250.00000 313.05000 0.00604 -7.0000 -1.0000 0.00000
3270.00000 313.15000 0.00598 -7.0000 -1.0000 0.00000
3290.00000 313.25000 0.00592 -7.0000 -1.0000 0.00000
3310.00000 313.35000 0.00586 -7.0000 -1.0000 0.00000
3330.00000 313.45000 0.00580 -7.0000 -1.0000 0.00000
3350.00000 313.55000 0.00574 -7.0000 -1.0000 0.00000
3370.00000 313.65000 0.00568 -7.0000 -1.0000 0.00000
3390.00000 313.75000 0.00563 -7.0000 -1.0000 0.00000
3410.00000 313.85000 0.00557 -7.0000 -1.0000 0.00000
3430.00000 313.95000 0.00551 -7.0000 -1.0000 0.00000
3450.00000 314.05000 0.00545 -7.0000 -1.0000 0.00000
3470.00000 314.15000 0.00539 -7.0000 -1.0000 0.00000
3490.00000 314.25000 0.00533 -7.0000 -1.0000 0.00000
3510.00000 314.35000 0.00527 -7.0000 -1.0000 0.00000
3530.00000 314.45000 0.00521 -7.0000 -1.0000 0.00000
3550.00000 314.55000 0.00515 -7.0000 -1.0000 0.00000
3570.00000 314.65000 0.00509 -7.0000 -1.0000 0.00000
3590.00000 314.75000 0.00503 -7.0000 -1.0000 0.00000
3610.00000 314.85000 0.00497 -7.0000 -1.0000 0.00000
3630.00000 314.95000 0.00492 -7.0000 -1.0000 0.00000
3650.00000 315.05000 0.00486 -7.0000 -1.0000 0.00000
3670.00000 315.15000 0.00480 -7.0000 -1.0000 0.00000
3690.00000 315.25000 0.00474 -7.0000 -1.0000 0.00000
3710.00000 315.35000 0.00468 -7.0000 -1.0000 0.00000
3730.00000 315.45000 0.00462 -7.0000 -1.0000 0.00000
3750.00000 315.55000 0.00456 -7.0000 -1.0000 0.00000
3770.00000 315.65000 0.00450 -7.0000 -1.0000 0.00000
3790.00000 315.75000 0.00444 -7.0000 -1.0000 0.00000
3810.00000 315.85000 0.00438 -7.0000 -1.0000 0.00000
3830.00000 315.95000 0.00432 -7.0000 -1.0000 0.00000
3850.00000 316.05000 0.00426 -7.0000 -1.0000 0.00000
3870.00000 316.15000 0.00420 -7.0000 -1.0000 0.00000
3890.00000 316.25000 0.00414 -7.0000 -1.0000 0.00000
3910.00000 316.35000 0.00408 -7.0000 -1.0000 0.00000
3930.00000 316.45000 0.00402 -7.0000 -1.0000 0.00000
3950.00000 316.55000 0.00396 -7.0000 -1.0000 0.00000
3970.00000 316.65000 0.00390 -7.0000 -1.0000 0.00000
3990.00000 316.75000 0.00384 -7.0000 -1.0000 0.00000
