#Amazon case TROFFEE
#z   INERT    O3      O1D    NO   NO2    CH4  CH2O  CH3O2   MVK   ISO   RO2   OH    HO2   CO    H2O   PRODUC    O2  N2  HNO3  H2O2  CO2
   10.00   0.000E+00   0.100E+02   0.000E+00   0.000E+00   0.100E+01   0.181E+04   0.000E+00   0.000E+00   0.170E+01   0.300E+01   0.000E+00   0.000E+00   0.000E+00   0.124E+03   0.000E+00   0.000E+00   0.200E+09   0.800E+09   0.000E+00   0.000E+00  0.438E+06
   30.00   0.000E+00   0.100E+02   0.000E+00   0.000E+00   0.100E+01   0.181E+04   0.000E+00   0.000E+00   0.170E+01   0.300E+01   0.000E+00   0.000E+00   0.000E+00   0.124E+03   0.000E+00   0.000E+00   0.200E+09   0.800E+09   0.000E+00   0.000E+00  0.438E+06
   50.00   0.000E+00   0.100E+02   0.000E+00   0.000E+00   0.100E+01   0.181E+04   0.000E+00   0.000E+00   0.170E+01   0.300E+01   0.000E+00   0.000E+00   0.000E+00   0.124E+03   0.000E+00   0.000E+00   0.200E+09   0.800E+09   0.000E+00   0.000E+00  0.438E+06
   70.00   0.000E+00   0.100E+02   0.000E+00   0.000E+00   0.100E+01   0.181E+04   0.000E+00   0.000E+00   0.170E+01   0.300E+01   0.000E+00   0.000E+00   0.000E+00   0.124E+03   0.000E+00   0.000E+00   0.200E+09   0.800E+09   0.000E+00   0.000E+00  0.438E+06
   90.00   0.000E+00   0.170E+02   0.000E+00   0.000E+00   0.100E+01   0.181E+04   0.000E+00   0.000E+00   0.100E+00   0.400E+01   0.000E+00   0.000E+00   0.000E+00   0.124E+03   0.000E+00   0.000E+00   0.200E+09   0.800E+09   0.000E+00   0.000E+00  0.438E+06
  110.00   0.000E+00   0.170E+02   0.000E+00   0.000E+00   0.100E+01   0.181E+04   0.000E+00   0.000E+00   0.100E+00   0.400E+01   0.000E+00   0.000E+00   0.000E+00   0.124E+03   0.000E+00   0.000E+00   0.200E+09   0.800E+09   0.000E+00   0.000E+00  0.438E+06
  130.00   0.000E+00   0.170E+02   0.000E+00   0.000E+00   0.100E+01   0.181E+04   0.000E+00   0.000E+00   0.100E+00   0.400E+01   0.000E+00   0.000E+00   0.000E+00   0.124E+03   0.000E+00   0.000E+00   0.200E+09   0.800E+09   0.000E+00   0.000E+00  0.425E+06
  150.00   0.000E+00   0.170E+02   0.000E+00   0.000E+00   0.100E+01   0.181E+04   0.000E+00   0.000E+00   0.100E+00   0.400E+01   0.000E+00   0.000E+00   0.000E+00   0.124E+03   0.000E+00   0.000E+00   0.200E+09   0.800E+09   0.000E+00   0.000E+00  0.425E+06
  170.00   0.000E+00   0.170E+02   0.000E+00   0.000E+00   0.100E+01   0.181E+04   0.000E+00   0.000E+00   0.100E+00   0.400E+01   0.000E+00   0.000E+00   0.000E+00   0.124E+03   0.000E+00   0.000E+00   0.200E+09   0.800E+09   0.000E+00   0.000E+00  0.425E+06
  190.00   0.000E+00   0.170E+02   0.000E+00   0.000E+00   0.500E+00   0.181E+04   0.000E+00   0.000E+00   0.100E+00   0.400E+01   0.000E+00   0.000E+00   0.000E+00   0.124E+03   0.000E+00   0.000E+00   0.200E+09   0.800E+09   0.000E+00   0.000E+00  0.420E+06
  210.00   0.000E+00   0.170E+02   0.000E+00   0.000E+00   0.000E+00   0.181E+04   0.000E+00   0.000E+00   0.100E+00   0.400E+01   0.000E+00   0.000E+00   0.000E+00   0.124E+03   0.000E+00   0.000E+00   0.200E+09   0.800E+09   0.000E+00   0.000E+00  0.420E+06
  230.00   0.000E+00   0.170E+02   0.000E+00   0.000E+00   0.000E+00   0.181E+04   0.000E+00   0.000E+00   0.100E+00   0.400E+01   0.000E+00   0.000E+00   0.000E+00   0.124E+03   0.000E+00   0.000E+00   0.200E+09   0.800E+09   0.000E+00   0.000E+00  0.420E+06
  250.00   0.000E+00   0.170E+02   0.000E+00   0.000E+00   0.000E+00   0.181E+04   0.000E+00   0.000E+00   0.100E+00   0.400E+01   0.000E+00   0.000E+00   0.000E+00   0.124E+03   0.000E+00   0.000E+00   0.200E+09   0.800E+09   0.000E+00   0.000E+00  0.420E+06
  270.00   0.000E+00   0.170E+02   0.000E+00   0.000E+00   0.000E+00   0.181E+04   0.000E+00   0.000E+00   0.100E+00   0.400E+01   0.000E+00   0.000E+00   0.000E+00   0.124E+03   0.000E+00   0.000E+00   0.200E+09   0.800E+09   0.000E+00   0.000E+00  0.420E+06
  290.00   0.000E+00   0.170E+02   0.000E+00   0.000E+00   0.000E+00   0.181E+04   0.000E+00   0.000E+00   0.100E+00   0.400E+01   0.000E+00   0.000E+00   0.000E+00   0.124E+03   0.000E+00   0.000E+00   0.200E+09   0.800E+09   0.000E+00   0.000E+00  0.420E+06
  310.00   0.000E+00   0.170E+02   0.000E+00   0.000E+00   0.000E+00   0.181E+04   0.000E+00   0.000E+00   0.100E+00   0.400E+01   0.000E+00   0.000E+00   0.000E+00   0.124E+03   0.000E+00   0.000E+00   0.200E+09   0.800E+09   0.000E+00   0.000E+00  0.413E+06
  330.00   0.000E+00   0.170E+02   0.000E+00   0.000E+00   0.000E+00   0.181E+04   0.000E+00   0.000E+00   0.100E+00   0.400E+01   0.000E+00   0.000E+00   0.000E+00   0.124E+03   0.000E+00   0.000E+00   0.200E+09   0.800E+09   0.000E+00   0.000E+00  0.413E+06
  350.00   0.000E+00   0.170E+02   0.000E+00   0.000E+00   0.000E+00   0.181E+04   0.000E+00   0.000E+00   0.100E+00   0.400E+01   0.000E+00   0.000E+00   0.000E+00   0.124E+03   0.000E+00   0.000E+00   0.200E+09   0.800E+09   0.000E+00   0.000E+00  0.413E+06
  370.00   0.000E+00   0.170E+02   0.000E+00   0.000E+00   0.000E+00   0.181E+04   0.000E+00   0.000E+00   0.100E+00   0.400E+01   0.000E+00   0.000E+00   0.000E+00   0.124E+03   0.000E+00   0.000E+00   0.200E+09   0.800E+09   0.000E+00   0.000E+00  0.413E+06
  390.00   0.000E+00   0.170E+02   0.000E+00   0.000E+00   0.000E+00   0.181E+04   0.000E+00   0.000E+00   0.100E+00   0.400E+01   0.000E+00   0.000E+00   0.000E+00   0.124E+03   0.000E+00   0.000E+00   0.200E+09   0.800E+09   0.000E+00   0.000E+00  0.413E+06
  410.00   0.000E+00   0.170E+02   0.000E+00   0.000E+00   0.000E+00   0.181E+04   0.000E+00   0.000E+00   0.100E+00   0.400E+01   0.000E+00   0.000E+00   0.000E+00   0.124E+03   0.000E+00   0.000E+00   0.200E+09   0.800E+09   0.000E+00   0.000E+00  0.413E+06
  430.00   0.000E+00   0.170E+02   0.000E+00   0.000E+00   0.000E+00   0.181E+04   0.000E+00   0.000E+00   0.100E+00   0.400E+01   0.000E+00   0.000E+00   0.000E+00   0.124E+03   0.000E+00   0.000E+00   0.200E+09   0.800E+09   0.000E+00   0.000E+00  0.413E+06
  450.00   0.000E+00   0.170E+02   0.000E+00   0.000E+00   0.000E+00   0.181E+04   0.000E+00   0.000E+00   0.100E+00   0.400E+01   0.000E+00   0.000E+00   0.000E+00   0.124E+03   0.000E+00   0.000E+00   0.200E+09   0.800E+09   0.000E+00   0.000E+00  0.413E+06
  470.00   0.000E+00   0.170E+02   0.000E+00   0.000E+00   0.000E+00   0.181E+04   0.000E+00   0.000E+00   0.100E+00   0.400E+01   0.000E+00   0.000E+00   0.000E+00   0.124E+03   0.000E+00   0.000E+00   0.200E+09   0.800E+09   0.000E+00   0.000E+00  0.408E+06
  490.00   0.000E+00   0.170E+02   0.000E+00   0.000E+00   0.000E+00   0.181E+04   0.000E+00   0.000E+00   0.100E+00   0.400E+01   0.000E+00   0.000E+00   0.000E+00   0.124E+03   0.000E+00   0.000E+00   0.200E+09   0.800E+09   0.000E+00   0.000E+00  0.408E+06
  510.00   0.000E+00   0.170E+02   0.000E+00   0.000E+00   0.000E+00   0.181E+04   0.000E+00   0.000E+00   0.100E+00   0.400E+01   0.000E+00   0.000E+00   0.000E+00   0.124E+03   0.000E+00   0.000E+00   0.200E+09   0.800E+09   0.000E+00   0.000E+00  0.408E+06
  530.00   0.000E+00   0.170E+02   0.000E+00   0.000E+00   0.000E+00   0.181E+04   0.000E+00   0.000E+00   0.100E+00   0.400E+01   0.000E+00   0.000E+00   0.000E+00   0.124E+03   0.000E+00   0.000E+00   0.200E+09   0.800E+09   0.000E+00   0.000E+00  0.408E+06
  550.00   0.000E+00   0.170E+02   0.000E+00   0.000E+00   0.000E+00   0.181E+04   0.000E+00   0.000E+00   0.100E+00   0.400E+01   0.000E+00   0.000E+00   0.000E+00   0.124E+03   0.000E+00   0.000E+00   0.200E+09   0.800E+09   0.000E+00   0.000E+00  0.394E+06
  570.00   0.000E+00   0.170E+02   0.000E+00   0.000E+00   0.000E+00   0.181E+04   0.000E+00   0.000E+00   0.100E+00   0.400E+01   0.000E+00   0.000E+00   0.000E+00   0.124E+03   0.000E+00   0.000E+00   0.200E+09   0.800E+09   0.000E+00   0.000E+00  0.394E+06
  590.00   0.000E+00   0.170E+02   0.000E+00   0.000E+00   0.000E+00   0.181E+04   0.000E+00   0.000E+00   0.100E+00   0.400E+01   0.000E+00   0.000E+00   0.000E+00   0.124E+03   0.000E+00   0.000E+00   0.200E+09   0.800E+09   0.000E+00   0.000E+00  0.394E+06
  610.00   0.000E+00   0.170E+02   0.000E+00   0.000E+00   0.000E+00   0.181E+04   0.000E+00   0.000E+00   0.100E+00   0.400E+01   0.000E+00   0.000E+00   0.000E+00   0.124E+03   0.000E+00   0.000E+00   0.200E+09   0.800E+09   0.000E+00   0.000E+00  0.394E+06
  630.00   0.000E+00   0.170E+02   0.000E+00   0.000E+00   0.000E+00   0.181E+04   0.000E+00   0.000E+00   0.100E+00   0.400E+01   0.000E+00   0.000E+00   0.000E+00   0.124E+03   0.000E+00   0.000E+00   0.200E+09   0.800E+09   0.000E+00   0.000E+00  0.394E+06
  650.00   0.000E+00   0.170E+02   0.000E+00   0.000E+00   0.000E+00   0.181E+04   0.000E+00   0.000E+00   0.100E+00   0.400E+01   0.000E+00   0.000E+00   0.000E+00   0.124E+03   0.000E+00   0.000E+00   0.200E+09   0.800E+09   0.000E+00   0.000E+00  0.394E+06
  670.00   0.000E+00   0.170E+02   0.000E+00   0.000E+00   0.000E+00   0.181E+04   0.000E+00   0.000E+00   0.100E+00   0.400E+01   0.000E+00   0.000E+00   0.000E+00   0.124E+03   0.000E+00   0.000E+00   0.200E+09   0.800E+09   0.000E+00   0.000E+00  0.394E+06
  690.00   0.000E+00   0.170E+02   0.000E+00   0.000E+00   0.000E+00   0.181E+04   0.000E+00   0.000E+00   0.100E+00   0.400E+01   0.000E+00   0.000E+00   0.000E+00   0.124E+03   0.000E+00   0.000E+00   0.200E+09   0.800E+09   0.000E+00   0.000E+00  0.394E+06
  710.00   0.000E+00   0.170E+02   0.000E+00   0.000E+00   0.000E+00   0.181E+04   0.000E+00   0.000E+00   0.100E+00   0.400E+01   0.000E+00   0.000E+00   0.000E+00   0.124E+03   0.000E+00   0.000E+00   0.200E+09   0.800E+09   0.000E+00   0.000E+00  0.394E+06
  730.00   0.000E+00   0.170E+02   0.000E+00   0.000E+00   0.000E+00   0.181E+04   0.000E+00   0.000E+00   0.100E+00   0.400E+01   0.000E+00   0.000E+00   0.000E+00   0.124E+03   0.000E+00   0.000E+00   0.200E+09   0.800E+09   0.000E+00   0.000E+00  0.394E+06
  750.00   0.000E+00   0.170E+02   0.000E+00   0.000E+00   0.000E+00   0.181E+04   0.000E+00   0.000E+00   0.100E+00   0.400E+01   0.000E+00   0.000E+00   0.000E+00   0.124E+03   0.000E+00   0.000E+00   0.200E+09   0.800E+09   0.000E+00   0.000E+00  0.394E+06
  770.00   0.000E+00   0.170E+02   0.000E+00   0.000E+00   0.000E+00   0.181E+04   0.000E+00   0.000E+00   0.100E+00   0.400E+01   0.000E+00   0.000E+00   0.000E+00   0.124E+03   0.000E+00   0.000E+00   0.200E+09   0.800E+09   0.000E+00   0.000E+00  0.394E+06
  790.00   0.000E+00   0.170E+02   0.000E+00   0.000E+00   0.000E+00   0.181E+04   0.000E+00   0.000E+00   0.100E+00   0.400E+01   0.000E+00   0.000E+00   0.000E+00   0.124E+03   0.000E+00   0.000E+00   0.200E+09   0.800E+09   0.000E+00   0.000E+00  0.394E+06
  810.00   0.000E+00   0.170E+02   0.000E+00   0.000E+00   0.000E+00   0.181E+04   0.000E+00   0.000E+00   0.100E+00   0.400E+01   0.000E+00   0.000E+00   0.000E+00   0.124E+03   0.000E+00   0.000E+00   0.200E+09   0.800E+09   0.000E+00   0.000E+00  0.394E+06
  830.00   0.000E+00   0.170E+02   0.000E+00   0.000E+00   0.000E+00   0.181E+04   0.000E+00   0.000E+00   0.100E+00   0.400E+01   0.000E+00   0.000E+00   0.000E+00   0.124E+03   0.000E+00   0.000E+00   0.200E+09   0.800E+09   0.000E+00   0.000E+00  0.394E+06
  850.00   0.000E+00   0.170E+02   0.000E+00   0.000E+00   0.000E+00   0.181E+04   0.000E+00   0.000E+00   0.100E+00   0.400E+01   0.000E+00   0.000E+00   0.000E+00   0.124E+03   0.000E+00   0.000E+00   0.200E+09   0.800E+09   0.000E+00   0.000E+00  0.394E+06
  870.00   0.000E+00   0.170E+02   0.000E+00   0.000E+00   0.000E+00   0.181E+04   0.000E+00   0.000E+00   0.100E+00   0.400E+01   0.000E+00   0.000E+00   0.000E+00   0.124E+03   0.000E+00   0.000E+00   0.200E+09   0.800E+09   0.000E+00   0.000E+00  0.394E+06
  890.00   0.000E+00   0.170E+02   0.000E+00   0.000E+00   0.000E+00   0.181E+04   0.000E+00   0.000E+00   0.100E+00   0.400E+01   0.000E+00   0.000E+00   0.000E+00   0.124E+03   0.000E+00   0.000E+00   0.200E+09   0.800E+09   0.000E+00   0.000E+00  0.394E+06
  910.00   0.000E+00   0.170E+02   0.000E+00   0.000E+00   0.000E+00   0.181E+04   0.000E+00   0.000E+00   0.100E+00   0.400E+01   0.000E+00   0.000E+00   0.000E+00   0.124E+03   0.000E+00   0.000E+00   0.200E+09   0.800E+09   0.000E+00   0.000E+00  0.394E+06
  930.00   0.000E+00   0.170E+02   0.000E+00   0.000E+00   0.000E+00   0.181E+04   0.000E+00   0.000E+00   0.100E+00   0.400E+01   0.000E+00   0.000E+00   0.000E+00   0.124E+03   0.000E+00   0.000E+00   0.200E+09   0.800E+09   0.000E+00   0.000E+00  0.394E+06
  950.00   0.000E+00   0.170E+02   0.000E+00   0.000E+00   0.000E+00   0.181E+04   0.000E+00   0.000E+00   0.100E+00   0.400E+01   0.000E+00   0.000E+00   0.000E+00   0.124E+03   0.000E+00   0.000E+00   0.200E+09   0.800E+09   0.000E+00   0.000E+00  0.394E+06
  970.00   0.000E+00   0.170E+02   0.000E+00   0.000E+00   0.000E+00   0.181E+04   0.000E+00   0.000E+00   0.100E+00   0.400E+01   0.000E+00   0.000E+00   0.000E+00   0.124E+03   0.000E+00   0.000E+00   0.200E+09   0.800E+09   0.000E+00   0.000E+00  0.394E+06
  990.00   0.000E+00   0.170E+02   0.000E+00   0.000E+00   0.000E+00   0.181E+04   0.000E+00   0.000E+00   0.100E+00   0.400E+01   0.000E+00   0.000E+00   0.000E+00   0.124E+03   0.000E+00   0.000E+00   0.200E+09   0.800E+09   0.000E+00   0.000E+00  0.394E+06
 1010.00   0.000E+00   0.170E+02   0.000E+00   0.000E+00   0.000E+00   0.181E+04   0.000E+00   0.000E+00   0.100E+00   0.400E+01   0.000E+00   0.000E+00   0.000E+00   0.124E+03   0.000E+00   0.000E+00   0.200E+09   0.800E+09   0.000E+00   0.000E+00  0.394E+06
 1030.00   0.000E+00   0.170E+02   0.000E+00   0.000E+00   0.000E+00   0.181E+04   0.000E+00   0.000E+00   0.100E+00   0.400E+01   0.000E+00   0.000E+00   0.000E+00   0.124E+03   0.000E+00   0.000E+00   0.200E+09   0.800E+09   0.000E+00   0.000E+00  0.394E+06
 1050.00   0.000E+00   0.170E+02   0.000E+00   0.000E+00   0.000E+00   0.181E+04   0.000E+00   0.000E+00   0.100E+00   0.400E+01   0.000E+00   0.000E+00   0.000E+00   0.124E+03   0.000E+00   0.000E+00   0.200E+09   0.800E+09   0.000E+00   0.000E+00  0.394E+06
 1070.00   0.000E+00   0.170E+02   0.000E+00   0.000E+00   0.000E+00   0.181E+04   0.000E+00   0.000E+00   0.100E+00   0.400E+01   0.000E+00   0.000E+00   0.000E+00   0.124E+03   0.000E+00   0.000E+00   0.200E+09   0.800E+09   0.000E+00   0.000E+00  0.394E+06
 1090.00   0.000E+00   0.170E+02   0.000E+00   0.000E+00   0.000E+00   0.181E+04   0.000E+00   0.000E+00   0.100E+00   0.400E+01   0.000E+00   0.000E+00   0.000E+00   0.124E+03   0.000E+00   0.000E+00   0.200E+09   0.800E+09   0.000E+00   0.000E+00  0.394E+06
 1110.00   0.000E+00   0.170E+02   0.000E+00   0.000E+00   0.000E+00   0.181E+04   0.000E+00   0.000E+00   0.100E+00   0.400E+01   0.000E+00   0.000E+00   0.000E+00   0.124E+03   0.000E+00   0.000E+00   0.200E+09   0.800E+09   0.000E+00   0.000E+00  0.394E+06
 1130.00   0.000E+00   0.170E+02   0.000E+00   0.000E+00   0.000E+00   0.181E+04   0.000E+00   0.000E+00   0.100E+00   0.400E+01   0.000E+00   0.000E+00   0.000E+00   0.124E+03   0.000E+00   0.000E+00   0.200E+09   0.800E+09   0.000E+00   0.000E+00  0.394E+06
 1150.00   0.000E+00   0.170E+02   0.000E+00   0.000E+00   0.000E+00   0.181E+04   0.000E+00   0.000E+00   0.100E+00   0.400E+01   0.000E+00   0.000E+00   0.000E+00   0.124E+03   0.000E+00   0.000E+00   0.200E+09   0.800E+09   0.000E+00   0.000E+00  0.394E+06
 1170.00   0.000E+00   0.170E+02   0.000E+00   0.000E+00   0.000E+00   0.181E+04   0.000E+00   0.000E+00   0.100E+00   0.400E+01   0.000E+00   0.000E+00   0.000E+00   0.124E+03   0.000E+00   0.000E+00   0.200E+09   0.800E+09   0.000E+00   0.000E+00  0.394E+06
 1190.00   0.000E+00   0.170E+02   0.000E+00   0.000E+00   0.000E+00   0.181E+04   0.000E+00   0.000E+00   0.100E+00   0.400E+01   0.000E+00   0.000E+00   0.000E+00   0.124E+03   0.000E+00   0.000E+00   0.200E+09   0.800E+09   0.000E+00   0.000E+00  0.394E+06
 1210.00   0.000E+00   0.170E+02   0.000E+00   0.000E+00   0.000E+00   0.181E+04   0.000E+00   0.000E+00   0.100E+00   0.400E+01   0.000E+00   0.000E+00   0.000E+00   0.124E+03   0.000E+00   0.000E+00   0.200E+09   0.800E+09   0.000E+00   0.000E+00  0.394E+06
 1230.00   0.000E+00   0.170E+02   0.000E+00   0.000E+00   0.000E+00   0.181E+04   0.000E+00   0.000E+00   0.100E+00   0.400E+01   0.000E+00   0.000E+00   0.000E+00   0.124E+03   0.000E+00   0.000E+00   0.200E+09   0.800E+09   0.000E+00   0.000E+00  0.394E+06
 1250.00   0.000E+00   0.170E+02   0.000E+00   0.000E+00   0.000E+00   0.181E+04   0.000E+00   0.000E+00   0.100E+00   0.400E+01   0.000E+00   0.000E+00   0.000E+00   0.124E+03   0.000E+00   0.000E+00   0.200E+09   0.800E+09   0.000E+00   0.000E+00  0.394E+06
 1270.00   0.000E+00   0.170E+02   0.000E+00   0.000E+00   0.000E+00   0.181E+04   0.000E+00   0.000E+00   0.100E+00   0.400E+01   0.000E+00   0.000E+00   0.000E+00   0.124E+03   0.000E+00   0.000E+00   0.200E+09   0.800E+09   0.000E+00   0.000E+00  0.394E+06
 1290.00   0.000E+00   0.170E+02   0.000E+00   0.000E+00   0.000E+00   0.181E+04   0.000E+00   0.000E+00   0.100E+00   0.400E+01   0.000E+00   0.000E+00   0.000E+00   0.124E+03   0.000E+00   0.000E+00   0.200E+09   0.800E+09   0.000E+00   0.000E+00  0.394E+06
 1310.00   0.000E+00   0.170E+02   0.000E+00   0.000E+00   0.000E+00   0.181E+04   0.000E+00   0.000E+00   0.100E+00   0.400E+01   0.000E+00   0.000E+00   0.000E+00   0.124E+03   0.000E+00   0.000E+00   0.200E+09   0.800E+09   0.000E+00   0.000E+00  0.394E+06
 1330.00   0.000E+00   0.170E+02   0.000E+00   0.000E+00   0.000E+00   0.181E+04   0.000E+00   0.000E+00   0.100E+00   0.400E+01   0.000E+00   0.000E+00   0.000E+00   0.124E+03   0.000E+00   0.000E+00   0.200E+09   0.800E+09   0.000E+00   0.000E+00  0.394E+06
 1400.00   0.000E+00   0.170E+02   0.000E+00   0.000E+00   0.000E+00   0.181E+04   0.000E+00   0.000E+00   0.100E+00   0.400E+01   0.000E+00   0.000E+00   0.000E+00   0.124E+03   0.000E+00   0.000E+00   0.200E+09   0.800E+09   0.000E+00   0.000E+00  0.398E+06
 1370.00   0.000E+00   0.170E+02   0.000E+00   0.000E+00   0.000E+00   0.181E+04   0.000E+00   0.000E+00   0.100E+00   0.400E+01   0.000E+00   0.000E+00   0.000E+00   0.124E+03   0.000E+00   0.000E+00   0.200E+09   0.800E+09   0.000E+00   0.000E+00  0.398E+06
 1390.00   0.000E+00   0.170E+02   0.000E+00   0.000E+00   0.000E+00   0.181E+04   0.000E+00   0.000E+00   0.100E+00   0.400E+01   0.000E+00   0.000E+00   0.000E+00   0.124E+03   0.000E+00   0.000E+00   0.200E+09   0.800E+09   0.000E+00   0.000E+00  0.398E+06
 1410.00   0.000E+00   0.170E+02   0.000E+00   0.000E+00   0.000E+00   0.181E+04   0.000E+00   0.000E+00   0.100E+00   0.400E+01   0.000E+00   0.000E+00   0.000E+00   0.124E+03   0.000E+00   0.000E+00   0.200E+09   0.800E+09   0.000E+00   0.000E+00  0.398E+06
 1430.00   0.000E+00   0.170E+02   0.000E+00   0.000E+00   0.000E+00   0.181E+04   0.000E+00   0.000E+00   0.100E+00   0.400E+01   0.000E+00   0.000E+00   0.000E+00   0.124E+03   0.000E+00   0.000E+00   0.200E+09   0.800E+09   0.000E+00   0.000E+00  0.398E+06
 1450.00   0.000E+00   0.170E+02   0.000E+00   0.000E+00   0.000E+00   0.181E+04   0.000E+00   0.000E+00   0.100E+00   0.400E+01   0.000E+00   0.000E+00   0.000E+00   0.124E+03   0.000E+00   0.000E+00   0.200E+09   0.800E+09   0.000E+00   0.000E+00  0.398E+06
 1470.00   0.000E+00   0.170E+02   0.000E+00   0.000E+00   0.000E+00   0.181E+04   0.000E+00   0.000E+00   0.100E+00   0.400E+01   0.000E+00   0.000E+00   0.000E+00   0.124E+03   0.000E+00   0.000E+00   0.200E+09   0.800E+09   0.000E+00   0.000E+00  0.398E+06
 1490.00   0.000E+00   0.170E+02   0.000E+00   0.000E+00   0.000E+00   0.181E+04   0.000E+00   0.000E+00   0.100E+00   0.400E+01   0.000E+00   0.000E+00   0.000E+00   0.124E+03   0.000E+00   0.000E+00   0.200E+09   0.800E+09   0.000E+00   0.000E+00  0.398E+06
 1510.00   0.000E+00   0.170E+02   0.000E+00   0.000E+00   0.000E+00   0.181E+04   0.000E+00   0.000E+00   0.100E+00   0.400E+01   0.000E+00   0.000E+00   0.000E+00   0.124E+03   0.000E+00   0.000E+00   0.200E+09   0.800E+09   0.000E+00   0.000E+00  0.398E+06
 1530.00   0.000E+00   0.170E+02   0.000E+00   0.000E+00   0.000E+00   0.181E+04   0.000E+00   0.000E+00   0.100E+00   0.400E+01   0.000E+00   0.000E+00   0.000E+00   0.124E+03   0.000E+00   0.000E+00   0.200E+09   0.800E+09   0.000E+00   0.000E+00  0.398E+06
 1550.00   0.000E+00   0.170E+02   0.000E+00   0.000E+00   0.000E+00   0.181E+04   0.000E+00   0.000E+00   0.100E+00   0.400E+01   0.000E+00   0.000E+00   0.000E+00   0.124E+03   0.000E+00   0.000E+00   0.200E+09   0.800E+09   0.000E+00   0.000E+00  0.398E+06
 1570.00   0.000E+00   0.170E+02   0.000E+00   0.000E+00   0.000E+00   0.181E+04   0.000E+00   0.000E+00   0.100E+00   0.400E+01   0.000E+00   0.000E+00   0.000E+00   0.124E+03   0.000E+00   0.000E+00   0.200E+09   0.800E+09   0.000E+00   0.000E+00  0.398E+06
 1590.00   0.000E+00   0.170E+02   0.000E+00   0.000E+00   0.000E+00   0.181E+04   0.000E+00   0.000E+00   0.100E+00   0.400E+01   0.000E+00   0.000E+00   0.000E+00   0.124E+03   0.000E+00   0.000E+00   0.200E+09   0.800E+09   0.000E+00   0.000E+00  0.398E+06
 1610.00   0.000E+00   0.170E+02   0.000E+00   0.000E+00   0.000E+00   0.181E+04   0.000E+00   0.000E+00   0.100E+00   0.400E+01   0.000E+00   0.000E+00   0.000E+00   0.124E+03   0.000E+00   0.000E+00   0.200E+09   0.800E+09   0.000E+00   0.000E+00  0.398E+06
 1630.00   0.000E+00   0.170E+02   0.000E+00   0.000E+00   0.000E+00   0.181E+04   0.000E+00   0.000E+00   0.100E+00   0.400E+01   0.000E+00   0.000E+00   0.000E+00   0.124E+03   0.000E+00   0.000E+00   0.200E+09   0.800E+09   0.000E+00   0.000E+00  0.398E+06
 1650.00   0.000E+00   0.170E+02   0.000E+00   0.000E+00   0.000E+00   0.181E+04   0.000E+00   0.000E+00   0.100E+00   0.400E+01   0.000E+00   0.000E+00   0.000E+00   0.124E+03   0.000E+00   0.000E+00   0.200E+09   0.800E+09   0.000E+00   0.000E+00  0.398E+06
 1670.00   0.000E+00   0.170E+02   0.000E+00   0.000E+00   0.000E+00   0.181E+04   0.000E+00   0.000E+00   0.100E+00   0.400E+01   0.000E+00   0.000E+00   0.000E+00   0.124E+03   0.000E+00   0.000E+00   0.200E+09   0.800E+09   0.000E+00   0.000E+00  0.398E+06
 1690.00   0.000E+00   0.170E+02   0.000E+00   0.000E+00   0.000E+00   0.181E+04   0.000E+00   0.000E+00   0.100E+00   0.400E+01   0.000E+00   0.000E+00   0.000E+00   0.124E+03   0.000E+00   0.000E+00   0.200E+09   0.800E+09   0.000E+00   0.000E+00  0.398E+06
 1710.00   0.000E+00   0.170E+02   0.000E+00   0.000E+00   0.000E+00   0.181E+04   0.000E+00   0.000E+00   0.100E+00   0.400E+01   0.000E+00   0.000E+00   0.000E+00   0.124E+03   0.000E+00   0.000E+00   0.200E+09   0.800E+09   0.000E+00   0.000E+00  0.398E+06
 1730.00   0.000E+00   0.170E+02   0.000E+00   0.000E+00   0.000E+00   0.181E+04   0.000E+00   0.000E+00   0.100E+00   0.400E+01   0.000E+00   0.000E+00   0.000E+00   0.124E+03   0.000E+00   0.000E+00   0.200E+09   0.800E+09   0.000E+00   0.000E+00  0.398E+06
 1750.00   0.000E+00   0.170E+02   0.000E+00   0.000E+00   0.000E+00   0.181E+04   0.000E+00   0.000E+00   0.100E+00   0.400E+01   0.000E+00   0.000E+00   0.000E+00   0.124E+03   0.000E+00   0.000E+00   0.200E+09   0.800E+09   0.000E+00   0.000E+00  0.398E+06
 1770.00   0.000E+00   0.170E+02   0.000E+00   0.000E+00   0.000E+00   0.181E+04   0.000E+00   0.000E+00   0.100E+00   0.400E+01   0.000E+00   0.000E+00   0.000E+00   0.124E+03   0.000E+00   0.000E+00   0.200E+09   0.800E+09   0.000E+00   0.000E+00  0.398E+06
 1790.00   0.000E+00   0.170E+02   0.000E+00   0.000E+00   0.000E+00   0.181E+04   0.000E+00   0.000E+00   0.100E+00   0.400E+01   0.000E+00   0.000E+00   0.000E+00   0.124E+03   0.000E+00   0.000E+00   0.200E+09   0.800E+09   0.000E+00   0.000E+00  0.398E+06
 1810.00   0.000E+00   0.170E+02   0.000E+00   0.000E+00   0.000E+00   0.181E+04   0.000E+00   0.000E+00   0.100E+00   0.400E+01   0.000E+00   0.000E+00   0.000E+00   0.124E+03   0.000E+00   0.000E+00   0.200E+09   0.800E+09   0.000E+00   0.000E+00  0.398E+06
 1830.00   0.000E+00   0.170E+02   0.000E+00   0.000E+00   0.000E+00   0.181E+04   0.000E+00   0.000E+00   0.100E+00   0.400E+01   0.000E+00   0.000E+00   0.000E+00   0.124E+03   0.000E+00   0.000E+00   0.200E+09   0.800E+09   0.000E+00   0.000E+00  0.398E+06
 1850.00   0.000E+00   0.170E+02   0.000E+00   0.000E+00   0.000E+00   0.181E+04   0.000E+00   0.000E+00   0.100E+00   0.400E+01   0.000E+00   0.000E+00   0.000E+00   0.124E+03   0.000E+00   0.000E+00   0.200E+09   0.800E+09   0.000E+00   0.000E+00  0.398E+06
 1870.00   0.000E+00   0.170E+02   0.000E+00   0.000E+00   0.000E+00   0.181E+04   0.000E+00   0.000E+00   0.100E+00   0.400E+01   0.000E+00   0.000E+00   0.000E+00   0.124E+03   0.000E+00   0.000E+00   0.200E+09   0.800E+09   0.000E+00   0.000E+00  0.398E+06
 1890.00   0.000E+00   0.170E+02   0.000E+00   0.000E+00   0.000E+00   0.181E+04   0.000E+00   0.000E+00   0.100E+00   0.400E+01   0.000E+00   0.000E+00   0.000E+00   0.124E+03   0.000E+00   0.000E+00   0.200E+09   0.800E+09   0.000E+00   0.000E+00  0.398E+06
 1910.00   0.000E+00   0.170E+02   0.000E+00   0.000E+00   0.000E+00   0.181E+04   0.000E+00   0.000E+00   0.100E+00   0.400E+01   0.000E+00   0.000E+00   0.000E+00   0.124E+03   0.000E+00   0.000E+00   0.200E+09   0.800E+09   0.000E+00   0.000E+00  0.398E+06
 1930.00   0.000E+00   0.170E+02   0.000E+00   0.000E+00   0.000E+00   0.181E+04   0.000E+00   0.000E+00   0.100E+00   0.400E+01   0.000E+00   0.000E+00   0.000E+00   0.124E+03   0.000E+00   0.000E+00   0.200E+09   0.800E+09   0.000E+00   0.000E+00  0.398E+06
 1950.00   0.000E+00   0.170E+02   0.000E+00   0.000E+00   0.000E+00   0.181E+04   0.000E+00   0.000E+00   0.100E+00   0.400E+01   0.000E+00   0.000E+00   0.000E+00   0.124E+03   0.000E+00   0.000E+00   0.200E+09   0.800E+09   0.000E+00   0.000E+00  0.398E+06
 1970.00   0.000E+00   0.170E+02   0.000E+00   0.000E+00   0.000E+00   0.181E+04   0.000E+00   0.000E+00   0.100E+00   0.400E+01   0.000E+00   0.000E+00   0.000E+00   0.124E+03   0.000E+00   0.000E+00   0.200E+09   0.800E+09   0.000E+00   0.000E+00  0.398E+06
 1990.00   0.000E+00   0.170E+02   0.000E+00   0.000E+00   0.000E+00   0.181E+04   0.000E+00   0.000E+00   0.100E+00   0.400E+01   0.000E+00   0.000E+00   0.000E+00   0.124E+03   0.000E+00   0.000E+00   0.200E+09   0.800E+09   0.000E+00   0.000E+00  0.398E+06
 2010.00   0.000E+00   0.170E+02   0.000E+00   0.000E+00   0.000E+00   0.181E+04   0.000E+00   0.000E+00   0.100E+00   0.400E+01   0.000E+00   0.000E+00   0.000E+00   0.124E+03   0.000E+00   0.000E+00   0.200E+09   0.800E+09   0.000E+00   0.000E+00  0.398E+06
 2030.00   0.000E+00   0.170E+02   0.000E+00   0.000E+00   0.000E+00   0.181E+04   0.000E+00   0.000E+00   0.100E+00   0.400E+01   0.000E+00   0.000E+00   0.000E+00   0.124E+03   0.000E+00   0.000E+00   0.200E+09   0.800E+09   0.000E+00   0.000E+00  0.398E+06
 2050.00   0.000E+00   0.170E+02   0.000E+00   0.000E+00   0.000E+00   0.181E+04   0.000E+00   0.000E+00   0.100E+00   0.400E+01   0.000E+00   0.000E+00   0.000E+00   0.124E+03   0.000E+00   0.000E+00   0.200E+09   0.800E+09   0.000E+00   0.000E+00  0.398E+06
 2070.00   0.000E+00   0.170E+02   0.000E+00   0.000E+00   0.000E+00   0.181E+04   0.000E+00   0.000E+00   0.100E+00   0.400E+01   0.000E+00   0.000E+00   0.000E+00   0.124E+03   0.000E+00   0.000E+00   0.200E+09   0.800E+09   0.000E+00   0.000E+00  0.398E+06
 2090.00   0.000E+00   0.170E+02   0.000E+00   0.000E+00   0.000E+00   0.181E+04   0.000E+00   0.000E+00   0.100E+00   0.400E+01   0.000E+00   0.000E+00   0.000E+00   0.124E+03   0.000E+00   0.000E+00   0.200E+09   0.800E+09   0.000E+00   0.000E+00  0.398E+06
 2110.00   0.000E+00   0.170E+02   0.000E+00   0.000E+00   0.000E+00   0.181E+04   0.000E+00   0.000E+00   0.100E+00   0.400E+01   0.000E+00   0.000E+00   0.000E+00   0.124E+03   0.000E+00   0.000E+00   0.200E+09   0.800E+09   0.000E+00   0.000E+00  0.398E+06
 2130.00   0.000E+00   0.170E+02   0.000E+00   0.000E+00   0.000E+00   0.181E+04   0.000E+00   0.000E+00   0.100E+00   0.400E+01   0.000E+00   0.000E+00   0.000E+00   0.124E+03   0.000E+00   0.000E+00   0.200E+09   0.800E+09   0.000E+00   0.000E+00  0.398E+06
 2150.00   0.000E+00   0.170E+02   0.000E+00   0.000E+00   0.000E+00   0.181E+04   0.000E+00   0.000E+00   0.100E+00   0.400E+01   0.000E+00   0.000E+00   0.000E+00   0.124E+03   0.000E+00   0.000E+00   0.200E+09   0.800E+09   0.000E+00   0.000E+00  0.398E+06
 2170.00   0.000E+00   0.170E+02   0.000E+00   0.000E+00   0.000E+00   0.181E+04   0.000E+00   0.000E+00   0.100E+00   0.400E+01   0.000E+00   0.000E+00   0.000E+00   0.124E+03   0.000E+00   0.000E+00   0.200E+09   0.800E+09   0.000E+00   0.000E+00  0.398E+06
 2190.00   0.000E+00   0.170E+02   0.000E+00   0.000E+00   0.000E+00   0.181E+04   0.000E+00   0.000E+00   0.100E+00   0.400E+01   0.000E+00   0.000E+00   0.000E+00   0.124E+03   0.000E+00   0.000E+00   0.200E+09   0.800E+09   0.000E+00   0.000E+00  0.398E+06
 2210.00   0.000E+00   0.170E+02   0.000E+00   0.000E+00   0.000E+00   0.181E+04   0.000E+00   0.000E+00   0.100E+00   0.400E+01   0.000E+00   0.000E+00   0.000E+00   0.124E+03   0.000E+00   0.000E+00   0.200E+09   0.800E+09   0.000E+00   0.000E+00  0.398E+06
 2230.00   0.000E+00   0.170E+02   0.000E+00   0.000E+00   0.000E+00   0.181E+04   0.000E+00   0.000E+00   0.100E+00   0.400E+01   0.000E+00   0.000E+00   0.000E+00   0.124E+03   0.000E+00   0.000E+00   0.200E+09   0.800E+09   0.000E+00   0.000E+00  0.398E+06
 2250.00   0.000E+00   0.170E+02   0.000E+00   0.000E+00   0.000E+00   0.181E+04   0.000E+00   0.000E+00   0.100E+00   0.400E+01   0.000E+00   0.000E+00   0.000E+00   0.124E+03   0.000E+00   0.000E+00   0.200E+09   0.800E+09   0.000E+00   0.000E+00  0.398E+06
 2270.00   0.000E+00   0.170E+02   0.000E+00   0.000E+00   0.000E+00   0.181E+04   0.000E+00   0.000E+00   0.100E+00   0.400E+01   0.000E+00   0.000E+00   0.000E+00   0.124E+03   0.000E+00   0.000E+00   0.200E+09   0.800E+09   0.000E+00   0.000E+00  0.398E+06
 2290.00   0.000E+00   0.170E+02   0.000E+00   0.000E+00   0.000E+00   0.181E+04   0.000E+00   0.000E+00   0.100E+00   0.400E+01   0.000E+00   0.000E+00   0.000E+00   0.124E+03   0.000E+00   0.000E+00   0.200E+09   0.800E+09   0.000E+00   0.000E+00  0.398E+06
 2310.00   0.000E+00   0.170E+02   0.000E+00   0.000E+00   0.000E+00   0.181E+04   0.000E+00   0.000E+00   0.100E+00   0.400E+01   0.000E+00   0.000E+00   0.000E+00   0.124E+03   0.000E+00   0.000E+00   0.200E+09   0.800E+09   0.000E+00   0.000E+00  0.398E+06
 2330.00   0.000E+00   0.170E+02   0.000E+00   0.000E+00   0.000E+00   0.181E+04   0.000E+00   0.000E+00   0.100E+00   0.400E+01   0.000E+00   0.000E+00   0.000E+00   0.124E+03   0.000E+00   0.000E+00   0.200E+09   0.800E+09   0.000E+00   0.000E+00  0.398E+06
 2400.00   0.000E+00   0.170E+02   0.000E+00   0.000E+00   0.000E+00   0.181E+04   0.000E+00   0.000E+00   0.100E+00   0.400E+01   0.000E+00   0.000E+00   0.000E+00   0.124E+03   0.000E+00   0.000E+00   0.200E+09   0.800E+09   0.000E+00   0.000E+00  0.398E+06
 2370.00   0.000E+00   0.170E+02   0.000E+00   0.000E+00   0.000E+00   0.181E+04   0.000E+00   0.000E+00   0.100E+00   0.400E+01   0.000E+00   0.000E+00   0.000E+00   0.124E+03   0.000E+00   0.000E+00   0.200E+09   0.800E+09   0.000E+00   0.000E+00  0.398E+06
 2390.00   0.000E+00   0.170E+02   0.000E+00   0.000E+00   0.000E+00   0.181E+04   0.000E+00   0.000E+00   0.100E+00   0.400E+01   0.000E+00   0.000E+00   0.000E+00   0.124E+03   0.000E+00   0.000E+00   0.200E+09   0.800E+09   0.000E+00   0.000E+00  0.398E+06
 2410.00   0.000E+00   0.170E+02   0.000E+00   0.000E+00   0.000E+00   0.181E+04   0.000E+00   0.000E+00   0.100E+00   0.400E+01   0.000E+00   0.000E+00   0.000E+00   0.124E+03   0.000E+00   0.000E+00   0.200E+09   0.800E+09   0.000E+00   0.000E+00  0.398E+06
 2430.00   0.000E+00   0.170E+02   0.000E+00   0.000E+00   0.000E+00   0.181E+04   0.000E+00   0.000E+00   0.100E+00   0.400E+01   0.000E+00   0.000E+00   0.000E+00   0.124E+03   0.000E+00   0.000E+00   0.200E+09   0.800E+09   0.000E+00   0.000E+00  0.398E+06
 2450.00   0.000E+00   0.170E+02   0.000E+00   0.000E+00   0.000E+00   0.181E+04   0.000E+00   0.000E+00   0.100E+00   0.400E+01   0.000E+00   0.000E+00   0.000E+00   0.124E+03   0.000E+00   0.000E+00   0.200E+09   0.800E+09   0.000E+00   0.000E+00  0.398E+06
 2470.00   0.000E+00   0.170E+02   0.000E+00   0.000E+00   0.000E+00   0.181E+04   0.000E+00   0.000E+00   0.100E+00   0.400E+01   0.000E+00   0.000E+00   0.000E+00   0.124E+03   0.000E+00   0.000E+00   0.200E+09   0.800E+09   0.000E+00   0.000E+00  0.398E+06
 2490.00   0.000E+00   0.170E+02   0.000E+00   0.000E+00   0.000E+00   0.181E+04   0.000E+00   0.000E+00   0.100E+00   0.400E+01   0.000E+00   0.000E+00   0.000E+00   0.124E+03   0.000E+00   0.000E+00   0.200E+09   0.800E+09   0.000E+00   0.000E+00  0.398E+06
 2510.00   0.000E+00   0.170E+02   0.000E+00   0.000E+00   0.000E+00   0.181E+04   0.000E+00   0.000E+00   0.100E+00   0.400E+01   0.000E+00   0.000E+00   0.000E+00   0.124E+03   0.000E+00   0.000E+00   0.200E+09   0.800E+09   0.000E+00   0.000E+00  0.398E+06
 2530.00   0.000E+00   0.170E+02   0.000E+00   0.000E+00   0.000E+00   0.181E+04   0.000E+00   0.000E+00   0.100E+00   0.400E+01   0.000E+00   0.000E+00   0.000E+00   0.124E+03   0.000E+00   0.000E+00   0.200E+09   0.800E+09   0.000E+00   0.000E+00  0.398E+06
 2550.00   0.000E+00   0.170E+02   0.000E+00   0.000E+00   0.000E+00   0.181E+04   0.000E+00   0.000E+00   0.100E+00   0.400E+01   0.000E+00   0.000E+00   0.000E+00   0.124E+03   0.000E+00   0.000E+00   0.200E+09   0.800E+09   0.000E+00   0.000E+00  0.398E+06
 2570.00   0.000E+00   0.170E+02   0.000E+00   0.000E+00   0.000E+00   0.181E+04   0.000E+00   0.000E+00   0.100E+00   0.400E+01   0.000E+00   0.000E+00   0.000E+00   0.124E+03   0.000E+00   0.000E+00   0.200E+09   0.800E+09   0.000E+00   0.000E+00  0.398E+06
 2590.00   0.000E+00   0.170E+02   0.000E+00   0.000E+00   0.000E+00   0.181E+04   0.000E+00   0.000E+00   0.100E+00   0.400E+01   0.000E+00   0.000E+00   0.000E+00   0.124E+03   0.000E+00   0.000E+00   0.200E+09   0.800E+09   0.000E+00   0.000E+00  0.398E+06
 2610.00   0.000E+00   0.170E+02   0.000E+00   0.000E+00   0.000E+00   0.181E+04   0.000E+00   0.000E+00   0.100E+00   0.400E+01   0.000E+00   0.000E+00   0.000E+00   0.124E+03   0.000E+00   0.000E+00   0.200E+09   0.800E+09   0.000E+00   0.000E+00  0.398E+06
 2630.00   0.000E+00   0.170E+02   0.000E+00   0.000E+00   0.000E+00   0.181E+04   0.000E+00   0.000E+00   0.100E+00   0.400E+01   0.000E+00   0.000E+00   0.000E+00   0.124E+03   0.000E+00   0.000E+00   0.200E+09   0.800E+09   0.000E+00   0.000E+00  0.398E+06
 2650.00   0.000E+00   0.170E+02   0.000E+00   0.000E+00   0.000E+00   0.181E+04   0.000E+00   0.000E+00   0.100E+00   0.400E+01   0.000E+00   0.000E+00   0.000E+00   0.124E+03   0.000E+00   0.000E+00   0.200E+09   0.800E+09   0.000E+00   0.000E+00  0.398E+06
 2670.00   0.000E+00   0.170E+02   0.000E+00   0.000E+00   0.000E+00   0.181E+04   0.000E+00   0.000E+00   0.100E+00   0.400E+01   0.000E+00   0.000E+00   0.000E+00   0.124E+03   0.000E+00   0.000E+00   0.200E+09   0.800E+09   0.000E+00   0.000E+00  0.398E+06
 2690.00   0.000E+00   0.170E+02   0.000E+00   0.000E+00   0.000E+00   0.181E+04   0.000E+00   0.000E+00   0.100E+00   0.400E+01   0.000E+00   0.000E+00   0.000E+00   0.124E+03   0.000E+00   0.000E+00   0.200E+09   0.800E+09   0.000E+00   0.000E+00  0.398E+06
 2710.00   0.000E+00   0.170E+02   0.000E+00   0.000E+00   0.000E+00   0.181E+04   0.000E+00   0.000E+00   0.100E+00   0.400E+01   0.000E+00   0.000E+00   0.000E+00   0.124E+03   0.000E+00   0.000E+00   0.200E+09   0.800E+09   0.000E+00   0.000E+00  0.398E+06
 2730.00   0.000E+00   0.170E+02   0.000E+00   0.000E+00   0.000E+00   0.181E+04   0.000E+00   0.000E+00   0.100E+00   0.400E+01   0.000E+00   0.000E+00   0.000E+00   0.124E+03   0.000E+00   0.000E+00   0.200E+09   0.800E+09   0.000E+00   0.000E+00  0.398E+06
 2750.00   0.000E+00   0.170E+02   0.000E+00   0.000E+00   0.000E+00   0.181E+04   0.000E+00   0.000E+00   0.100E+00   0.400E+01   0.000E+00   0.000E+00   0.000E+00   0.124E+03   0.000E+00   0.000E+00   0.200E+09   0.800E+09   0.000E+00   0.000E+00  0.398E+06
 2770.00   0.000E+00   0.170E+02   0.000E+00   0.000E+00   0.000E+00   0.181E+04   0.000E+00   0.000E+00   0.100E+00   0.400E+01   0.000E+00   0.000E+00   0.000E+00   0.124E+03   0.000E+00   0.000E+00   0.200E+09   0.800E+09   0.000E+00   0.000E+00  0.398E+06
 2790.00   0.000E+00   0.170E+02   0.000E+00   0.000E+00   0.000E+00   0.181E+04   0.000E+00   0.000E+00   0.100E+00   0.400E+01   0.000E+00   0.000E+00   0.000E+00   0.124E+03   0.000E+00   0.000E+00   0.200E+09   0.800E+09   0.000E+00   0.000E+00  0.398E+06
 2810.00   0.000E+00   0.170E+02   0.000E+00   0.000E+00   0.000E+00   0.181E+04   0.000E+00   0.000E+00   0.100E+00   0.400E+01   0.000E+00   0.000E+00   0.000E+00   0.124E+03   0.000E+00   0.000E+00   0.200E+09   0.800E+09   0.000E+00   0.000E+00  0.398E+06
 2830.00   0.000E+00   0.170E+02   0.000E+00   0.000E+00   0.000E+00   0.181E+04   0.000E+00   0.000E+00   0.100E+00   0.400E+01   0.000E+00   0.000E+00   0.000E+00   0.124E+03   0.000E+00   0.000E+00   0.200E+09   0.800E+09   0.000E+00   0.000E+00  0.398E+06
 2850.00   0.000E+00   0.170E+02   0.000E+00   0.000E+00   0.000E+00   0.181E+04   0.000E+00   0.000E+00   0.100E+00   0.400E+01   0.000E+00   0.000E+00   0.000E+00   0.124E+03   0.000E+00   0.000E+00   0.200E+09   0.800E+09   0.000E+00   0.000E+00  0.398E+06
 2870.00   0.000E+00   0.170E+02   0.000E+00   0.000E+00   0.000E+00   0.181E+04   0.000E+00   0.000E+00   0.100E+00   0.400E+01   0.000E+00   0.000E+00   0.000E+00   0.124E+03   0.000E+00   0.000E+00   0.200E+09   0.800E+09   0.000E+00   0.000E+00  0.398E+06
 2890.00   0.000E+00   0.170E+02   0.000E+00   0.000E+00   0.000E+00   0.181E+04   0.000E+00   0.000E+00   0.100E+00   0.400E+01   0.000E+00   0.000E+00   0.000E+00   0.124E+03   0.000E+00   0.000E+00   0.200E+09   0.800E+09   0.000E+00   0.000E+00  0.398E+06
 2910.00   0.000E+00   0.170E+02   0.000E+00   0.000E+00   0.000E+00   0.181E+04   0.000E+00   0.000E+00   0.100E+00   0.400E+01   0.000E+00   0.000E+00   0.000E+00   0.124E+03   0.000E+00   0.000E+00   0.200E+09   0.800E+09   0.000E+00   0.000E+00  0.398E+06
 2930.00   0.000E+00   0.170E+02   0.000E+00   0.000E+00   0.000E+00   0.181E+04   0.000E+00   0.000E+00   0.100E+00   0.400E+01   0.000E+00   0.000E+00   0.000E+00   0.124E+03   0.000E+00   0.000E+00   0.200E+09   0.800E+09   0.000E+00   0.000E+00  0.398E+06
 2950.00   0.000E+00   0.170E+02   0.000E+00   0.000E+00   0.000E+00   0.181E+04   0.000E+00   0.000E+00   0.100E+00   0.400E+01   0.000E+00   0.000E+00   0.000E+00   0.124E+03   0.000E+00   0.000E+00   0.200E+09   0.800E+09   0.000E+00   0.000E+00  0.398E+06
 2970.00   0.000E+00   0.170E+02   0.000E+00   0.000E+00   0.000E+00   0.181E+04   0.000E+00   0.000E+00   0.100E+00   0.400E+01   0.000E+00   0.000E+00   0.000E+00   0.124E+03   0.000E+00   0.000E+00   0.200E+09   0.800E+09   0.000E+00   0.000E+00  0.398E+06
 2990.00   0.000E+00   0.170E+02   0.000E+00   0.000E+00   0.000E+00   0.181E+04   0.000E+00   0.000E+00   0.100E+00   0.400E+01   0.000E+00   0.000E+00   0.000E+00   0.124E+03   0.000E+00   0.000E+00   0.200E+09   0.800E+09   0.000E+00   0.000E+00  0.398E+06
 3010.00   0.000E+00   0.170E+02   0.000E+00   0.000E+00   0.000E+00   0.181E+04   0.000E+00   0.000E+00   0.100E+00   0.400E+01   0.000E+00   0.000E+00   0.000E+00   0.124E+03   0.000E+00   0.000E+00   0.200E+09   0.800E+09   0.000E+00   0.000E+00  0.398E+06
 3030.00   0.000E+00   0.170E+02   0.000E+00   0.000E+00   0.000E+00   0.181E+04   0.000E+00   0.000E+00   0.100E+00   0.400E+01   0.000E+00   0.000E+00   0.000E+00   0.124E+03   0.000E+00   0.000E+00   0.200E+09   0.800E+09   0.000E+00   0.000E+00  0.398E+06
 3050.00   0.000E+00   0.170E+02   0.000E+00   0.000E+00   0.000E+00   0.181E+04   0.000E+00   0.000E+00   0.100E+00   0.400E+01   0.000E+00   0.000E+00   0.000E+00   0.124E+03   0.000E+00   0.000E+00   0.200E+09   0.800E+09   0.000E+00   0.000E+00  0.398E+06
 3070.00   0.000E+00   0.170E+02   0.000E+00   0.000E+00   0.000E+00   0.181E+04   0.000E+00   0.000E+00   0.100E+00   0.400E+01   0.000E+00   0.000E+00   0.000E+00   0.124E+03   0.000E+00   0.000E+00   0.200E+09   0.800E+09   0.000E+00   0.000E+00  0.398E+06
 3090.00   0.000E+00   0.170E+02   0.000E+00   0.000E+00   0.000E+00   0.181E+04   0.000E+00   0.000E+00   0.100E+00   0.400E+01   0.000E+00   0.000E+00   0.000E+00   0.124E+03   0.000E+00   0.000E+00   0.200E+09   0.800E+09   0.000E+00   0.000E+00  0.398E+06
 3110.00   0.000E+00   0.170E+02   0.000E+00   0.000E+00   0.000E+00   0.181E+04   0.000E+00   0.000E+00   0.100E+00   0.400E+01   0.000E+00   0.000E+00   0.000E+00   0.124E+03   0.000E+00   0.000E+00   0.200E+09   0.800E+09   0.000E+00   0.000E+00  0.398E+06
 3130.00   0.000E+00   0.170E+02   0.000E+00   0.000E+00   0.000E+00   0.181E+04   0.000E+00   0.000E+00   0.100E+00   0.400E+01   0.000E+00   0.000E+00   0.000E+00   0.124E+03   0.000E+00   0.000E+00   0.200E+09   0.800E+09   0.000E+00   0.000E+00  0.398E+06
 3150.00   0.000E+00   0.170E+02   0.000E+00   0.000E+00   0.000E+00   0.181E+04   0.000E+00   0.000E+00   0.100E+00   0.400E+01   0.000E+00   0.000E+00   0.000E+00   0.124E+03   0.000E+00   0.000E+00   0.200E+09   0.800E+09   0.000E+00   0.000E+00  0.398E+06
 3170.00   0.000E+00   0.170E+02   0.000E+00   0.000E+00   0.000E+00   0.181E+04   0.000E+00   0.000E+00   0.100E+00   0.400E+01   0.000E+00   0.000E+00   0.000E+00   0.124E+03   0.000E+00   0.000E+00   0.200E+09   0.800E+09   0.000E+00   0.000E+00  0.398E+06
 3190.00   0.000E+00   0.170E+02   0.000E+00   0.000E+00   0.000E+00   0.181E+04   0.000E+00   0.000E+00   0.100E+00   0.400E+01   0.000E+00   0.000E+00   0.000E+00   0.124E+03   0.000E+00   0.000E+00   0.200E+09   0.800E+09   0.000E+00   0.000E+00  0.398E+06
 3210.00   0.000E+00   0.170E+02   0.000E+00   0.000E+00   0.000E+00   0.181E+04   0.000E+00   0.000E+00   0.100E+00   0.400E+01   0.000E+00   0.000E+00   0.000E+00   0.124E+03   0.000E+00   0.000E+00   0.200E+09   0.800E+09   0.000E+00   0.000E+00  0.398E+06
 3230.00   0.000E+00   0.170E+02   0.000E+00   0.000E+00   0.000E+00   0.181E+04   0.000E+00   0.000E+00   0.100E+00   0.400E+01   0.000E+00   0.000E+00   0.000E+00   0.124E+03   0.000E+00   0.000E+00   0.200E+09   0.800E+09   0.000E+00   0.000E+00  0.398E+06
 3250.00   0.000E+00   0.170E+02   0.000E+00   0.000E+00   0.000E+00   0.181E+04   0.000E+00   0.000E+00   0.100E+00   0.400E+01   0.000E+00   0.000E+00   0.000E+00   0.124E+03   0.000E+00   0.000E+00   0.200E+09   0.800E+09   0.000E+00   0.000E+00  0.398E+06
 3270.00   0.000E+00   0.170E+02   0.000E+00   0.000E+00   0.000E+00   0.181E+04   0.000E+00   0.000E+00   0.100E+00   0.400E+01   0.000E+00   0.000E+00   0.000E+00   0.124E+03   0.000E+00   0.000E+00   0.200E+09   0.800E+09   0.000E+00   0.000E+00  0.398E+06
 3290.00   0.000E+00   0.170E+02   0.000E+00   0.000E+00   0.000E+00   0.181E+04   0.000E+00   0.000E+00   0.100E+00   0.400E+01   0.000E+00   0.000E+00   0.000E+00   0.124E+03   0.000E+00   0.000E+00   0.200E+09   0.800E+09   0.000E+00   0.000E+00  0.398E+06
 3310.00   0.000E+00   0.170E+02   0.000E+00   0.000E+00   0.000E+00   0.181E+04   0.000E+00   0.000E+00   0.100E+00   0.400E+01   0.000E+00   0.000E+00   0.000E+00   0.124E+03   0.000E+00   0.000E+00   0.200E+09   0.800E+09   0.000E+00   0.000E+00  0.398E+06
 3330.00   0.000E+00   0.170E+02   0.000E+00   0.000E+00   0.000E+00   0.181E+04   0.000E+00   0.000E+00   0.100E+00   0.400E+01   0.000E+00   0.000E+00   0.000E+00   0.124E+03   0.000E+00   0.000E+00   0.200E+09   0.800E+09   0.000E+00   0.000E+00  0.398E+06
 3400.00   0.000E+00   0.170E+02   0.000E+00   0.000E+00   0.000E+00   0.181E+04   0.000E+00   0.000E+00   0.100E+00   0.400E+01   0.000E+00   0.000E+00   0.000E+00   0.124E+03   0.000E+00   0.000E+00   0.200E+09   0.800E+09   0.000E+00   0.000E+00  0.398E+06
 3390.00   0.000E+00   0.170E+02   0.000E+00   0.000E+00   0.000E+00   0.181E+04   0.000E+00   0.000E+00   0.100E+00   0.400E+01   0.000E+00   0.000E+00   0.000E+00   0.124E+03   0.000E+00   0.000E+00   0.200E+09   0.800E+09   0.000E+00   0.000E+00  0.398E+06
 3410.00   0.000E+00   0.170E+02   0.000E+00   0.000E+00   0.000E+00   0.181E+04   0.000E+00   0.000E+00   0.100E+00   0.400E+01   0.000E+00   0.000E+00   0.000E+00   0.124E+03   0.000E+00   0.000E+00   0.200E+09   0.800E+09   0.000E+00   0.000E+00  0.398E+06
 3430.00   0.000E+00   0.170E+02   0.000E+00   0.000E+00   0.000E+00   0.181E+04   0.000E+00   0.000E+00   0.100E+00   0.400E+01   0.000E+00   0.000E+00   0.000E+00   0.124E+03   0.000E+00   0.000E+00   0.200E+09   0.800E+09   0.000E+00   0.000E+00  0.398E+06
 3450.00   0.000E+00   0.170E+02   0.000E+00   0.000E+00   0.000E+00   0.181E+04   0.000E+00   0.000E+00   0.100E+00   0.400E+01   0.000E+00   0.000E+00   0.000E+00   0.124E+03   0.000E+00   0.000E+00   0.200E+09   0.800E+09   0.000E+00   0.000E+00  0.398E+06
 3470.00   0.000E+00   0.170E+02   0.000E+00   0.000E+00   0.000E+00   0.181E+04   0.000E+00   0.000E+00   0.100E+00   0.400E+01   0.000E+00   0.000E+00   0.000E+00   0.124E+03   0.000E+00   0.000E+00   0.200E+09   0.800E+09   0.000E+00   0.000E+00  0.398E+06
 3490.00   0.000E+00   0.170E+02   0.000E+00   0.000E+00   0.000E+00   0.181E+04   0.000E+00   0.000E+00   0.100E+00   0.400E+01   0.000E+00   0.000E+00   0.000E+00   0.124E+03   0.000E+00   0.000E+00   0.200E+09   0.800E+09   0.000E+00   0.000E+00  0.398E+06
 3510.00   0.000E+00   0.170E+02   0.000E+00   0.000E+00   0.000E+00   0.181E+04   0.000E+00   0.000E+00   0.100E+00   0.400E+01   0.000E+00   0.000E+00   0.000E+00   0.124E+03   0.000E+00   0.000E+00   0.200E+09   0.800E+09   0.000E+00   0.000E+00  0.398E+06
 3530.00   0.000E+00   0.170E+02   0.000E+00   0.000E+00   0.000E+00   0.181E+04   0.000E+00   0.000E+00   0.100E+00   0.400E+01   0.000E+00   0.000E+00   0.000E+00   0.124E+03   0.000E+00   0.000E+00   0.200E+09   0.800E+09   0.000E+00   0.000E+00  0.398E+06
 3550.00   0.000E+00   0.170E+02   0.000E+00   0.000E+00   0.000E+00   0.181E+04   0.000E+00   0.000E+00   0.100E+00   0.400E+01   0.000E+00   0.000E+00   0.000E+00   0.124E+03   0.000E+00   0.000E+00   0.200E+09   0.800E+09   0.000E+00   0.000E+00  0.398E+06
 3570.00   0.000E+00   0.170E+02   0.000E+00   0.000E+00   0.000E+00   0.181E+04   0.000E+00   0.000E+00   0.100E+00   0.400E+01   0.000E+00   0.000E+00   0.000E+00   0.124E+03   0.000E+00   0.000E+00   0.200E+09   0.800E+09   0.000E+00   0.000E+00  0.398E+06
 3590.00   0.000E+00   0.170E+02   0.000E+00   0.000E+00   0.000E+00   0.181E+04   0.000E+00   0.000E+00   0.100E+00   0.400E+01   0.000E+00   0.000E+00   0.000E+00   0.124E+03   0.000E+00   0.000E+00   0.200E+09   0.800E+09   0.000E+00   0.000E+00  0.398E+06
 3610.00   0.000E+00   0.170E+02   0.000E+00   0.000E+00   0.000E+00   0.181E+04   0.000E+00   0.000E+00   0.100E+00   0.400E+01   0.000E+00   0.000E+00   0.000E+00   0.124E+03   0.000E+00   0.000E+00   0.200E+09   0.800E+09   0.000E+00   0.000E+00  0.398E+06
 3630.00   0.000E+00   0.170E+02   0.000E+00   0.000E+00   0.000E+00   0.181E+04   0.000E+00   0.000E+00   0.100E+00   0.400E+01   0.000E+00   0.000E+00   0.000E+00   0.124E+03   0.000E+00   0.000E+00   0.200E+09   0.800E+09   0.000E+00   0.000E+00  0.398E+06
 3650.00   0.000E+00   0.170E+02   0.000E+00   0.000E+00   0.000E+00   0.181E+04   0.000E+00   0.000E+00   0.100E+00   0.400E+01   0.000E+00   0.000E+00   0.000E+00   0.124E+03   0.000E+00   0.000E+00   0.200E+09   0.800E+09   0.000E+00   0.000E+00  0.398E+06
 3670.00   0.000E+00   0.170E+02   0.000E+00   0.000E+00   0.000E+00   0.181E+04   0.000E+00   0.000E+00   0.100E+00   0.400E+01   0.000E+00   0.000E+00   0.000E+00   0.124E+03   0.000E+00   0.000E+00   0.200E+09   0.800E+09   0.000E+00   0.000E+00  0.398E+06
 3690.00   0.000E+00   0.170E+02   0.000E+00   0.000E+00   0.000E+00   0.181E+04   0.000E+00   0.000E+00   0.100E+00   0.400E+01   0.000E+00   0.000E+00   0.000E+00   0.124E+03   0.000E+00   0.000E+00   0.200E+09   0.800E+09   0.000E+00   0.000E+00  0.398E+06
 3710.00   0.000E+00   0.170E+02   0.000E+00   0.000E+00   0.000E+00   0.181E+04   0.000E+00   0.000E+00   0.100E+00   0.400E+01   0.000E+00   0.000E+00   0.000E+00   0.124E+03   0.000E+00   0.000E+00   0.200E+09   0.800E+09   0.000E+00   0.000E+00  0.398E+06
 3730.00   0.000E+00   0.170E+02   0.000E+00   0.000E+00   0.000E+00   0.181E+04   0.000E+00   0.000E+00   0.100E+00   0.400E+01   0.000E+00   0.000E+00   0.000E+00   0.124E+03   0.000E+00   0.000E+00   0.200E+09   0.800E+09   0.000E+00   0.000E+00  0.398E+06
 3750.00   0.000E+00   0.170E+02   0.000E+00   0.000E+00   0.000E+00   0.181E+04   0.000E+00   0.000E+00   0.100E+00   0.400E+01   0.000E+00   0.000E+00   0.000E+00   0.124E+03   0.000E+00   0.000E+00   0.200E+09   0.800E+09   0.000E+00   0.000E+00  0.398E+06
 3750.00   0.000E+00   0.170E+02   0.000E+00   0.000E+00   0.000E+00   0.181E+04   0.000E+00   0.000E+00   0.100E+00   0.400E+01   0.000E+00   0.000E+00   0.000E+00   0.124E+03   0.000E+00   0.000E+00   0.200E+09   0.800E+09   0.000E+00   0.000E+00  0.398E+06
 3770.00   0.000E+00   0.170E+02   0.000E+00   0.000E+00   0.000E+00   0.181E+04   0.000E+00   0.000E+00   0.100E+00   0.400E+01   0.000E+00   0.000E+00   0.000E+00   0.124E+03   0.000E+00   0.000E+00   0.200E+09   0.800E+09   0.000E+00   0.000E+00  0.398E+06
 3790.00   0.000E+00   0.170E+02   0.000E+00   0.000E+00   0.000E+00   0.181E+04   0.000E+00   0.000E+00   0.100E+00   0.400E+01   0.000E+00   0.000E+00   0.000E+00   0.124E+03   0.000E+00   0.000E+00   0.200E+09   0.800E+09   0.000E+00   0.000E+00  0.398E+06
 3810.00   0.000E+00   0.170E+02   0.000E+00   0.000E+00   0.000E+00   0.181E+04   0.000E+00   0.000E+00   0.100E+00   0.400E+01   0.000E+00   0.000E+00   0.000E+00   0.124E+03   0.000E+00   0.000E+00   0.200E+09   0.800E+09   0.000E+00   0.000E+00  0.398E+06
 3830.00   0.000E+00   0.170E+02   0.000E+00   0.000E+00   0.000E+00   0.181E+04   0.000E+00   0.000E+00   0.100E+00   0.400E+01   0.000E+00   0.000E+00   0.000E+00   0.124E+03   0.000E+00   0.000E+00   0.200E+09   0.800E+09   0.000E+00   0.000E+00  0.398E+06
 3850.00   0.000E+00   0.170E+02   0.000E+00   0.000E+00   0.000E+00   0.181E+04   0.000E+00   0.000E+00   0.100E+00   0.400E+01   0.000E+00   0.000E+00   0.000E+00   0.124E+03   0.000E+00   0.000E+00   0.200E+09   0.800E+09   0.000E+00   0.000E+00  0.398E+06
 3870.00   0.000E+00   0.170E+02   0.000E+00   0.000E+00   0.000E+00   0.181E+04   0.000E+00   0.000E+00   0.100E+00   0.400E+01   0.000E+00   0.000E+00   0.000E+00   0.124E+03   0.000E+00   0.000E+00   0.200E+09   0.800E+09   0.000E+00   0.000E+00  0.398E+06
 3890.00   0.000E+00   0.170E+02   0.000E+00   0.000E+00   0.000E+00   0.181E+04   0.000E+00   0.000E+00   0.100E+00   0.400E+01   0.000E+00   0.000E+00   0.000E+00   0.124E+03   0.000E+00   0.000E+00   0.200E+09   0.800E+09   0.000E+00   0.000E+00  0.398E+06
 3910.00   0.000E+00   0.170E+02   0.000E+00   0.000E+00   0.000E+00   0.181E+04   0.000E+00   0.000E+00   0.100E+00   0.400E+01   0.000E+00   0.000E+00   0.000E+00   0.124E+03   0.000E+00   0.000E+00   0.200E+09   0.800E+09   0.000E+00   0.000E+00  0.398E+06
 3930.00   0.000E+00   0.170E+02   0.000E+00   0.000E+00   0.000E+00   0.181E+04   0.000E+00   0.000E+00   0.100E+00   0.400E+01   0.000E+00   0.000E+00   0.000E+00   0.124E+03   0.000E+00   0.000E+00   0.200E+09   0.800E+09   0.000E+00   0.000E+00  0.398E+06
 3950.00   0.000E+00   0.170E+02   0.000E+00   0.000E+00   0.000E+00   0.181E+04   0.000E+00   0.000E+00   0.100E+00   0.400E+01   0.000E+00   0.000E+00   0.000E+00   0.124E+03   0.000E+00   0.000E+00   0.200E+09   0.800E+09   0.000E+00   0.000E+00  0.398E+06
 3970.00   0.000E+00   0.170E+02   0.000E+00   0.000E+00   0.000E+00   0.181E+04   0.000E+00   0.000E+00   0.100E+00   0.400E+01   0.000E+00   0.000E+00   0.000E+00   0.124E+03   0.000E+00   0.000E+00   0.200E+09   0.800E+09   0.000E+00   0.000E+00  0.398E+06
 3990.00   0.000E+00   0.170E+02   0.000E+00   0.000E+00   0.000E+00   0.181E+04   0.000E+00   0.000E+00   0.100E+00   0.400E+01   0.000E+00   0.000E+00   0.000E+00   0.124E+03   0.000E+00   0.000E+00   0.200E+09   0.800E+09   0.000E+00   0.000E+00  0.398E+06
