#Input file large scale forcing
#height ug    vg    wfls   dqtdxls   dqtdyls  dqtdtls   dthlrad
    6.00  0.0000    0.0000    0.0000    0.0000    0.0000    0.0000    0.0000
   18.00  0.0000    0.0000    0.0000    0.0000    0.0000    0.0000    0.0000
   30.00  0.0000    0.0000    0.0000    0.0000    0.0000    0.0000    0.0000
   42.00  0.0000    0.0000    0.0000    0.0000    0.0000    0.0000    0.0000
   54.00  0.0000    0.0000    0.0000    0.0000    0.0000    0.0000    0.0000
   66.00  0.0000    0.0000    0.0000    0.0000    0.0000    0.0000    0.0000
   78.00  0.0000    0.0000    0.0000    0.0000    0.0000    0.0000    0.0000
   90.00  0.0000    0.0000    0.0000    0.0000    0.0000    0.0000    0.0000
  102.00  0.0000    0.0000    0.0000    0.0000    0.0000    0.0000    0.0000
  114.00  0.0000    0.0000    0.0000    0.0000    0.0000    0.0000    0.0000
  126.00  0.0000    0.0000    0.0000    0.0000    0.0000    0.0000    0.0000
  138.00  0.0000    0.0000    0.0000    0.0000    0.0000    0.0000    0.0000
  150.00  0.0000    0.0000    0.0000    0.0000    0.0000    0.0000    0.0000
  162.00  0.0000    0.0000    0.0000    0.0000    0.0000    0.0000    0.0000
  174.00  0.0000    0.0000    0.0000    0.0000    0.0000    0.0000    0.0000
  186.00  0.0000    0.0000    0.0000    0.0000    0.0000    0.0000    0.0000
  198.00  0.0000    0.0000    0.0000    0.0000    0.0000    0.0000    0.0000
  210.00  0.0000    0.0000    0.0000    0.0000    0.0000    0.0000    0.0000
  222.00  0.0000    0.0000    0.0000    0.0000    0.0000    0.0000    0.0000
  234.00  0.0000    0.0000    0.0000    0.0000    0.0000    0.0000    0.0000
  246.00  0.0000    0.0000    0.0000    0.0000    0.0000    0.0000    0.0000
  258.00  0.0000    0.0000    0.0000    0.0000    0.0000    0.0000    0.0000
  270.00  0.0000    0.0000    0.0000    0.0000    0.0000    0.0000    0.0000
  282.00  0.0000    0.0000    0.0000    0.0000    0.0000    0.0000    0.0000
  294.00  0.0000    0.0000    0.0000    0.0000    0.0000    0.0000    0.0000
  306.00  0.0000    0.0000    0.0000    0.0000    0.0000    0.0000    0.0000
  318.00  0.0000    0.0000    0.0000    0.0000    0.0000    0.0000    0.0000
  330.00  0.0000    0.0000    0.0000    0.0000    0.0000    0.0000    0.0000
  342.00  0.0000    0.0000    0.0000    0.0000    0.0000    0.0000    0.0000
  354.00  0.0000    0.0000    0.0000    0.0000    0.0000    0.0000    0.0000
  366.00  0.0000    0.0000    0.0000    0.0000    0.0000    0.0000    0.0000
  378.00  0.0000    0.0000    0.0000    0.0000    0.0000    0.0000    0.0000
  390.00  0.0000    0.0000    0.0000    0.0000    0.0000    0.0000    0.0000
  402.00  0.0000    0.0000    0.0000    0.0000    0.0000    0.0000    0.0000
  414.00  0.0000    0.0000    0.0000    0.0000    0.0000    0.0000    0.0000
  426.00  0.0000    0.0000    0.0000    0.0000    0.0000    0.0000    0.0000
  438.00  0.0000    0.0000    0.0000    0.0000    0.0000    0.0000    0.0000
  450.00  0.0000    0.0000    0.0000    0.0000    0.0000    0.0000    0.0000
  462.00  0.0000    0.0000    0.0000    0.0000    0.0000    0.0000    0.0000
  474.00  0.0000    0.0000    0.0000    0.0000    0.0000    0.0000    0.0000
  486.00  0.0000    0.0000    0.0000    0.0000    0.0000    0.0000    0.0000
  498.00  0.0000    0.0000    0.0000    0.0000    0.0000    0.0000    0.0000
  510.00  0.0000    0.0000    0.0000    0.0000    0.0000    0.0000    0.0000
  522.00  0.0000    0.0000    0.0000    0.0000    0.0000    0.0000    0.0000
  534.00  0.0000    0.0000    0.0000    0.0000    0.0000    0.0000    0.0000
  546.00  0.0000    0.0000    0.0000    0.0000    0.0000    0.0000    0.0000
  558.00  0.0000    0.0000    0.0000    0.0000    0.0000    0.0000    0.0000
  570.00  0.0000    0.0000    0.0000    0.0000    0.0000    0.0000    0.0000
  582.00  0.0000    0.0000    0.0000    0.0000    0.0000    0.0000    0.0000
  594.00  0.0000    0.0000    0.0000    0.0000    0.0000    0.0000    0.0000
  606.00  0.0000    0.0000    0.0000    0.0000    0.0000    0.0000    0.0000
  618.00  0.0000    0.0000    0.0000    0.0000    0.0000    0.0000    0.0000
  630.00  0.0000    0.0000    0.0000    0.0000    0.0000    0.0000    0.0000
  642.00  0.0000    0.0000    0.0000    0.0000    0.0000    0.0000    0.0000
  654.00  0.0000    0.0000    0.0000    0.0000    0.0000    0.0000    0.0000
  666.00  0.0000    0.0000    0.0000    0.0000    0.0000    0.0000    0.0000
  678.00  0.0000    0.0000    0.0000    0.0000    0.0000    0.0000    0.0000
  690.00  0.0000    0.0000    0.0000    0.0000    0.0000    0.0000    0.0000
  702.00  0.0000    0.0000    0.0000    0.0000    0.0000    0.0000    0.0000
  714.00  0.0000    0.0000    0.0000    0.0000    0.0000    0.0000    0.0000
  726.00  0.0000    0.0000    0.0000    0.0000    0.0000    0.0000    0.0000
  738.00  0.0000    0.0000    0.0000    0.0000    0.0000    0.0000    0.0000
  750.00  0.0000    0.0000    0.0000    0.0000    0.0000    0.0000    0.0000
  762.00  0.0000    0.0000    0.0000    0.0000    0.0000    0.0000    0.0000
  774.00  0.0000    0.0000    0.0000    0.0000    0.0000    0.0000    0.0000
  786.00  0.0000    0.0000    0.0000    0.0000    0.0000    0.0000    0.0000
  798.00  0.0000    0.0000    0.0000    0.0000    0.0000    0.0000    0.0000
  810.00  0.0000    0.0000    0.0000    0.0000    0.0000    0.0000    0.0000
  822.00  0.0000    0.0000    0.0000    0.0000    0.0000    0.0000    0.0000
  834.00  0.0000    0.0000    0.0000    0.0000    0.0000    0.0000    0.0000
  846.00  0.0000    0.0000    0.0000    0.0000    0.0000    0.0000    0.0000
  858.00  0.0000    0.0000    0.0000    0.0000    0.0000    0.0000    0.0000
  870.00  0.0000    0.0000    0.0000    0.0000    0.0000    0.0000    0.0000
  882.00  0.0000    0.0000    0.0000    0.0000    0.0000    0.0000    0.0000
  894.00  0.0000    0.0000    0.0000    0.0000    0.0000    0.0000    0.0000
  906.00  0.0000    0.0000    0.0000    0.0000    0.0000    0.0000    0.0000
  918.00  0.0000    0.0000    0.0000    0.0000    0.0000    0.0000    0.0000
  930.00  0.0000    0.0000    0.0000    0.0000    0.0000    0.0000    0.0000
  942.00  0.0000    0.0000    0.0000    0.0000    0.0000    0.0000    0.0000
  954.00  0.0000    0.0000    0.0000    0.0000    0.0000    0.0000    0.0000
  966.00  0.0000    0.0000    0.0000    0.0000    0.0000    0.0000    0.0000
  978.00  0.0000    0.0000    0.0000    0.0000    0.0000    0.0000    0.0000
  990.00  0.0000    0.0000    0.0000    0.0000    0.0000    0.0000    0.0000
 1002.00  0.0000    0.0000    0.0000    0.0000    0.0000    0.0000    0.0000
 1014.00  0.0000    0.0000    0.0000    0.0000    0.0000    0.0000    0.0000
 1026.00  0.0000    0.0000    0.0000    0.0000    0.0000    0.0000    0.0000
 1038.00  0.0000    0.0000    0.0000    0.0000    0.0000    0.0000    0.0000
 1050.00  0.0000    0.0000    0.0000    0.0000    0.0000    0.0000    0.0000
 1062.00  0.0000    0.0000    0.0000    0.0000    0.0000    0.0000    0.0000
 1074.00  0.0000    0.0000    0.0000    0.0000    0.0000    0.0000    0.0000
 1086.00  0.0000    0.0000    0.0000    0.0000    0.0000    0.0000    0.0000
 1098.00  0.0000    0.0000    0.0000    0.0000    0.0000    0.0000    0.0000
 1110.00  0.0000    0.0000    0.0000    0.0000    0.0000    0.0000    0.0000
 1122.00  0.0000    0.0000    0.0000    0.0000    0.0000    0.0000    0.0000
 1134.00  0.0000    0.0000    0.0000    0.0000    0.0000    0.0000    0.0000
 1146.00  0.0000    0.0000    0.0000    0.0000    0.0000    0.0000    0.0000
 1158.00  0.0000    0.0000    0.0000    0.0000    0.0000    0.0000    0.0000
 1170.00  0.0000    0.0000    0.0000    0.0000    0.0000    0.0000    0.0000
 1182.00  0.0000    0.0000    0.0000    0.0000    0.0000    0.0000    0.0000
 1194.00  0.0000    0.0000    0.0000    0.0000    0.0000    0.0000    0.0000
 1206.00  0.0000    0.0000    0.0000    0.0000    0.0000    0.0000    0.0000
 1218.00  0.0000    0.0000    0.0000    0.0000    0.0000    0.0000    0.0000
 1230.00  0.0000    0.0000    0.0000    0.0000    0.0000    0.0000    0.0000
 1242.00  0.0000    0.0000    0.0000    0.0000    0.0000    0.0000    0.0000
 1254.00  0.0000    0.0000    0.0000    0.0000    0.0000    0.0000    0.0000
 1266.00  0.0000    0.0000    0.0000    0.0000    0.0000    0.0000    0.0000
 1278.00  0.0000    0.0000    0.0000    0.0000    0.0000    0.0000    0.0000
 1290.00  0.0000    0.0000    0.0000    0.0000    0.0000    0.0000    0.0000
 1302.00  0.0000    0.0000    0.0000    0.0000    0.0000    0.0000    0.0000
 1314.00  0.0000    0.0000    0.0000    0.0000    0.0000    0.0000    0.0000
 1326.00  0.0000    0.0000    0.0000    0.0000    0.0000    0.0000    0.0000
 1338.00  0.0000    0.0000    0.0000    0.0000    0.0000    0.0000    0.0000
 1350.00  0.0000    0.0000    0.0000    0.0000    0.0000    0.0000    0.0000
 1362.00  0.0000    0.0000    0.0000    0.0000    0.0000    0.0000    0.0000
 1374.00  0.0000    0.0000    0.0000    0.0000    0.0000    0.0000    0.0000
 1386.00  0.0000    0.0000    0.0000    0.0000    0.0000    0.0000    0.0000
 1398.00  0.0000    0.0000    0.0000    0.0000    0.0000    0.0000    0.0000
 1410.00  0.0000    0.0000    0.0000    0.0000    0.0000    0.0000    0.0000
 1422.00  0.0000    0.0000    0.0000    0.0000    0.0000    0.0000    0.0000
 1434.00  0.0000    0.0000    0.0000    0.0000    0.0000    0.0000    0.0000
 1446.00  0.0000    0.0000    0.0000    0.0000    0.0000    0.0000    0.0000
 1458.00  0.0000    0.0000    0.0000    0.0000    0.0000    0.0000    0.0000
 1470.00  0.0000    0.0000    0.0000    0.0000    0.0000    0.0000    0.0000
 1482.00  0.0000    0.0000    0.0000    0.0000    0.0000    0.0000    0.0000
 1494.00  0.0000    0.0000    0.0000    0.0000    0.0000    0.0000    0.0000
 1506.00  0.0000    0.0000    0.0000    0.0000    0.0000    0.0000    0.0000
 1518.00  0.0000    0.0000    0.0000    0.0000    0.0000    0.0000    0.0000
 1530.00  0.0000    0.0000    0.0000    0.0000    0.0000    0.0000    0.0000
 1542.00  0.0000    0.0000    0.0000    0.0000    0.0000    0.0000    0.0000
 1554.00  0.0000    0.0000    0.0000    0.0000    0.0000    0.0000    0.0000
 1566.00  0.0000    0.0000    0.0000    0.0000    0.0000    0.0000    0.0000
 1578.00  0.0000    0.0000    0.0000    0.0000    0.0000    0.0000    0.0000
 1590.00  0.0000    0.0000    0.0000    0.0000    0.0000    0.0000    0.0000
 1602.00  0.0000    0.0000    0.0000    0.0000    0.0000    0.0000    0.0000
 1614.00  0.0000    0.0000    0.0000    0.0000    0.0000    0.0000    0.0000
 1626.00  0.0000    0.0000    0.0000    0.0000    0.0000    0.0000    0.0000
 1638.00  0.0000    0.0000    0.0000    0.0000    0.0000    0.0000    0.0000
 1650.00  0.0000    0.0000    0.0000    0.0000    0.0000    0.0000    0.0000
 1662.00  0.0000    0.0000    0.0000    0.0000    0.0000    0.0000    0.0000
 1674.00  0.0000    0.0000    0.0000    0.0000    0.0000    0.0000    0.0000
 1686.00  0.0000    0.0000    0.0000    0.0000    0.0000    0.0000    0.0000
 1698.00  0.0000    0.0000    0.0000    0.0000    0.0000    0.0000    0.0000
 1710.00  0.0000    0.0000    0.0000    0.0000    0.0000    0.0000    0.0000
 1722.00  0.0000    0.0000    0.0000    0.0000    0.0000    0.0000    0.0000
 1734.00  0.0000    0.0000    0.0000    0.0000    0.0000    0.0000    0.0000
 1746.00  0.0000    0.0000    0.0000    0.0000    0.0000    0.0000    0.0000
 1758.00  0.0000    0.0000    0.0000    0.0000    0.0000    0.0000    0.0000
 1770.00  0.0000    0.0000    0.0000    0.0000    0.0000    0.0000    0.0000
 1782.00  0.0000    0.0000    0.0000    0.0000    0.0000    0.0000    0.0000
 1794.00  0.0000    0.0000    0.0000    0.0000    0.0000    0.0000    0.0000
 1806.00  0.0000    0.0000    0.0000    0.0000    0.0000    0.0000    0.0000
 1818.00  0.0000    0.0000    0.0000    0.0000    0.0000    0.0000    0.0000
 1830.00  0.0000    0.0000    0.0000    0.0000    0.0000    0.0000    0.0000
 1842.00  0.0000    0.0000    0.0000    0.0000    0.0000    0.0000    0.0000
 1854.00  0.0000    0.0000    0.0000    0.0000    0.0000    0.0000    0.0000
 1866.00  0.0000    0.0000    0.0000    0.0000    0.0000    0.0000    0.0000
 1878.00  0.0000    0.0000    0.0000    0.0000    0.0000    0.0000    0.0000
 1890.00  0.0000    0.0000    0.0000    0.0000    0.0000    0.0000    0.0000
 1902.00  0.0000    0.0000    0.0000    0.0000    0.0000    0.0000    0.0000
 1914.00  0.0000    0.0000    0.0000    0.0000    0.0000    0.0000    0.0000
 1926.00  0.0000    0.0000    0.0000    0.0000    0.0000    0.0000    0.0000
 1938.00  0.0000    0.0000    0.0000    0.0000    0.0000    0.0000    0.0000
 1950.00  0.0000    0.0000    0.0000    0.0000    0.0000    0.0000    0.0000
 1962.00  0.0000    0.0000    0.0000    0.0000    0.0000    0.0000    0.0000
 1974.00  0.0000    0.0000    0.0000    0.0000    0.0000    0.0000    0.0000
 1986.00  0.0000    0.0000    0.0000    0.0000    0.0000    0.0000    0.0000
 1998.00  0.0000    0.0000    0.0000    0.0000    0.0000    0.0000    0.0000
 2010.00  0.0000    0.0000    0.0000    0.0000    0.0000    0.0000    0.0000
 2022.00  0.0000    0.0000    0.0000    0.0000    0.0000    0.0000    0.0000
 2034.00  0.0000    0.0000    0.0000    0.0000    0.0000    0.0000    0.0000
 2046.00  0.0000    0.0000    0.0000    0.0000    0.0000    0.0000    0.0000
 2058.00  0.0000    0.0000    0.0000    0.0000    0.0000    0.0000    0.0000
 2070.00  0.0000    0.0000    0.0000    0.0000    0.0000    0.0000    0.0000
 2082.00  0.0000    0.0000    0.0000    0.0000    0.0000    0.0000    0.0000
 2094.00  0.0000    0.0000    0.0000    0.0000    0.0000    0.0000    0.0000
 2106.00  0.0000    0.0000    0.0000    0.0000    0.0000    0.0000    0.0000
 2118.00  0.0000    0.0000    0.0000    0.0000    0.0000    0.0000    0.0000
 2130.00  0.0000    0.0000    0.0000    0.0000    0.0000    0.0000    0.0000
 2142.00  0.0000    0.0000    0.0000    0.0000    0.0000    0.0000    0.0000
 2154.00  0.0000    0.0000    0.0000    0.0000    0.0000    0.0000    0.0000
 2166.00  0.0000    0.0000    0.0000    0.0000    0.0000    0.0000    0.0000
 2178.00  0.0000    0.0000    0.0000    0.0000    0.0000    0.0000    0.0000
 2190.00  0.0000    0.0000    0.0000    0.0000    0.0000    0.0000    0.0000
 2202.00  0.0000    0.0000    0.0000    0.0000    0.0000    0.0000    0.0000
 2214.00  0.0000    0.0000    0.0000    0.0000    0.0000    0.0000    0.0000
 2226.00  0.0000    0.0000    0.0000    0.0000    0.0000    0.0000    0.0000
 2238.00  0.0000    0.0000    0.0000    0.0000    0.0000    0.0000    0.0000
 2250.00  0.0000    0.0000    0.0000    0.0000    0.0000    0.0000    0.0000
 2262.00  0.0000    0.0000    0.0000    0.0000    0.0000    0.0000    0.0000
 2274.00  0.0000    0.0000    0.0000    0.0000    0.0000    0.0000    0.0000
 2286.00  0.0000    0.0000    0.0000    0.0000    0.0000    0.0000    0.0000
 2298.00  0.0000    0.0000    0.0000    0.0000    0.0000    0.0000    0.0000
 2310.00  0.0000    0.0000    0.0000    0.0000    0.0000    0.0000    0.0000
 2322.00  0.0000    0.0000    0.0000    0.0000    0.0000    0.0000    0.0000
 2334.00  0.0000    0.0000    0.0000    0.0000    0.0000    0.0000    0.0000
 2346.00  0.0000    0.0000    0.0000    0.0000    0.0000    0.0000    0.0000
 2358.00  0.0000    0.0000    0.0000    0.0000    0.0000    0.0000    0.0000
 2370.00  0.0000    0.0000    0.0000    0.0000    0.0000    0.0000    0.0000
 2382.00  0.0000    0.0000    0.0000    0.0000    0.0000    0.0000    0.0000
 2394.00  0.0000    0.0000    0.0000    0.0000    0.0000    0.0000    0.0000
 2406.00  0.0000    0.0000    0.0000    0.0000    0.0000    0.0000    0.0000
 2418.00  0.0000    0.0000    0.0000    0.0000    0.0000    0.0000    0.0000
 2430.00  0.0000    0.0000    0.0000    0.0000    0.0000    0.0000    0.0000
 2442.00  0.0000    0.0000    0.0000    0.0000    0.0000    0.0000    0.0000
 2454.00  0.0000    0.0000    0.0000    0.0000    0.0000    0.0000    0.0000
 2466.00  0.0000    0.0000    0.0000    0.0000    0.0000    0.0000    0.0000
 2478.00  0.0000    0.0000    0.0000    0.0000    0.0000    0.0000    0.0000
 2490.00  0.0000    0.0000    0.0000    0.0000    0.0000    0.0000    0.0000
 2502.00  0.0000    0.0000    0.0000    0.0000    0.0000    0.0000    0.0000
 2514.00  0.0000    0.0000    0.0000    0.0000    0.0000    0.0000    0.0000
 2526.00  0.0000    0.0000    0.0000    0.0000    0.0000    0.0000    0.0000
 2538.00  0.0000    0.0000    0.0000    0.0000    0.0000    0.0000    0.0000
 2550.00  0.0000    0.0000    0.0000    0.0000    0.0000    0.0000    0.0000
 2562.00  0.0000    0.0000    0.0000    0.0000    0.0000    0.0000    0.0000
 2574.00  0.0000    0.0000    0.0000    0.0000    0.0000    0.0000    0.0000
 2586.00  0.0000    0.0000    0.0000    0.0000    0.0000    0.0000    0.0000
 2598.00  0.0000    0.0000    0.0000    0.0000    0.0000    0.0000    0.0000
 2610.00  0.0000    0.0000    0.0000    0.0000    0.0000    0.0000    0.0000
 2622.00  0.0000    0.0000    0.0000    0.0000    0.0000    0.0000    0.0000
 2634.00  0.0000    0.0000    0.0000    0.0000    0.0000    0.0000    0.0000
 2646.00  0.0000    0.0000    0.0000    0.0000    0.0000    0.0000    0.0000
 2658.00  0.0000    0.0000    0.0000    0.0000    0.0000    0.0000    0.0000
 2670.00  0.0000    0.0000    0.0000    0.0000    0.0000    0.0000    0.0000
 2682.00  0.0000    0.0000    0.0000    0.0000    0.0000    0.0000    0.0000
 2694.00  0.0000    0.0000    0.0000    0.0000    0.0000    0.0000    0.0000
 2706.00  0.0000    0.0000    0.0000    0.0000    0.0000    0.0000    0.0000
 2718.00  0.0000    0.0000    0.0000    0.0000    0.0000    0.0000    0.0000
 2730.00  0.0000    0.0000    0.0000    0.0000    0.0000    0.0000    0.0000
 2742.00  0.0000    0.0000    0.0000    0.0000    0.0000    0.0000    0.0000
 2754.00  0.0000    0.0000    0.0000    0.0000    0.0000    0.0000    0.0000
 2766.00  0.0000    0.0000    0.0000    0.0000    0.0000    0.0000    0.0000
 2778.00  0.0000    0.0000    0.0000    0.0000    0.0000    0.0000    0.0000
 2790.00  0.0000    0.0000    0.0000    0.0000    0.0000    0.0000    0.0000
 2802.00  0.0000    0.0000    0.0000    0.0000    0.0000    0.0000    0.0000
 2814.00  0.0000    0.0000    0.0000    0.0000    0.0000    0.0000    0.0000
 2826.00  0.0000    0.0000    0.0000    0.0000    0.0000    0.0000    0.0000
 2838.00  0.0000    0.0000    0.0000    0.0000    0.0000    0.0000    0.0000
 2850.00  0.0000    0.0000    0.0000    0.0000    0.0000    0.0000    0.0000
 2862.00  0.0000    0.0000    0.0000    0.0000    0.0000    0.0000    0.0000
 2874.00  0.0000    0.0000    0.0000    0.0000    0.0000    0.0000    0.0000
 2886.00  0.0000    0.0000    0.0000    0.0000    0.0000    0.0000    0.0000
 2898.00  0.0000    0.0000    0.0000    0.0000    0.0000    0.0000    0.0000
 2910.00  0.0000    0.0000    0.0000    0.0000    0.0000    0.0000    0.0000
 2922.00  0.0000    0.0000    0.0000    0.0000    0.0000    0.0000    0.0000
 2934.00  0.0000    0.0000    0.0000    0.0000    0.0000    0.0000    0.0000
 2946.00  0.0000    0.0000    0.0000    0.0000    0.0000    0.0000    0.0000
 2958.00  0.0000    0.0000    0.0000    0.0000    0.0000    0.0000    0.0000
 2970.00  0.0000    0.0000    0.0000    0.0000    0.0000    0.0000    0.0000
 2982.00  0.0000    0.0000    0.0000    0.0000    0.0000    0.0000    0.0000
 2994.00  0.0000    0.0000    0.0000    0.0000    0.0000    0.0000    0.0000
 3006.00  0.0000    0.0000    0.0000    0.0000    0.0000    0.0000    0.0000
 3018.00  0.0000    0.0000    0.0000    0.0000    0.0000    0.0000    0.0000
 3030.00  0.0000    0.0000    0.0000    0.0000    0.0000    0.0000    0.0000
 3042.00  0.0000    0.0000    0.0000    0.0000    0.0000    0.0000    0.0000
 3054.00  0.0000    0.0000    0.0000    0.0000    0.0000    0.0000    0.0000
 3066.00  0.0000    0.0000    0.0000    0.0000    0.0000    0.0000    0.0000
 3078.00  0.0000    0.0000    0.0000    0.0000    0.0000    0.0000    0.0000
 3090.00  0.0000    0.0000    0.0000    0.0000    0.0000    0.0000    0.0000
 3102.00  0.0000    0.0000    0.0000    0.0000    0.0000    0.0000    0.0000
 3114.00  0.0000    0.0000    0.0000    0.0000    0.0000    0.0000    0.0000
 3126.00  0.0000    0.0000    0.0000    0.0000    0.0000    0.0000    0.0000
 3138.00  0.0000    0.0000    0.0000    0.0000    0.0000    0.0000    0.0000
 3150.00  0.0000    0.0000    0.0000    0.0000    0.0000    0.0000    0.0000
 3162.00  0.0000    0.0000    0.0000    0.0000    0.0000    0.0000    0.0000
 3174.00  0.0000    0.0000    0.0000    0.0000    0.0000    0.0000    0.0000
 3186.00  0.0000    0.0000    0.0000    0.0000    0.0000    0.0000    0.0000
 3198.00  0.0000    0.0000    0.0000    0.0000    0.0000    0.0000    0.0000
 3210.00  0.0000    0.0000    0.0000    0.0000    0.0000    0.0000    0.0000
 3222.00  0.0000    0.0000    0.0000    0.0000    0.0000    0.0000    0.0000
 3234.00  0.0000    0.0000    0.0000    0.0000    0.0000    0.0000    0.0000
 3246.00  0.0000    0.0000    0.0000    0.0000    0.0000    0.0000    0.0000
 3258.00  0.0000    0.0000    0.0000    0.0000    0.0000    0.0000    0.0000
 3270.00  0.0000    0.0000    0.0000    0.0000    0.0000    0.0000    0.0000
 3282.00  0.0000    0.0000    0.0000    0.0000    0.0000    0.0000    0.0000
 3294.00  0.0000    0.0000    0.0000    0.0000    0.0000    0.0000    0.0000
 3306.00  0.0000    0.0000    0.0000    0.0000    0.0000    0.0000    0.0000
 3318.00  0.0000    0.0000    0.0000    0.0000    0.0000    0.0000    0.0000
 3330.00  0.0000    0.0000    0.0000    0.0000    0.0000    0.0000    0.0000
 3342.00  0.0000    0.0000    0.0000    0.0000    0.0000    0.0000    0.0000
 3354.00  0.0000    0.0000    0.0000    0.0000    0.0000    0.0000    0.0000
 3366.00  0.0000    0.0000    0.0000    0.0000    0.0000    0.0000    0.0000
 3378.00  0.0000    0.0000    0.0000    0.0000    0.0000    0.0000    0.0000
 3390.00  0.0000    0.0000    0.0000    0.0000    0.0000    0.0000    0.0000
 3402.00  0.0000    0.0000    0.0000    0.0000    0.0000    0.0000    0.0000
 3414.00  0.0000    0.0000    0.0000    0.0000    0.0000    0.0000    0.0000
 3426.00  0.0000    0.0000    0.0000    0.0000    0.0000    0.0000    0.0000
 3438.00  0.0000    0.0000    0.0000    0.0000    0.0000    0.0000    0.0000
 3450.00  0.0000    0.0000    0.0000    0.0000    0.0000    0.0000    0.0000
 3462.00  0.0000    0.0000    0.0000    0.0000    0.0000    0.0000    0.0000
 3474.00  0.0000    0.0000    0.0000    0.0000    0.0000    0.0000    0.0000
 3486.00  0.0000    0.0000    0.0000    0.0000    0.0000    0.0000    0.0000
 3498.00  0.0000    0.0000    0.0000    0.0000    0.0000    0.0000    0.0000
 3510.00  0.0000    0.0000    0.0000    0.0000    0.0000    0.0000    0.0000
 3522.00  0.0000    0.0000    0.0000    0.0000    0.0000    0.0000    0.0000
 3534.00  0.0000    0.0000    0.0000    0.0000    0.0000    0.0000    0.0000
 3546.00  0.0000    0.0000    0.0000    0.0000    0.0000    0.0000    0.0000
 3558.00  0.0000    0.0000    0.0000    0.0000    0.0000    0.0000    0.0000
 3570.00  0.0000    0.0000    0.0000    0.0000    0.0000    0.0000    0.0000
 3582.00  0.0000    0.0000    0.0000    0.0000    0.0000    0.0000    0.0000
 3594.00  0.0000    0.0000    0.0000    0.0000    0.0000    0.0000    0.0000
 3606.00  0.0000    0.0000    0.0000    0.0000    0.0000    0.0000    0.0000
 3618.00  0.0000    0.0000    0.0000    0.0000    0.0000    0.0000    0.0000
 3630.00  0.0000    0.0000    0.0000    0.0000    0.0000    0.0000    0.0000
 3642.00  0.0000    0.0000    0.0000    0.0000    0.0000    0.0000    0.0000
 3654.00  0.0000    0.0000    0.0000    0.0000    0.0000    0.0000    0.0000
 3666.00  0.0000    0.0000    0.0000    0.0000    0.0000    0.0000    0.0000
 3678.00  0.0000    0.0000    0.0000    0.0000    0.0000    0.0000    0.0000
 3690.00  0.0000    0.0000    0.0000    0.0000    0.0000    0.0000    0.0000
 3702.00  0.0000    0.0000    0.0000    0.0000    0.0000    0.0000    0.0000
 3714.00  0.0000    0.0000    0.0000    0.0000    0.0000    0.0000    0.0000
 3726.00  0.0000    0.0000    0.0000    0.0000    0.0000    0.0000    0.0000
 3738.00  0.0000    0.0000    0.0000    0.0000    0.0000    0.0000    0.0000
 3750.00  0.0000    0.0000    0.0000    0.0000    0.0000    0.0000    0.0000
 3762.00  0.0000    0.0000    0.0000    0.0000    0.0000    0.0000    0.0000
 3774.00  0.0000    0.0000    0.0000    0.0000    0.0000    0.0000    0.0000
 3786.00  0.0000    0.0000    0.0000    0.0000    0.0000    0.0000    0.0000
 3798.00  0.0000    0.0000    0.0000    0.0000    0.0000    0.0000    0.0000
 3810.00  0.0000    0.0000    0.0000    0.0000    0.0000    0.0000    0.0000
 3822.00  0.0000    0.0000    0.0000    0.0000    0.0000    0.0000    0.0000
 3834.00  0.0000    0.0000    0.0000    0.0000    0.0000    0.0000    0.0000
 3846.00  0.0000    0.0000    0.0000    0.0000    0.0000    0.0000    0.0000
 3858.00  0.0000    0.0000    0.0000    0.0000    0.0000    0.0000    0.0000
 3870.00  0.0000    0.0000    0.0000    0.0000    0.0000    0.0000    0.0000
 3882.00  0.0000    0.0000    0.0000    0.0000    0.0000    0.0000    0.0000
 3894.00  0.0000    0.0000    0.0000    0.0000    0.0000    0.0000    0.0000
 3906.00  0.0000    0.0000    0.0000    0.0000    0.0000    0.0000    0.0000
 3918.00  0.0000    0.0000    0.0000    0.0000    0.0000    0.0000    0.0000
 3930.00  0.0000    0.0000    0.0000    0.0000    0.0000    0.0000    0.0000
 3942.00  0.0000    0.0000    0.0000    0.0000    0.0000    0.0000    0.0000
 3954.00  0.0000    0.0000    0.0000    0.0000    0.0000    0.0000    0.0000
 3966.00  0.0000    0.0000    0.0000    0.0000    0.0000    0.0000    0.0000
 3978.00  0.0000    0.0000    0.0000    0.0000    0.0000    0.0000    0.0000
 3990.00  0.0000    0.0000    0.0000    0.0000    0.0000    0.0000    0.0000
 4002.00  0.0000    0.0000    0.0000    0.0000    0.0000    0.0000    0.0000
 4014.00  0.0000    0.0000    0.0000    0.0000    0.0000    0.0000    0.0000
 4026.00  0.0000    0.0000    0.0000    0.0000    0.0000    0.0000    0.0000
 4038.00  0.0000    0.0000    0.0000    0.0000    0.0000    0.0000    0.0000
 4050.00  0.0000    0.0000    0.0000    0.0000    0.0000    0.0000    0.0000
 4062.00  0.0000    0.0000    0.0000    0.0000    0.0000    0.0000    0.0000
 4074.00  0.0000    0.0000    0.0000    0.0000    0.0000    0.0000    0.0000
 4086.00  0.0000    0.0000    0.0000    0.0000    0.0000    0.0000    0.0000
 4098.00  0.0000    0.0000    0.0000    0.0000    0.0000    0.0000    0.0000
 4110.00  0.0000    0.0000    0.0000    0.0000    0.0000    0.0000    0.0000
 4122.00  0.0000    0.0000    0.0000    0.0000    0.0000    0.0000    0.0000
 4134.00  0.0000    0.0000    0.0000    0.0000    0.0000    0.0000    0.0000
 4146.00  0.0000    0.0000    0.0000    0.0000    0.0000    0.0000    0.0000
 4158.00  0.0000    0.0000    0.0000    0.0000    0.0000    0.0000    0.0000
 4170.00  0.0000    0.0000    0.0000    0.0000    0.0000    0.0000    0.0000
 4182.00  0.0000    0.0000    0.0000    0.0000    0.0000    0.0000    0.0000
 4194.00  0.0000    0.0000    0.0000    0.0000    0.0000    0.0000    0.0000
 4206.00  0.0000    0.0000    0.0000    0.0000    0.0000    0.0000    0.0000
 4218.00  0.0000    0.0000    0.0000    0.0000    0.0000    0.0000    0.0000
 4230.00  0.0000    0.0000    0.0000    0.0000    0.0000    0.0000    0.0000
 4242.00  0.0000    0.0000    0.0000    0.0000    0.0000    0.0000    0.0000
 4254.00  0.0000    0.0000    0.0000    0.0000    0.0000    0.0000    0.0000
 4266.00  0.0000    0.0000    0.0000    0.0000    0.0000    0.0000    0.0000
 4278.00  0.0000    0.0000    0.0000    0.0000    0.0000    0.0000    0.0000
 4290.00  0.0000    0.0000    0.0000    0.0000    0.0000    0.0000    0.0000
 4302.00  0.0000    0.0000    0.0000    0.0000    0.0000    0.0000    0.0000
 4314.00  0.0000    0.0000    0.0000    0.0000    0.0000    0.0000    0.0000
 4326.00  0.0000    0.0000    0.0000    0.0000    0.0000    0.0000    0.0000
 4338.00  0.0000    0.0000    0.0000    0.0000    0.0000    0.0000    0.0000
 4350.00  0.0000    0.0000    0.0000    0.0000    0.0000    0.0000    0.0000
 4362.00  0.0000    0.0000    0.0000    0.0000    0.0000    0.0000    0.0000
 4374.00  0.0000    0.0000    0.0000    0.0000    0.0000    0.0000    0.0000
 4386.00  0.0000    0.0000    0.0000    0.0000    0.0000    0.0000    0.0000
 4398.00  0.0000    0.0000    0.0000    0.0000    0.0000    0.0000    0.0000
 4410.00  0.0000    0.0000    0.0000    0.0000    0.0000    0.0000    0.0000
 4422.00  0.0000    0.0000    0.0000    0.0000    0.0000    0.0000    0.0000
 4434.00  0.0000    0.0000    0.0000    0.0000    0.0000    0.0000    0.0000
 4446.00  0.0000    0.0000    0.0000    0.0000    0.0000    0.0000    0.0000
 4458.00  0.0000    0.0000    0.0000    0.0000    0.0000    0.0000    0.0000
 4470.00  0.0000    0.0000    0.0000    0.0000    0.0000    0.0000    0.0000
 4482.00  0.0000    0.0000    0.0000    0.0000    0.0000    0.0000    0.0000
 4494.00  0.0000    0.0000    0.0000    0.0000    0.0000    0.0000    0.0000
 4506.00  0.0000    0.0000    0.0000    0.0000    0.0000    0.0000    0.0000
 4518.00  0.0000    0.0000    0.0000    0.0000    0.0000    0.0000    0.0000
 4530.00  0.0000    0.0000    0.0000    0.0000    0.0000    0.0000    0.0000
 4542.00  0.0000    0.0000    0.0000    0.0000    0.0000    0.0000    0.0000
 4554.00  0.0000    0.0000    0.0000    0.0000    0.0000    0.0000    0.0000
 4566.00  0.0000    0.0000    0.0000    0.0000    0.0000    0.0000    0.0000
 4578.00  0.0000    0.0000    0.0000    0.0000    0.0000    0.0000    0.0000
 4590.00  0.0000    0.0000    0.0000    0.0000    0.0000    0.0000    0.0000
 4602.00  0.0000    0.0000    0.0000    0.0000    0.0000    0.0000    0.0000
 4614.00  0.0000    0.0000    0.0000    0.0000    0.0000    0.0000    0.0000
 4626.00  0.0000    0.0000    0.0000    0.0000    0.0000    0.0000    0.0000
 4638.00  0.0000    0.0000    0.0000    0.0000    0.0000    0.0000    0.0000
 4650.00  0.0000    0.0000    0.0000    0.0000    0.0000    0.0000    0.0000
 4662.00  0.0000    0.0000    0.0000    0.0000    0.0000    0.0000    0.0000
 4674.00  0.0000    0.0000    0.0000    0.0000    0.0000    0.0000    0.0000
 4686.00  0.0000    0.0000    0.0000    0.0000    0.0000    0.0000    0.0000
 4698.00  0.0000    0.0000    0.0000    0.0000    0.0000    0.0000    0.0000
 4710.00  0.0000    0.0000    0.0000    0.0000    0.0000    0.0000    0.0000
 4722.00  0.0000    0.0000    0.0000    0.0000    0.0000    0.0000    0.0000
 4734.00  0.0000    0.0000    0.0000    0.0000    0.0000    0.0000    0.0000
 4746.00  0.0000    0.0000    0.0000    0.0000    0.0000    0.0000    0.0000
 4758.00  0.0000    0.0000    0.0000    0.0000    0.0000    0.0000    0.0000
 4770.00  0.0000    0.0000    0.0000    0.0000    0.0000    0.0000    0.0000
 4782.00  0.0000    0.0000    0.0000    0.0000    0.0000    0.0000    0.0000
 4794.00  0.0000    0.0000    0.0000    0.0000    0.0000    0.0000    0.0000
 4806.00  0.0000    0.0000    0.0000    0.0000    0.0000    0.0000    0.0000
 4818.00  0.0000    0.0000    0.0000    0.0000    0.0000    0.0000    0.0000
 4830.00  0.0000    0.0000    0.0000    0.0000    0.0000    0.0000    0.0000
 4842.00  0.0000    0.0000    0.0000    0.0000    0.0000    0.0000    0.0000
 4854.00  0.0000    0.0000    0.0000    0.0000    0.0000    0.0000    0.0000
 4866.00  0.0000    0.0000    0.0000    0.0000    0.0000    0.0000    0.0000
 4878.00  0.0000    0.0000    0.0000    0.0000    0.0000    0.0000    0.0000
 4890.00  0.0000    0.0000    0.0000    0.0000    0.0000    0.0000    0.0000
 4902.00  0.0000    0.0000    0.0000    0.0000    0.0000    0.0000    0.0000
 4914.00  0.0000    0.0000    0.0000    0.0000    0.0000    0.0000    0.0000
 4926.00  0.0000    0.0000    0.0000    0.0000    0.0000    0.0000    0.0000
 4938.00  0.0000    0.0000    0.0000    0.0000    0.0000    0.0000    0.0000
 4950.00  0.0000    0.0000    0.0000    0.0000    0.0000    0.0000    0.0000
 4962.00  0.0000    0.0000    0.0000    0.0000    0.0000    0.0000    0.0000
 4974.00  0.0000    0.0000    0.0000    0.0000    0.0000    0.0000    0.0000
 4986.00  0.0000    0.0000    0.0000    0.0000    0.0000    0.0000    0.0000
 4998.00  0.0000    0.0000    0.0000    0.0000    0.0000    0.0000    0.0000
 5010.00  0.0000    0.0000    0.0000    0.0000    0.0000    0.0000    0.0000
 5022.00  0.0000    0.0000    0.0000    0.0000    0.0000    0.0000    0.0000
 5034.00  0.0000    0.0000    0.0000    0.0000    0.0000    0.0000    0.0000
 5046.00  0.0000    0.0000    0.0000    0.0000    0.0000    0.0000    0.0000
 5058.00  0.0000    0.0000    0.0000    0.0000    0.0000    0.0000    0.0000
 5070.00  0.0000    0.0000    0.0000    0.0000    0.0000    0.0000    0.0000
 5082.00  0.0000    0.0000    0.0000    0.0000    0.0000    0.0000    0.0000
 5094.00  0.0000    0.0000    0.0000    0.0000    0.0000    0.0000    0.0000
 5106.00  0.0000    0.0000    0.0000    0.0000    0.0000    0.0000    0.0000
 5118.00  0.0000    0.0000    0.0000    0.0000    0.0000    0.0000    0.0000
 5130.00  0.0000    0.0000    0.0000    0.0000    0.0000    0.0000    0.0000
 5142.00  0.0000    0.0000    0.0000    0.0000    0.0000    0.0000    0.0000
 5154.00  0.0000    0.0000    0.0000    0.0000    0.0000    0.0000    0.0000
 5166.00  0.0000    0.0000    0.0000    0.0000    0.0000    0.0000    0.0000
 5178.00  0.0000    0.0000    0.0000    0.0000    0.0000    0.0000    0.0000
 5190.00  0.0000    0.0000    0.0000    0.0000    0.0000    0.0000    0.0000
 5202.00  0.0000    0.0000    0.0000    0.0000    0.0000    0.0000    0.0000
 5214.00  0.0000    0.0000    0.0000    0.0000    0.0000    0.0000    0.0000
 5226.00  0.0000    0.0000    0.0000    0.0000    0.0000    0.0000    0.0000
 5238.00  0.0000    0.0000    0.0000    0.0000    0.0000    0.0000    0.0000
 5250.00  0.0000    0.0000    0.0000    0.0000    0.0000    0.0000    0.0000
 5262.00  0.0000    0.0000    0.0000    0.0000    0.0000    0.0000    0.0000
 5274.00  0.0000    0.0000    0.0000    0.0000    0.0000    0.0000    0.0000
 5286.00  0.0000    0.0000    0.0000    0.0000    0.0000    0.0000    0.0000
 5298.00  0.0000    0.0000    0.0000    0.0000    0.0000    0.0000    0.0000
 5310.00  0.0000    0.0000    0.0000    0.0000    0.0000    0.0000    0.0000
 5322.00  0.0000    0.0000    0.0000    0.0000    0.0000    0.0000    0.0000
 5334.00  0.0000    0.0000    0.0000    0.0000    0.0000    0.0000    0.0000
 5346.00  0.0000    0.0000    0.0000    0.0000    0.0000    0.0000    0.0000
 5358.00  0.0000    0.0000    0.0000    0.0000    0.0000    0.0000    0.0000
 5370.00  0.0000    0.0000    0.0000    0.0000    0.0000    0.0000    0.0000
 5382.00  0.0000    0.0000    0.0000    0.0000    0.0000    0.0000    0.0000
 5394.00  0.0000    0.0000    0.0000    0.0000    0.0000    0.0000    0.0000
 5406.00  0.0000    0.0000    0.0000    0.0000    0.0000    0.0000    0.0000
 5418.00  0.0000    0.0000    0.0000    0.0000    0.0000    0.0000    0.0000
 5430.00  0.0000    0.0000    0.0000    0.0000    0.0000    0.0000    0.0000
 5442.00  0.0000    0.0000    0.0000    0.0000    0.0000    0.0000    0.0000
 5454.00  0.0000    0.0000    0.0000    0.0000    0.0000    0.0000    0.0000
 5466.00  0.0000    0.0000    0.0000    0.0000    0.0000    0.0000    0.0000
