 #baseprofiles
 #height rhobf
    7.5  0.12213046272615129E+01
   22.5  0.12213046272615129E+01
   37.5  0.12213046272615129E+01
   52.5  0.12213046272615129E+01
   67.5  0.12213046272615129E+01
   82.5  0.12213046272615129E+01
   97.5  0.12213046272615129E+01
  112.5  0.12213046272615129E+01
  127.5  0.12213046272615129E+01
  142.5  0.12213046272615129E+01
  157.5  0.12213046272615129E+01
  172.5  0.12213046272615129E+01
  187.5  0.12213046272615129E+01
  202.5  0.12213046272615129E+01
  217.5  0.12213046272615129E+01
  232.5  0.12213046272615129E+01
  247.5  0.12213046272615129E+01
  262.5  0.12213046272615129E+01
  277.5  0.12213046272615129E+01
  292.5  0.12213046272615129E+01
  307.5  0.12213046272615129E+01
  322.5  0.12213046272615129E+01
  337.5  0.12213046272615129E+01
  352.5  0.12213046272615129E+01
  367.5  0.12213046272615129E+01
  382.5  0.12213046272615129E+01
  397.5  0.12213046272615129E+01
  412.5  0.12213046272615129E+01
  427.5  0.12213046272615129E+01
  442.5  0.12213046272615129E+01
  457.5  0.12213046272615129E+01
  472.5  0.12213046272615129E+01
  487.5  0.12213046272615129E+01
  502.5  0.12213046272615129E+01
  517.5  0.12213046272615129E+01
  532.5  0.12213046272615129E+01
  547.5  0.12213046272615129E+01
  562.5  0.12213046272615129E+01
  577.5  0.12213046272615129E+01
  592.5  0.12213046272615129E+01
  607.5  0.12213046272615129E+01
  622.5  0.12213046272615129E+01
  637.5  0.12213046272615129E+01
  652.5  0.12213046272615129E+01
  667.5  0.12213046272615129E+01
  682.5  0.12213046272615129E+01
  697.5  0.12213046272615129E+01
  712.5  0.12213046272615129E+01
  727.5  0.12213046272615129E+01
  742.5  0.12213046272615129E+01
  757.5  0.12213046272615129E+01
  772.5  0.12213046272615129E+01
  787.5  0.12213046272615129E+01
  802.5  0.12213046272615129E+01
  817.5  0.12213046272615129E+01
  832.5  0.12213046272615129E+01
  847.5  0.12213046272615129E+01
  862.5  0.12213046272615129E+01
  877.5  0.12213046272615129E+01
  892.5  0.12213046272615129E+01
  907.5  0.12213046272615129E+01
  922.5  0.12213046272615129E+01
  937.5  0.12213046272615129E+01
  952.5  0.12213046272615129E+01
  967.5  0.12213046272615129E+01
  982.5  0.12213046272615129E+01
  997.5  0.12213046272615129E+01
 1012.5  0.12213046272615129E+01
 1027.5  0.12213046272615129E+01
 1042.5  0.12213046272615129E+01
 1057.5  0.12213046272615129E+01
 1072.5  0.12213046272615129E+01
 1087.5  0.12213046272615129E+01
 1102.5  0.12213046272615129E+01
 1117.5  0.12213046272615129E+01
 1132.5  0.12213046272615129E+01
 1147.5  0.12213046272615129E+01
 1162.5  0.12213046272615129E+01
 1177.5  0.12213046272615129E+01
 1192.5  0.12213046272615129E+01
 1207.5  0.12213046272615129E+01
 1222.5  0.12213046272615129E+01
 1237.5  0.12213046272615129E+01
 1252.5  0.12213046272615129E+01
 1267.5  0.12213046272615129E+01
 1282.5  0.12213046272615129E+01
 1297.5  0.12213046272615129E+01
 1312.5  0.12213046272615129E+01
 1327.5  0.12213046272615129E+01
 1342.5  0.12213046272615129E+01
 1357.5  0.12213046272615129E+01
 1372.5  0.12213046272615129E+01
 1387.5  0.12213046272615129E+01
 1402.5  0.12213046272615129E+01
 1417.5  0.12213046272615129E+01
 1432.5  0.12213046272615129E+01
 1447.5  0.12213046272615129E+01
 1462.5  0.12213046272615129E+01
 1477.5  0.12213046272615129E+01
 1492.5  0.12213046272615129E+01
 1507.5  0.12213046272615129E+01
 1522.5  0.12213046272615129E+01
 1537.5  0.12213046272615129E+01
 1552.5  0.12213046272615129E+01
 1567.5  0.12213046272615129E+01
 1582.5  0.12213046272615129E+01
 1597.5  0.12213046272615129E+01
 1612.5  0.12213046272615129E+01
 1627.5  0.12213046272615129E+01
 1642.5  0.12213046272615129E+01
 1657.5  0.12213046272615129E+01
 1672.5  0.12213046272615129E+01
 1687.5  0.12213046272615129E+01
 1702.5  0.12213046272615129E+01
 1717.5  0.12213046272615129E+01
 1732.5  0.12213046272615129E+01
 1747.5  0.12213046272615129E+01
 1762.5  0.12213046272615129E+01
 1777.5  0.12213046272615129E+01
 1792.5  0.12213046272615129E+01
 1807.5  0.12213046272615129E+01
 1822.5  0.12213046272615129E+01
 1837.5  0.12213046272615129E+01
 1852.5  0.12213046272615129E+01
 1867.5  0.12213046272615129E+01
 1882.5  0.12213046272615129E+01
 1897.5  0.12213046272615129E+01
 1912.5  0.12213046272615129E+01
 1927.5  0.12213046272615129E+01
 1942.5  0.12213046272615129E+01
 1957.5  0.12213046272615129E+01
 1972.5  0.12213046272615129E+01
 1987.5  0.12213046272615129E+01
 2002.5  0.12213046272615129E+01
 2017.5  0.12213046272615129E+01
 2032.5  0.12213046272615129E+01
 2047.5  0.12213046272615129E+01
 2062.5  0.12213046272615129E+01
 2077.5  0.12213046272615129E+01
 2092.5  0.12213046272615129E+01
 2107.5  0.12213046272615129E+01
 2122.5  0.12213046272615129E+01
 2137.5  0.12213046272615129E+01
 2152.5  0.12213046272615129E+01
 2167.5  0.12213046272615129E+01
 2182.5  0.12213046272615129E+01
 2197.5  0.12213046272615129E+01
 2212.5  0.12213046272615129E+01
 2227.5  0.12213046272615129E+01
 2242.5  0.12213046272615129E+01
 2257.5  0.12213046272615129E+01
 2272.5  0.12213046272615129E+01
 2287.5  0.12213046272615129E+01
 2302.5  0.12213046272615129E+01
 2317.5  0.12213046272615129E+01
 2332.5  0.12213046272615129E+01
 2347.5  0.12213046272615129E+01
 2362.5  0.12213046272615129E+01
 2377.5  0.12213046272615129E+01
 2392.5  0.12213046272615129E+01
 2407.5  0.12213046272615129E+01
 2422.5  0.12213046272615129E+01
 2437.5  0.12213046272615129E+01
 2452.5  0.12213046272615129E+01
 2467.5  0.12213046272615129E+01
 2482.5  0.12213046272615129E+01
 2497.5  0.12213046272615129E+01
 2512.5  0.12213046272615129E+01
 2527.5  0.12213046272615129E+01
 2542.5  0.12213046272615129E+01
 2557.5  0.12213046272615129E+01
 2572.5  0.12213046272615129E+01
 2587.5  0.12213046272615129E+01
 2602.5  0.12213046272615129E+01
 2617.5  0.12213046272615129E+01
 2632.5  0.12213046272615129E+01
 2647.5  0.12213046272615129E+01
 2662.5  0.12213046272615129E+01
 2677.5  0.12213046272615129E+01
 2692.5  0.12213046272615129E+01
 2707.5  0.12213046272615129E+01
 2722.5  0.12213046272615129E+01
 2737.5  0.12213046272615129E+01
 2752.5  0.12213046272615129E+01
 2767.5  0.12213046272615129E+01
 2782.5  0.12213046272615129E+01
 2797.5  0.12213046272615129E+01
 2812.5  0.12213046272615129E+01
 2827.5  0.12213046272615129E+01
 2842.5  0.12213046272615129E+01
 2857.5  0.12213046272615129E+01
 2872.5  0.12213046272615129E+01
 2887.5  0.12213046272615129E+01
 2902.5  0.12213046272615129E+01
 2917.5  0.12213046272615129E+01
 2932.5  0.12213046272615129E+01
 2947.5  0.12213046272615129E+01
 2962.5  0.12213046272615129E+01
 2977.5  0.12213046272615129E+01
 2992.5  0.12213046272615129E+01
