#  time        ust        tst        qst         obukh      thls        z0        wthls      wthvs      wqls 
     60.00  0.557E+00 -0.111E-01 -0.539E-04 -0.111E+04    286.570 -0.100E+01  0.619E-02  0.114E-01  0.300E-04
    120.00  0.516E+00 -0.132E-01 -0.584E-04 -0.834E+03    286.647 -0.100E+01  0.682E-02  0.121E-01  0.301E-04
    180.00  0.488E+00 -0.162E-01 -0.616E-04 -0.649E+03    286.727 -0.100E+01  0.791E-02  0.132E-01  0.301E-04
    240.00  0.467E+00 -0.190E-01 -0.645E-04 -0.527E+03    286.810 -0.100E+01  0.889E-02  0.142E-01  0.301E-04
    300.00  0.449E+00 -0.216E-01 -0.672E-04 -0.443E+03    286.895 -0.100E+01  0.972E-02  0.150E-01  0.302E-04
    360.00  0.435E+00 -0.240E-01 -0.700E-04 -0.383E+03    286.981 -0.100E+01  0.104E-01  0.158E-01  0.304E-04
    420.00  0.424E+00 -0.265E-01 -0.726E-04 -0.336E+03    287.067 -0.100E+01  0.112E-01  0.166E-01  0.308E-04
    480.00  0.414E+00 -0.295E-01 -0.748E-04 -0.295E+03    287.150 -0.100E+01  0.122E-01  0.177E-01  0.310E-04
    540.00  0.405E+00 -0.327E-01 -0.770E-04 -0.261E+03    287.232 -0.100E+01  0.132E-01  0.187E-01  0.312E-04
    600.00  0.396E+00 -0.358E-01 -0.791E-04 -0.232E+03    287.313 -0.100E+01  0.142E-01  0.197E-01  0.313E-04
    660.00  0.388E+00 -0.389E-01 -0.813E-04 -0.208E+03    287.394 -0.100E+01  0.151E-01  0.207E-01  0.315E-04
    720.00  0.380E+00 -0.418E-01 -0.834E-04 -0.188E+03    287.475 -0.100E+01  0.159E-01  0.215E-01  0.317E-04
    780.00  0.373E+00 -0.446E-01 -0.856E-04 -0.172E+03    287.556 -0.100E+01  0.167E-01  0.223E-01  0.319E-04
    840.00  0.367E+00 -0.473E-01 -0.878E-04 -0.158E+03    287.636 -0.100E+01  0.173E-01  0.231E-01  0.322E-04
    900.00  0.362E+00 -0.497E-01 -0.901E-04 -0.147E+03    287.716 -0.100E+01  0.180E-01  0.238E-01  0.326E-04
    960.00  0.357E+00 -0.522E-01 -0.922E-04 -0.137E+03    287.794 -0.100E+01  0.187E-01  0.245E-01  0.329E-04
   1020.00  0.354E+00 -0.549E-01 -0.941E-04 -0.129E+03    287.870 -0.100E+01  0.194E-01  0.253E-01  0.333E-04
   1080.00  0.350E+00 -0.577E-01 -0.959E-04 -0.121E+03    287.945 -0.100E+01  0.202E-01  0.262E-01  0.335E-04
   1140.00  0.346E+00 -0.605E-01 -0.977E-04 -0.113E+03    288.019 -0.100E+01  0.209E-01  0.270E-01  0.338E-04
   1200.00  0.342E+00 -0.634E-01 -0.995E-04 -0.106E+03    288.093 -0.100E+01  0.217E-01  0.277E-01  0.340E-04
   1260.00  0.338E+00 -0.662E-01 -0.101E-03 -0.100E+03    288.168 -0.100E+01  0.224E-01  0.285E-01  0.343E-04
   1320.00  0.334E+00 -0.690E-01 -0.103E-03 -0.945E+02    288.242 -0.100E+01  0.230E-01  0.292E-01  0.345E-04
   1380.00  0.331E+00 -0.717E-01 -0.105E-03 -0.893E+02    288.317 -0.100E+01  0.237E-01  0.299E-01  0.348E-04
   1440.00  0.327E+00 -0.744E-01 -0.107E-03 -0.846E+02    288.391 -0.100E+01  0.243E-01  0.306E-01  0.351E-04
   1500.00  0.324E+00 -0.770E-01 -0.109E-03 -0.805E+02    288.466 -0.100E+01  0.249E-01  0.313E-01  0.354E-04
   1560.00  0.321E+00 -0.795E-01 -0.111E-03 -0.768E+02    288.540 -0.100E+01  0.255E-01  0.319E-01  0.357E-04
   1620.00  0.319E+00 -0.819E-01 -0.113E-03 -0.736E+02    288.613 -0.100E+01  0.261E-01  0.326E-01  0.361E-04
   1680.00  0.317E+00 -0.843E-01 -0.115E-03 -0.707E+02    288.685 -0.100E+01  0.267E-01  0.332E-01  0.365E-04
   1740.00  0.315E+00 -0.868E-01 -0.117E-03 -0.681E+02    288.756 -0.100E+01  0.273E-01  0.339E-01  0.368E-04
   1800.00  0.313E+00 -0.893E-01 -0.119E-03 -0.656E+02    288.826 -0.100E+01  0.279E-01  0.346E-01  0.372E-04
   1860.00  0.311E+00 -0.919E-01 -0.120E-03 -0.632E+02    288.896 -0.100E+01  0.286E-01  0.353E-01  0.375E-04
   1920.00  0.309E+00 -0.945E-01 -0.122E-03 -0.609E+02    288.965 -0.100E+01  0.292E-01  0.360E-01  0.378E-04
   1980.00  0.307E+00 -0.971E-01 -0.124E-03 -0.586E+02    289.035 -0.100E+01  0.298E-01  0.367E-01  0.381E-04
   2040.00  0.305E+00 -0.997E-01 -0.126E-03 -0.565E+02    289.104 -0.100E+01  0.304E-01  0.373E-01  0.384E-04
   2100.00  0.303E+00 -0.102E+00 -0.127E-03 -0.545E+02    289.174 -0.100E+01  0.310E-01  0.380E-01  0.387E-04
   2160.00  0.301E+00 -0.105E+00 -0.129E-03 -0.526E+02    289.244 -0.100E+01  0.316E-01  0.386E-01  0.390E-04
   2220.00  0.299E+00 -0.107E+00 -0.131E-03 -0.508E+02    289.314 -0.100E+01  0.322E-01  0.392E-01  0.393E-04
   2280.00  0.298E+00 -0.110E+00 -0.133E-03 -0.492E+02    289.384 -0.100E+01  0.327E-01  0.399E-01  0.396E-04
   2340.00  0.296E+00 -0.112E+00 -0.135E-03 -0.476E+02    289.454 -0.100E+01  0.333E-01  0.405E-01  0.399E-04
   2400.00  0.295E+00 -0.115E+00 -0.137E-03 -0.462E+02    289.523 -0.100E+01  0.338E-01  0.411E-01  0.403E-04
   2460.00  0.293E+00 -0.117E+00 -0.139E-03 -0.449E+02    289.592 -0.100E+01  0.343E-01  0.417E-01  0.407E-04
   2520.00  0.292E+00 -0.119E+00 -0.141E-03 -0.438E+02    289.660 -0.100E+01  0.349E-01  0.423E-01  0.411E-04
   2580.00  0.291E+00 -0.122E+00 -0.142E-03 -0.427E+02    289.727 -0.100E+01  0.354E-01  0.429E-01  0.414E-04
   2640.00  0.290E+00 -0.124E+00 -0.144E-03 -0.417E+02    289.794 -0.100E+01  0.360E-01  0.436E-01  0.418E-04
   2700.00  0.289E+00 -0.126E+00 -0.146E-03 -0.407E+02    289.860 -0.100E+01  0.366E-01  0.442E-01  0.421E-04
   2760.00  0.288E+00 -0.129E+00 -0.147E-03 -0.397E+02    289.925 -0.100E+01  0.371E-01  0.448E-01  0.425E-04
   2820.00  0.287E+00 -0.131E+00 -0.149E-03 -0.388E+02    289.991 -0.100E+01  0.377E-01  0.454E-01  0.428E-04
   2880.00  0.286E+00 -0.134E+00 -0.151E-03 -0.379E+02    290.056 -0.100E+01  0.382E-01  0.461E-01  0.431E-04
   2940.00  0.285E+00 -0.136E+00 -0.152E-03 -0.371E+02    290.122 -0.100E+01  0.388E-01  0.467E-01  0.435E-04
   3000.00  0.284E+00 -0.138E+00 -0.154E-03 -0.362E+02    290.187 -0.100E+01  0.393E-01  0.473E-01  0.438E-04
   3060.00  0.283E+00 -0.141E+00 -0.156E-03 -0.354E+02    290.253 -0.100E+01  0.399E-01  0.479E-01  0.441E-04
   3120.00  0.283E+00 -0.143E+00 -0.157E-03 -0.347E+02    290.318 -0.100E+01  0.404E-01  0.485E-01  0.445E-04
   3180.00  0.282E+00 -0.145E+00 -0.159E-03 -0.340E+02    290.384 -0.100E+01  0.409E-01  0.491E-01  0.448E-04
   3240.00  0.281E+00 -0.147E+00 -0.161E-03 -0.333E+02    290.449 -0.100E+01  0.414E-01  0.497E-01  0.452E-04
   3300.00  0.281E+00 -0.150E+00 -0.162E-03 -0.327E+02    290.513 -0.100E+01  0.420E-01  0.503E-01  0.456E-04
   3360.00  0.280E+00 -0.152E+00 -0.164E-03 -0.322E+02    290.577 -0.100E+01  0.425E-01  0.509E-01  0.459E-04
   3420.00  0.280E+00 -0.154E+00 -0.166E-03 -0.318E+02    290.640 -0.100E+01  0.430E-01  0.515E-01  0.463E-04
   3480.00  0.280E+00 -0.156E+00 -0.167E-03 -0.315E+02    290.701 -0.100E+01  0.436E-01  0.521E-01  0.468E-04
   3540.00  0.281E+00 -0.158E+00 -0.168E-03 -0.312E+02    290.761 -0.100E+01  0.442E-01  0.528E-01  0.472E-04
   3600.00  0.282E+00 -0.159E+00 -0.170E-03 -0.311E+02    290.819 -0.100E+01  0.448E-01  0.535E-01  0.476E-04
   3660.00  0.283E+00 -0.161E+00 -0.170E-03 -0.312E+02    290.875 -0.100E+01  0.454E-01  0.542E-01  0.481E-04
   3720.00  0.285E+00 -0.162E+00 -0.171E-03 -0.314E+02    290.928 -0.100E+01  0.461E-01  0.550E-01  0.485E-04
   3780.00  0.288E+00 -0.163E+00 -0.171E-03 -0.319E+02    290.978 -0.100E+01  0.468E-01  0.558E-01  0.490E-04
   3840.00  0.292E+00 -0.164E+00 -0.171E-03 -0.326E+02    291.023 -0.100E+01  0.476E-01  0.567E-01  0.496E-04
   3900.00  0.297E+00 -0.164E+00 -0.170E-03 -0.337E+02    291.063 -0.100E+01  0.485E-01  0.576E-01  0.501E-04
   3960.00  0.303E+00 -0.164E+00 -0.169E-03 -0.352E+02    291.097 -0.100E+01  0.493E-01  0.586E-01  0.508E-04
   4020.00  0.310E+00 -0.163E+00 -0.168E-03 -0.371E+02    291.125 -0.100E+01  0.501E-01  0.595E-01  0.514E-04
   4080.00  0.317E+00 -0.161E+00 -0.166E-03 -0.392E+02    291.146 -0.100E+01  0.509E-01  0.604E-01  0.521E-04
   4140.00  0.324E+00 -0.160E+00 -0.165E-03 -0.414E+02    291.163 -0.100E+01  0.514E-01  0.611E-01  0.528E-04
   4200.00  0.331E+00 -0.158E+00 -0.163E-03 -0.436E+02    291.177 -0.100E+01  0.518E-01  0.615E-01  0.534E-04
   4260.00  0.336E+00 -0.155E+00 -0.162E-03 -0.455E+02    291.190 -0.100E+01  0.519E-01  0.618E-01  0.540E-04
   4320.00  0.340E+00 -0.153E+00 -0.162E-03 -0.471E+02    291.205 -0.100E+01  0.519E-01  0.618E-01  0.545E-04
   4380.00  0.343E+00 -0.152E+00 -0.162E-03 -0.482E+02    291.225 -0.100E+01  0.517E-01  0.618E-01  0.549E-04
   4440.00  0.344E+00 -0.151E+00 -0.162E-03 -0.488E+02    291.251 -0.100E+01  0.515E-01  0.616E-01  0.553E-04
   4500.00  0.343E+00 -0.150E+00 -0.163E-03 -0.489E+02    291.284 -0.100E+01  0.513E-01  0.614E-01  0.557E-04
   4560.00  0.342E+00 -0.150E+00 -0.164E-03 -0.486E+02    291.324 -0.100E+01  0.511E-01  0.613E-01  0.560E-04
   4620.00  0.341E+00 -0.150E+00 -0.166E-03 -0.480E+02    291.370 -0.100E+01  0.509E-01  0.612E-01  0.563E-04
   4680.00  0.339E+00 -0.151E+00 -0.168E-03 -0.471E+02    291.423 -0.100E+01  0.509E-01  0.613E-01  0.566E-04
   4740.00  0.336E+00 -0.152E+00 -0.170E-03 -0.461E+02    291.480 -0.100E+01  0.510E-01  0.614E-01  0.569E-04
   4800.00  0.334E+00 -0.154E+00 -0.172E-03 -0.450E+02    291.540 -0.100E+01  0.513E-01  0.617E-01  0.572E-04
   4860.00  0.333E+00 -0.155E+00 -0.174E-03 -0.440E+02    291.602 -0.100E+01  0.516E-01  0.621E-01  0.576E-04
   4920.00  0.331E+00 -0.157E+00 -0.176E-03 -0.431E+02    291.664 -0.100E+01  0.520E-01  0.626E-01  0.579E-04
   4980.00  0.330E+00 -0.159E+00 -0.177E-03 -0.424E+02    291.725 -0.100E+01  0.525E-01  0.632E-01  0.584E-04
   5040.00  0.330E+00 -0.161E+00 -0.179E-03 -0.417E+02    291.784 -0.100E+01  0.530E-01  0.638E-01  0.588E-04
   5100.00  0.330E+00 -0.163E+00 -0.180E-03 -0.413E+02    291.841 -0.100E+01  0.536E-01  0.644E-01  0.592E-04
   5160.00  0.330E+00 -0.164E+00 -0.182E-03 -0.409E+02    291.896 -0.100E+01  0.541E-01  0.651E-01  0.597E-04
   5220.00  0.330E+00 -0.166E+00 -0.183E-03 -0.406E+02    291.948 -0.100E+01  0.546E-01  0.657E-01  0.602E-04
   5280.00  0.331E+00 -0.167E+00 -0.184E-03 -0.405E+02    291.998 -0.100E+01  0.551E-01  0.662E-01  0.607E-04
   5340.00  0.331E+00 -0.168E+00 -0.185E-03 -0.403E+02    292.046 -0.100E+01  0.555E-01  0.667E-01  0.611E-04
   5400.00  0.332E+00 -0.169E+00 -0.187E-03 -0.402E+02    292.093 -0.100E+01  0.559E-01  0.672E-01  0.616E-04
   5460.00  0.332E+00 -0.170E+00 -0.188E-03 -0.400E+02    292.140 -0.100E+01  0.562E-01  0.676E-01  0.620E-04
   5520.00  0.332E+00 -0.171E+00 -0.189E-03 -0.399E+02    292.187 -0.100E+01  0.565E-01  0.680E-01  0.625E-04
   5580.00  0.332E+00 -0.171E+00 -0.190E-03 -0.397E+02    292.234 -0.100E+01  0.568E-01  0.684E-01  0.629E-04
   5640.00  0.332E+00 -0.172E+00 -0.191E-03 -0.395E+02    292.282 -0.100E+01  0.571E-01  0.687E-01  0.633E-04
   5700.00  0.332E+00 -0.173E+00 -0.193E-03 -0.392E+02    292.331 -0.100E+01  0.574E-01  0.691E-01  0.637E-04
   5760.00  0.332E+00 -0.174E+00 -0.194E-03 -0.389E+02    292.381 -0.100E+01  0.576E-01  0.694E-01  0.641E-04
   5820.00  0.331E+00 -0.175E+00 -0.195E-03 -0.385E+02    292.432 -0.100E+01  0.579E-01  0.698E-01  0.644E-04
   5880.00  0.330E+00 -0.177E+00 -0.197E-03 -0.381E+02    292.484 -0.100E+01  0.583E-01  0.702E-01  0.648E-04
   5940.00  0.330E+00 -0.178E+00 -0.199E-03 -0.376E+02    292.537 -0.100E+01  0.586E-01  0.706E-01  0.652E-04
   6000.00  0.329E+00 -0.180E+00 -0.200E-03 -0.372E+02    292.590 -0.100E+01  0.589E-01  0.710E-01  0.656E-04
   6060.00  0.328E+00 -0.181E+00 -0.202E-03 -0.367E+02    292.644 -0.100E+01  0.593E-01  0.714E-01  0.659E-04
   6120.00  0.328E+00 -0.183E+00 -0.203E-03 -0.363E+02    292.697 -0.100E+01  0.597E-01  0.719E-01  0.663E-04
   6180.00  0.327E+00 -0.184E+00 -0.205E-03 -0.359E+02    292.750 -0.100E+01  0.601E-01  0.723E-01  0.667E-04
   6240.00  0.327E+00 -0.185E+00 -0.206E-03 -0.354E+02    292.803 -0.100E+01  0.604E-01  0.728E-01  0.671E-04
   6300.00  0.326E+00 -0.187E+00 -0.208E-03 -0.351E+02    292.856 -0.100E+01  0.608E-01  0.732E-01  0.675E-04
   6360.00  0.326E+00 -0.188E+00 -0.209E-03 -0.347E+02    292.909 -0.100E+01  0.612E-01  0.737E-01  0.679E-04
   6420.00  0.325E+00 -0.190E+00 -0.211E-03 -0.343E+02    292.961 -0.100E+01  0.616E-01  0.741E-01  0.683E-04
   6480.00  0.325E+00 -0.191E+00 -0.213E-03 -0.340E+02    293.013 -0.100E+01  0.619E-01  0.746E-01  0.687E-04
   6540.00  0.324E+00 -0.193E+00 -0.214E-03 -0.336E+02    293.065 -0.100E+01  0.623E-01  0.750E-01  0.691E-04
   6600.00  0.324E+00 -0.194E+00 -0.216E-03 -0.333E+02    293.116 -0.100E+01  0.627E-01  0.754E-01  0.695E-04
   6660.00  0.324E+00 -0.195E+00 -0.217E-03 -0.330E+02    293.168 -0.100E+01  0.630E-01  0.759E-01  0.699E-04
   6720.00  0.323E+00 -0.197E+00 -0.219E-03 -0.326E+02    293.219 -0.100E+01  0.634E-01  0.763E-01  0.702E-04
   6780.00  0.323E+00 -0.198E+00 -0.220E-03 -0.323E+02    293.270 -0.100E+01  0.637E-01  0.768E-01  0.706E-04
   6840.00  0.322E+00 -0.200E+00 -0.222E-03 -0.321E+02    293.321 -0.100E+01  0.641E-01  0.772E-01  0.710E-04
   6900.00  0.322E+00 -0.201E+00 -0.223E-03 -0.318E+02    293.371 -0.100E+01  0.645E-01  0.777E-01  0.714E-04
   6960.00  0.322E+00 -0.202E+00 -0.224E-03 -0.316E+02    293.420 -0.100E+01  0.649E-01  0.781E-01  0.718E-04
   7020.00  0.322E+00 -0.204E+00 -0.226E-03 -0.313E+02    293.469 -0.100E+01  0.653E-01  0.786E-01  0.722E-04
   7080.00  0.322E+00 -0.205E+00 -0.227E-03 -0.311E+02    293.518 -0.100E+01  0.656E-01  0.790E-01  0.726E-04
   7140.00  0.322E+00 -0.206E+00 -0.229E-03 -0.309E+02    293.566 -0.100E+01  0.660E-01  0.795E-01  0.730E-04
   7200.00  0.322E+00 -0.207E+00 -0.230E-03 -0.307E+02    293.614 -0.100E+01  0.664E-01  0.799E-01  0.734E-04
   7260.00  0.322E+00 -0.208E+00 -0.231E-03 -0.306E+02    293.661 -0.100E+01  0.667E-01  0.804E-01  0.738E-04
   7320.00  0.322E+00 -0.209E+00 -0.232E-03 -0.304E+02    293.708 -0.100E+01  0.671E-01  0.808E-01  0.742E-04
   7380.00  0.322E+00 -0.210E+00 -0.234E-03 -0.303E+02    293.754 -0.100E+01  0.674E-01  0.812E-01  0.746E-04
   7440.00  0.322E+00 -0.211E+00 -0.235E-03 -0.302E+02    293.799 -0.100E+01  0.678E-01  0.817E-01  0.750E-04
   7500.00  0.322E+00 -0.212E+00 -0.236E-03 -0.301E+02    293.844 -0.100E+01  0.682E-01  0.821E-01  0.754E-04
   7560.00  0.322E+00 -0.213E+00 -0.237E-03 -0.300E+02    293.889 -0.100E+01  0.685E-01  0.825E-01  0.758E-04
   7620.00  0.323E+00 -0.214E+00 -0.238E-03 -0.299E+02    293.933 -0.100E+01  0.688E-01  0.829E-01  0.762E-04
   7680.00  0.323E+00 -0.215E+00 -0.239E-03 -0.298E+02    293.978 -0.100E+01  0.692E-01  0.833E-01  0.766E-04
   7740.00  0.323E+00 -0.216E+00 -0.240E-03 -0.296E+02    294.023 -0.100E+01  0.695E-01  0.837E-01  0.769E-04
   7800.00  0.323E+00 -0.217E+00 -0.242E-03 -0.295E+02    294.068 -0.100E+01  0.698E-01  0.841E-01  0.773E-04
   7860.00  0.323E+00 -0.218E+00 -0.243E-03 -0.293E+02    294.113 -0.100E+01  0.701E-01  0.845E-01  0.777E-04
   7920.00  0.323E+00 -0.219E+00 -0.244E-03 -0.292E+02    294.158 -0.100E+01  0.704E-01  0.849E-01  0.781E-04
   7980.00  0.323E+00 -0.220E+00 -0.245E-03 -0.290E+02    294.203 -0.100E+01  0.707E-01  0.853E-01  0.785E-04
   8040.00  0.323E+00 -0.221E+00 -0.247E-03 -0.289E+02    294.248 -0.100E+01  0.711E-01  0.857E-01  0.789E-04
   8100.00  0.323E+00 -0.222E+00 -0.248E-03 -0.288E+02    294.292 -0.100E+01  0.714E-01  0.861E-01  0.793E-04
   8160.00  0.323E+00 -0.223E+00 -0.249E-03 -0.287E+02    294.336 -0.100E+01  0.717E-01  0.865E-01  0.797E-04
   8220.00  0.323E+00 -0.224E+00 -0.250E-03 -0.286E+02    294.379 -0.100E+01  0.720E-01  0.868E-01  0.800E-04
   8280.00  0.323E+00 -0.225E+00 -0.251E-03 -0.284E+02    294.423 -0.100E+01  0.723E-01  0.872E-01  0.804E-04
   8340.00  0.323E+00 -0.226E+00 -0.253E-03 -0.283E+02    294.466 -0.100E+01  0.726E-01  0.876E-01  0.808E-04
   8400.00  0.323E+00 -0.227E+00 -0.254E-03 -0.282E+02    294.509 -0.100E+01  0.729E-01  0.879E-01  0.812E-04
   8460.00  0.323E+00 -0.228E+00 -0.255E-03 -0.281E+02    294.552 -0.100E+01  0.732E-01  0.883E-01  0.816E-04
   8520.00  0.323E+00 -0.229E+00 -0.256E-03 -0.280E+02    294.595 -0.100E+01  0.735E-01  0.887E-01  0.820E-04
   8580.00  0.323E+00 -0.229E+00 -0.257E-03 -0.280E+02    294.637 -0.100E+01  0.738E-01  0.890E-01  0.824E-04
   8640.00  0.323E+00 -0.230E+00 -0.258E-03 -0.279E+02    294.679 -0.100E+01  0.740E-01  0.894E-01  0.828E-04
   8700.00  0.324E+00 -0.231E+00 -0.260E-03 -0.279E+02    294.721 -0.100E+01  0.743E-01  0.898E-01  0.831E-04
   8760.00  0.324E+00 -0.232E+00 -0.261E-03 -0.278E+02    294.763 -0.100E+01  0.746E-01  0.901E-01  0.835E-04
   8820.00  0.324E+00 -0.232E+00 -0.262E-03 -0.277E+02    294.805 -0.100E+01  0.748E-01  0.904E-01  0.839E-04
   8880.00  0.324E+00 -0.233E+00 -0.263E-03 -0.276E+02    294.847 -0.100E+01  0.751E-01  0.908E-01  0.843E-04
   8940.00  0.324E+00 -0.234E+00 -0.264E-03 -0.275E+02    294.889 -0.100E+01  0.754E-01  0.911E-01  0.847E-04
   9000.00  0.324E+00 -0.235E+00 -0.265E-03 -0.274E+02    294.931 -0.100E+01  0.757E-01  0.915E-01  0.850E-04
   9060.00  0.324E+00 -0.236E+00 -0.266E-03 -0.274E+02    294.973 -0.100E+01  0.759E-01  0.918E-01  0.854E-04
   9120.00  0.324E+00 -0.236E+00 -0.267E-03 -0.273E+02    295.014 -0.100E+01  0.762E-01  0.922E-01  0.858E-04
   9180.00  0.324E+00 -0.237E+00 -0.269E-03 -0.273E+02    295.054 -0.100E+01  0.765E-01  0.925E-01  0.862E-04
   9240.00  0.325E+00 -0.238E+00 -0.270E-03 -0.272E+02    295.095 -0.100E+01  0.767E-01  0.928E-01  0.866E-04
   9300.00  0.325E+00 -0.238E+00 -0.271E-03 -0.271E+02    295.135 -0.100E+01  0.769E-01  0.931E-01  0.870E-04
   9360.00  0.325E+00 -0.239E+00 -0.272E-03 -0.270E+02    295.175 -0.100E+01  0.772E-01  0.934E-01  0.874E-04
   9420.00  0.325E+00 -0.240E+00 -0.273E-03 -0.269E+02    295.215 -0.100E+01  0.774E-01  0.937E-01  0.878E-04
   9480.00  0.325E+00 -0.241E+00 -0.275E-03 -0.268E+02    295.255 -0.100E+01  0.776E-01  0.940E-01  0.881E-04
   9540.00  0.325E+00 -0.241E+00 -0.276E-03 -0.268E+02    295.295 -0.100E+01  0.778E-01  0.943E-01  0.885E-04
   9600.00  0.325E+00 -0.242E+00 -0.277E-03 -0.267E+02    295.335 -0.100E+01  0.781E-01  0.946E-01  0.889E-04
   9660.00  0.325E+00 -0.242E+00 -0.278E-03 -0.267E+02    295.373 -0.100E+01  0.783E-01  0.950E-01  0.893E-04
   9720.00  0.326E+00 -0.243E+00 -0.279E-03 -0.267E+02    295.412 -0.100E+01  0.786E-01  0.953E-01  0.897E-04
   9780.00  0.326E+00 -0.243E+00 -0.280E-03 -0.267E+02    295.449 -0.100E+01  0.788E-01  0.956E-01  0.902E-04
   9840.00  0.326E+00 -0.244E+00 -0.281E-03 -0.268E+02    295.486 -0.100E+01  0.790E-01  0.959E-01  0.906E-04
   9900.00  0.327E+00 -0.244E+00 -0.281E-03 -0.268E+02    295.522 -0.100E+01  0.792E-01  0.962E-01  0.910E-04
   9960.00  0.327E+00 -0.244E+00 -0.282E-03 -0.268E+02    295.559 -0.100E+01  0.794E-01  0.964E-01  0.913E-04
  10020.00  0.327E+00 -0.245E+00 -0.283E-03 -0.268E+02    295.595 -0.100E+01  0.796E-01  0.967E-01  0.917E-04
  10080.00  0.328E+00 -0.245E+00 -0.284E-03 -0.268E+02    295.632 -0.100E+01  0.798E-01  0.969E-01  0.921E-04
  10140.00  0.328E+00 -0.245E+00 -0.285E-03 -0.268E+02    295.669 -0.100E+01  0.799E-01  0.972E-01  0.925E-04
  10200.00  0.328E+00 -0.246E+00 -0.286E-03 -0.268E+02    295.706 -0.100E+01  0.801E-01  0.974E-01  0.929E-04
  10260.00  0.328E+00 -0.246E+00 -0.287E-03 -0.268E+02    295.743 -0.100E+01  0.803E-01  0.976E-01  0.932E-04
  10320.00  0.329E+00 -0.246E+00 -0.288E-03 -0.268E+02    295.780 -0.100E+01  0.805E-01  0.979E-01  0.937E-04
  10380.00  0.329E+00 -0.247E+00 -0.289E-03 -0.268E+02    295.816 -0.100E+01  0.807E-01  0.982E-01  0.941E-04
  10440.00  0.330E+00 -0.247E+00 -0.290E-03 -0.269E+02    295.851 -0.100E+01  0.809E-01  0.985E-01  0.945E-04
  10500.00  0.330E+00 -0.247E+00 -0.291E-03 -0.270E+02    295.884 -0.100E+01  0.811E-01  0.988E-01  0.950E-04
  10560.00  0.331E+00 -0.247E+00 -0.291E-03 -0.271E+02    295.916 -0.100E+01  0.813E-01  0.991E-01  0.954E-04
  10620.00  0.332E+00 -0.247E+00 -0.292E-03 -0.272E+02    295.947 -0.100E+01  0.815E-01  0.993E-01  0.958E-04
  10680.00  0.333E+00 -0.247E+00 -0.293E-03 -0.274E+02    295.977 -0.100E+01  0.816E-01  0.996E-01  0.963E-04
  10740.00  0.334E+00 -0.246E+00 -0.293E-03 -0.275E+02    296.007 -0.100E+01  0.817E-01  0.997E-01  0.967E-04
  10800.00  0.334E+00 -0.246E+00 -0.294E-03 -0.277E+02    296.036 -0.100E+01  0.818E-01  0.999E-01  0.971E-04
  10860.00  0.335E+00 -0.246E+00 -0.295E-03 -0.278E+02    296.066 -0.100E+01  0.818E-01  0.100E+00  0.975E-04
  10920.00  0.336E+00 -0.246E+00 -0.295E-03 -0.279E+02    296.095 -0.100E+01  0.819E-01  0.100E+00  0.980E-04
  10980.00  0.336E+00 -0.245E+00 -0.296E-03 -0.280E+02    296.125 -0.100E+01  0.819E-01  0.100E+00  0.984E-04
  11040.00  0.337E+00 -0.245E+00 -0.297E-03 -0.281E+02    296.154 -0.100E+01  0.820E-01  0.100E+00  0.989E-04
  11100.00  0.338E+00 -0.245E+00 -0.298E-03 -0.283E+02    296.182 -0.100E+01  0.821E-01  0.101E+00  0.993E-04
  11160.00  0.339E+00 -0.244E+00 -0.298E-03 -0.285E+02    296.209 -0.100E+01  0.822E-01  0.101E+00  0.998E-04
  11220.00  0.340E+00 -0.244E+00 -0.299E-03 -0.287E+02    296.235 -0.100E+01  0.822E-01  0.101E+00  0.100E-03
  11280.00  0.341E+00 -0.243E+00 -0.299E-03 -0.289E+02    296.261 -0.100E+01  0.822E-01  0.101E+00  0.101E-03
  11340.00  0.341E+00 -0.242E+00 -0.300E-03 -0.291E+02    296.286 -0.100E+01  0.821E-01  0.101E+00  0.101E-03
  11400.00  0.342E+00 -0.242E+00 -0.301E-03 -0.293E+02    296.311 -0.100E+01  0.821E-01  0.101E+00  0.102E-03
  11460.00  0.343E+00 -0.241E+00 -0.302E-03 -0.295E+02    296.336 -0.100E+01  0.821E-01  0.101E+00  0.102E-03
  11520.00  0.344E+00 -0.240E+00 -0.302E-03 -0.297E+02    296.361 -0.100E+01  0.821E-01  0.101E+00  0.103E-03
  11580.00  0.345E+00 -0.240E+00 -0.303E-03 -0.300E+02    296.384 -0.100E+01  0.821E-01  0.101E+00  0.103E-03
  11640.00  0.346E+00 -0.239E+00 -0.303E-03 -0.302E+02    296.407 -0.100E+01  0.821E-01  0.101E+00  0.104E-03
  11700.00  0.347E+00 -0.238E+00 -0.303E-03 -0.305E+02    296.430 -0.100E+01  0.821E-01  0.101E+00  0.104E-03
  11760.00  0.349E+00 -0.237E+00 -0.304E-03 -0.308E+02    296.451 -0.100E+01  0.821E-01  0.102E+00  0.105E-03
  11820.00  0.350E+00 -0.236E+00 -0.304E-03 -0.311E+02    296.471 -0.100E+01  0.820E-01  0.102E+00  0.105E-03
  11880.00  0.351E+00 -0.235E+00 -0.305E-03 -0.314E+02    296.491 -0.100E+01  0.820E-01  0.102E+00  0.106E-03
  11940.00  0.352E+00 -0.234E+00 -0.305E-03 -0.316E+02    296.511 -0.100E+01  0.819E-01  0.102E+00  0.106E-03
  12000.00  0.353E+00 -0.234E+00 -0.306E-03 -0.319E+02    296.529 -0.100E+01  0.818E-01  0.102E+00  0.107E-03
  12060.00  0.354E+00 -0.233E+00 -0.306E-03 -0.321E+02    296.548 -0.100E+01  0.816E-01  0.102E+00  0.107E-03
  12120.00  0.354E+00 -0.232E+00 -0.307E-03 -0.324E+02    296.566 -0.100E+01  0.815E-01  0.102E+00  0.108E-03
  12180.00  0.355E+00 -0.231E+00 -0.308E-03 -0.327E+02    296.583 -0.100E+01  0.814E-01  0.102E+00  0.108E-03
  12240.00  0.357E+00 -0.230E+00 -0.308E-03 -0.330E+02    296.600 -0.100E+01  0.813E-01  0.101E+00  0.109E-03
  12300.00  0.358E+00 -0.228E+00 -0.309E-03 -0.334E+02    296.616 -0.100E+01  0.812E-01  0.101E+00  0.109E-03
  12360.00  0.360E+00 -0.227E+00 -0.309E-03 -0.338E+02    296.629 -0.100E+01  0.810E-01  0.101E+00  0.110E-03
  12420.00  0.361E+00 -0.226E+00 -0.309E-03 -0.343E+02    296.641 -0.100E+01  0.809E-01  0.101E+00  0.110E-03
  12480.00  0.363E+00 -0.224E+00 -0.309E-03 -0.348E+02    296.653 -0.100E+01  0.807E-01  0.101E+00  0.111E-03
  12540.00  0.364E+00 -0.223E+00 -0.309E-03 -0.353E+02    296.663 -0.100E+01  0.805E-01  0.101E+00  0.111E-03
  12600.00  0.366E+00 -0.221E+00 -0.310E-03 -0.357E+02    296.674 -0.100E+01  0.803E-01  0.101E+00  0.112E-03
  12660.00  0.367E+00 -0.220E+00 -0.310E-03 -0.361E+02    296.684 -0.100E+01  0.800E-01  0.101E+00  0.112E-03
  12720.00  0.368E+00 -0.218E+00 -0.311E-03 -0.366E+02    296.695 -0.100E+01  0.797E-01  0.101E+00  0.113E-03
  12780.00  0.369E+00 -0.217E+00 -0.311E-03 -0.370E+02    296.705 -0.100E+01  0.795E-01  0.101E+00  0.114E-03
  12840.00  0.370E+00 -0.216E+00 -0.312E-03 -0.374E+02    296.715 -0.100E+01  0.792E-01  0.100E+00  0.114E-03
  12900.00  0.371E+00 -0.214E+00 -0.312E-03 -0.378E+02    296.725 -0.100E+01  0.789E-01  0.100E+00  0.115E-03
  12960.00  0.373E+00 -0.213E+00 -0.313E-03 -0.382E+02    296.735 -0.100E+01  0.787E-01  0.100E+00  0.115E-03
  13020.00  0.374E+00 -0.211E+00 -0.313E-03 -0.386E+02    296.743 -0.100E+01  0.784E-01  0.999E-01  0.116E-03
  13080.00  0.375E+00 -0.210E+00 -0.314E-03 -0.391E+02    296.750 -0.100E+01  0.782E-01  0.997E-01  0.116E-03
  13140.00  0.377E+00 -0.209E+00 -0.314E-03 -0.396E+02    296.756 -0.100E+01  0.779E-01  0.996E-01  0.117E-03
  13200.00  0.378E+00 -0.207E+00 -0.314E-03 -0.402E+02    296.761 -0.100E+01  0.777E-01  0.995E-01  0.117E-03
  13260.00  0.380E+00 -0.205E+00 -0.314E-03 -0.408E+02    296.764 -0.100E+01  0.776E-01  0.994E-01  0.118E-03
  13320.00  0.382E+00 -0.204E+00 -0.314E-03 -0.415E+02    296.766 -0.100E+01  0.774E-01  0.993E-01  0.119E-03
  13380.00  0.384E+00 -0.202E+00 -0.314E-03 -0.422E+02    296.765 -0.100E+01  0.771E-01  0.991E-01  0.119E-03
  13440.00  0.386E+00 -0.200E+00 -0.314E-03 -0.429E+02    296.764 -0.100E+01  0.767E-01  0.989E-01  0.120E-03
  13500.00  0.388E+00 -0.198E+00 -0.314E-03 -0.437E+02    296.762 -0.100E+01  0.763E-01  0.986E-01  0.120E-03
  13560.00  0.390E+00 -0.196E+00 -0.314E-03 -0.444E+02    296.760 -0.100E+01  0.759E-01  0.983E-01  0.121E-03
  13620.00  0.392E+00 -0.194E+00 -0.314E-03 -0.451E+02    296.758 -0.100E+01  0.755E-01  0.980E-01  0.122E-03
  13680.00  0.393E+00 -0.193E+00 -0.314E-03 -0.457E+02    296.757 -0.100E+01  0.751E-01  0.977E-01  0.122E-03
  13740.00  0.394E+00 -0.191E+00 -0.315E-03 -0.462E+02    296.757 -0.100E+01  0.747E-01  0.973E-01  0.123E-03
  13800.00  0.395E+00 -0.190E+00 -0.315E-03 -0.467E+02    296.758 -0.100E+01  0.743E-01  0.970E-01  0.123E-03
  13860.00  0.396E+00 -0.188E+00 -0.316E-03 -0.471E+02    296.761 -0.100E+01  0.740E-01  0.968E-01  0.123E-03
  13920.00  0.396E+00 -0.187E+00 -0.316E-03 -0.475E+02    296.765 -0.100E+01  0.737E-01  0.966E-01  0.124E-03
  13980.00  0.397E+00 -0.186E+00 -0.317E-03 -0.479E+02    296.767 -0.100E+01  0.734E-01  0.964E-01  0.124E-03
  14040.00  0.399E+00 -0.185E+00 -0.318E-03 -0.484E+02    296.769 -0.100E+01  0.731E-01  0.962E-01  0.125E-03
  14100.00  0.400E+00 -0.184E+00 -0.318E-03 -0.489E+02    296.769 -0.100E+01  0.729E-01  0.960E-01  0.126E-03
  14160.00  0.401E+00 -0.182E+00 -0.318E-03 -0.495E+02    296.769 -0.100E+01  0.726E-01  0.958E-01  0.126E-03
  14220.00  0.402E+00 -0.181E+00 -0.319E-03 -0.501E+02    296.768 -0.100E+01  0.723E-01  0.956E-01  0.127E-03
  14280.00  0.404E+00 -0.180E+00 -0.319E-03 -0.507E+02    296.767 -0.100E+01  0.720E-01  0.954E-01  0.127E-03
  14340.00  0.406E+00 -0.178E+00 -0.319E-03 -0.514E+02    296.765 -0.100E+01  0.717E-01  0.952E-01  0.128E-03
  14400.00  0.407E+00 -0.177E+00 -0.319E-03 -0.521E+02    296.763 -0.100E+01  0.714E-01  0.950E-01  0.128E-03
  14460.00  0.408E+00 -0.176E+00 -0.319E-03 -0.527E+02    296.761 -0.100E+01  0.710E-01  0.947E-01  0.129E-03
  14520.00  0.409E+00 -0.174E+00 -0.319E-03 -0.532E+02    296.760 -0.100E+01  0.707E-01  0.945E-01  0.129E-03
  14580.00  0.409E+00 -0.173E+00 -0.320E-03 -0.536E+02    296.761 -0.100E+01  0.704E-01  0.942E-01  0.129E-03
  14640.00  0.410E+00 -0.173E+00 -0.320E-03 -0.539E+02    296.763 -0.100E+01  0.701E-01  0.940E-01  0.130E-03
  14700.00  0.410E+00 -0.172E+00 -0.321E-03 -0.542E+02    296.768 -0.100E+01  0.699E-01  0.939E-01  0.130E-03
  14760.00  0.411E+00 -0.171E+00 -0.321E-03 -0.546E+02    296.772 -0.100E+01  0.698E-01  0.938E-01  0.130E-03
  14820.00  0.412E+00 -0.171E+00 -0.321E-03 -0.550E+02    296.776 -0.100E+01  0.698E-01  0.938E-01  0.131E-03
  14880.00  0.414E+00 -0.170E+00 -0.321E-03 -0.555E+02    296.780 -0.100E+01  0.697E-01  0.938E-01  0.131E-03
  14940.00  0.415E+00 -0.169E+00 -0.321E-03 -0.559E+02    296.783 -0.100E+01  0.696E-01  0.938E-01  0.131E-03
  15000.00  0.416E+00 -0.169E+00 -0.321E-03 -0.563E+02    296.786 -0.100E+01  0.695E-01  0.938E-01  0.132E-03
  15060.00  0.417E+00 -0.168E+00 -0.321E-03 -0.568E+02    296.788 -0.100E+01  0.694E-01  0.937E-01  0.132E-03
  15120.00  0.418E+00 -0.167E+00 -0.321E-03 -0.574E+02    296.789 -0.100E+01  0.693E-01  0.937E-01  0.133E-03
  15180.00  0.419E+00 -0.166E+00 -0.321E-03 -0.579E+02    296.790 -0.100E+01  0.691E-01  0.936E-01  0.133E-03
  15240.00  0.420E+00 -0.165E+00 -0.321E-03 -0.584E+02    296.790 -0.100E+01  0.689E-01  0.935E-01  0.133E-03
  15300.00  0.421E+00 -0.165E+00 -0.321E-03 -0.587E+02    296.792 -0.100E+01  0.687E-01  0.933E-01  0.134E-03
  15360.00  0.421E+00 -0.164E+00 -0.322E-03 -0.588E+02    296.796 -0.100E+01  0.685E-01  0.932E-01  0.134E-03
  15420.00  0.421E+00 -0.164E+00 -0.323E-03 -0.588E+02    296.802 -0.100E+01  0.683E-01  0.930E-01  0.134E-03
  15480.00  0.420E+00 -0.163E+00 -0.323E-03 -0.588E+02    296.810 -0.100E+01  0.682E-01  0.929E-01  0.134E-03
  15540.00  0.420E+00 -0.163E+00 -0.324E-03 -0.588E+02    296.817 -0.100E+01  0.681E-01  0.929E-01  0.135E-03
  15600.00  0.421E+00 -0.163E+00 -0.325E-03 -0.588E+02    296.824 -0.100E+01  0.680E-01  0.929E-01  0.135E-03
  15660.00  0.421E+00 -0.163E+00 -0.326E-03 -0.590E+02    296.829 -0.100E+01  0.679E-01  0.928E-01  0.136E-03
  15720.00  0.422E+00 -0.162E+00 -0.326E-03 -0.593E+02    296.832 -0.100E+01  0.677E-01  0.927E-01  0.136E-03
  15780.00  0.422E+00 -0.161E+00 -0.327E-03 -0.596E+02    296.835 -0.100E+01  0.675E-01  0.926E-01  0.136E-03
  15840.00  0.423E+00 -0.160E+00 -0.327E-03 -0.599E+02    296.838 -0.100E+01  0.673E-01  0.924E-01  0.137E-03
  15900.00  0.423E+00 -0.160E+00 -0.328E-03 -0.602E+02    296.840 -0.100E+01  0.670E-01  0.922E-01  0.137E-03
  15960.00  0.424E+00 -0.159E+00 -0.329E-03 -0.605E+02    296.841 -0.100E+01  0.668E-01  0.920E-01  0.138E-03
  16020.00  0.424E+00 -0.158E+00 -0.330E-03 -0.608E+02    296.840 -0.100E+01  0.664E-01  0.918E-01  0.138E-03
  16080.00  0.424E+00 -0.157E+00 -0.331E-03 -0.612E+02    296.838 -0.100E+01  0.661E-01  0.915E-01  0.138E-03
  16140.00  0.425E+00 -0.156E+00 -0.331E-03 -0.615E+02    296.835 -0.100E+01  0.657E-01  0.912E-01  0.139E-03
  16200.00  0.425E+00 -0.155E+00 -0.332E-03 -0.619E+02    296.832 -0.100E+01  0.653E-01  0.909E-01  0.139E-03
  16260.00  0.426E+00 -0.154E+00 -0.333E-03 -0.623E+02    296.829 -0.100E+01  0.650E-01  0.906E-01  0.140E-03
  16320.00  0.426E+00 -0.153E+00 -0.333E-03 -0.626E+02    296.825 -0.100E+01  0.646E-01  0.903E-01  0.140E-03
  16380.00  0.427E+00 -0.152E+00 -0.334E-03 -0.630E+02    296.821 -0.100E+01  0.642E-01  0.900E-01  0.141E-03
  16440.00  0.427E+00 -0.151E+00 -0.335E-03 -0.633E+02    296.816 -0.100E+01  0.638E-01  0.897E-01  0.141E-03
  16500.00  0.428E+00 -0.150E+00 -0.336E-03 -0.638E+02    296.810 -0.100E+01  0.633E-01  0.893E-01  0.142E-03
  16560.00  0.428E+00 -0.149E+00 -0.336E-03 -0.643E+02    296.805 -0.100E+01  0.629E-01  0.890E-01  0.142E-03
  16620.00  0.429E+00 -0.148E+00 -0.336E-03 -0.649E+02    296.799 -0.100E+01  0.626E-01  0.887E-01  0.142E-03
  16680.00  0.431E+00 -0.146E+00 -0.337E-03 -0.656E+02    296.792 -0.100E+01  0.623E-01  0.884E-01  0.143E-03
  16740.00  0.432E+00 -0.145E+00 -0.337E-03 -0.664E+02    296.784 -0.100E+01  0.619E-01  0.882E-01  0.143E-03
  16800.00  0.433E+00 -0.144E+00 -0.337E-03 -0.671E+02    296.776 -0.100E+01  0.616E-01  0.879E-01  0.144E-03
  16860.00  0.434E+00 -0.143E+00 -0.337E-03 -0.677E+02    296.768 -0.100E+01  0.612E-01  0.876E-01  0.144E-03
  16920.00  0.435E+00 -0.142E+00 -0.337E-03 -0.683E+02    296.760 -0.100E+01  0.608E-01  0.873E-01  0.144E-03
  16980.00  0.435E+00 -0.141E+00 -0.337E-03 -0.688E+02    296.753 -0.100E+01  0.605E-01  0.870E-01  0.145E-03
  17040.00  0.436E+00 -0.140E+00 -0.338E-03 -0.692E+02    296.746 -0.100E+01  0.602E-01  0.867E-01  0.145E-03
  17100.00  0.436E+00 -0.139E+00 -0.338E-03 -0.696E+02    296.741 -0.100E+01  0.599E-01  0.865E-01  0.145E-03
  17160.00  0.436E+00 -0.139E+00 -0.339E-03 -0.697E+02    296.738 -0.100E+01  0.596E-01  0.862E-01  0.145E-03
  17220.00  0.435E+00 -0.138E+00 -0.339E-03 -0.698E+02    296.737 -0.100E+01  0.594E-01  0.860E-01  0.146E-03
  17280.00  0.435E+00 -0.138E+00 -0.340E-03 -0.696E+02    296.739 -0.100E+01  0.592E-01  0.859E-01  0.146E-03
  17340.00  0.435E+00 -0.138E+00 -0.341E-03 -0.695E+02    296.744 -0.100E+01  0.591E-01  0.858E-01  0.146E-03
  17400.00  0.435E+00 -0.138E+00 -0.341E-03 -0.695E+02    296.749 -0.100E+01  0.591E-01  0.858E-01  0.146E-03
  17460.00  0.435E+00 -0.138E+00 -0.342E-03 -0.695E+02    296.754 -0.100E+01  0.591E-01  0.859E-01  0.146E-03
  17520.00  0.435E+00 -0.138E+00 -0.342E-03 -0.695E+02    296.759 -0.100E+01  0.591E-01  0.859E-01  0.146E-03
  17580.00  0.435E+00 -0.138E+00 -0.342E-03 -0.696E+02    296.765 -0.100E+01  0.592E-01  0.860E-01  0.146E-03
  17640.00  0.435E+00 -0.138E+00 -0.342E-03 -0.697E+02    296.771 -0.100E+01  0.593E-01  0.861E-01  0.147E-03
  17700.00  0.436E+00 -0.138E+00 -0.342E-03 -0.698E+02    296.777 -0.100E+01  0.594E-01  0.862E-01  0.147E-03
  17760.00  0.436E+00 -0.138E+00 -0.342E-03 -0.699E+02    296.782 -0.100E+01  0.594E-01  0.863E-01  0.147E-03
  17820.00  0.436E+00 -0.138E+00 -0.342E-03 -0.699E+02    296.787 -0.100E+01  0.595E-01  0.864E-01  0.147E-03
  17880.00  0.436E+00 -0.138E+00 -0.342E-03 -0.698E+02    296.793 -0.100E+01  0.596E-01  0.865E-01  0.147E-03
  17940.00  0.437E+00 -0.139E+00 -0.342E-03 -0.697E+02    296.799 -0.100E+01  0.597E-01  0.866E-01  0.147E-03
  18000.00  0.437E+00 -0.139E+00 -0.342E-03 -0.697E+02    296.805 -0.100E+01  0.599E-01  0.868E-01  0.147E-03
  18060.00  0.437E+00 -0.139E+00 -0.342E-03 -0.696E+02    296.812 -0.100E+01  0.600E-01  0.870E-01  0.147E-03
  18120.00  0.437E+00 -0.139E+00 -0.341E-03 -0.695E+02    296.821 -0.100E+01  0.602E-01  0.871E-01  0.147E-03
  18180.00  0.437E+00 -0.140E+00 -0.341E-03 -0.693E+02    296.831 -0.100E+01  0.605E-01  0.874E-01  0.147E-03
  18240.00  0.437E+00 -0.141E+00 -0.341E-03 -0.691E+02    296.842 -0.100E+01  0.607E-01  0.876E-01  0.147E-03
  18300.00  0.437E+00 -0.141E+00 -0.341E-03 -0.689E+02    296.854 -0.100E+01  0.610E-01  0.879E-01  0.147E-03
  18360.00  0.437E+00 -0.142E+00 -0.341E-03 -0.687E+02    296.865 -0.100E+01  0.613E-01  0.882E-01  0.147E-03
  18420.00  0.437E+00 -0.142E+00 -0.341E-03 -0.685E+02    296.877 -0.100E+01  0.616E-01  0.885E-01  0.147E-03
  18480.00  0.437E+00 -0.143E+00 -0.341E-03 -0.683E+02    296.889 -0.100E+01  0.618E-01  0.887E-01  0.147E-03
  18540.00  0.437E+00 -0.144E+00 -0.341E-03 -0.679E+02    296.902 -0.100E+01  0.621E-01  0.890E-01  0.147E-03
  18600.00  0.436E+00 -0.144E+00 -0.341E-03 -0.674E+02    296.916 -0.100E+01  0.623E-01  0.892E-01  0.147E-03
  18660.00  0.436E+00 -0.145E+00 -0.342E-03 -0.670E+02    296.931 -0.100E+01  0.626E-01  0.895E-01  0.147E-03
  18720.00  0.435E+00 -0.146E+00 -0.342E-03 -0.666E+02    296.945 -0.100E+01  0.629E-01  0.898E-01  0.146E-03
  18780.00  0.435E+00 -0.147E+00 -0.342E-03 -0.662E+02    296.959 -0.100E+01  0.632E-01  0.901E-01  0.146E-03
  18840.00  0.435E+00 -0.148E+00 -0.343E-03 -0.658E+02    296.972 -0.100E+01  0.634E-01  0.903E-01  0.146E-03
  18900.00  0.434E+00 -0.148E+00 -0.343E-03 -0.655E+02    296.985 -0.100E+01  0.637E-01  0.905E-01  0.146E-03
  18960.00  0.434E+00 -0.149E+00 -0.343E-03 -0.651E+02    296.998 -0.100E+01  0.638E-01  0.907E-01  0.146E-03
  19020.00  0.433E+00 -0.150E+00 -0.344E-03 -0.648E+02    297.011 -0.100E+01  0.640E-01  0.909E-01  0.146E-03
  19080.00  0.433E+00 -0.150E+00 -0.344E-03 -0.645E+02    297.023 -0.100E+01  0.642E-01  0.911E-01  0.146E-03
  19140.00  0.432E+00 -0.151E+00 -0.344E-03 -0.641E+02    297.035 -0.100E+01  0.645E-01  0.913E-01  0.146E-03
  19200.00  0.432E+00 -0.151E+00 -0.345E-03 -0.639E+02    297.046 -0.100E+01  0.647E-01  0.915E-01  0.146E-03
  19260.00  0.432E+00 -0.152E+00 -0.345E-03 -0.637E+02    297.056 -0.100E+01  0.648E-01  0.917E-01  0.146E-03
  19320.00  0.432E+00 -0.152E+00 -0.345E-03 -0.635E+02    297.065 -0.100E+01  0.650E-01  0.919E-01  0.147E-03
  19380.00  0.432E+00 -0.153E+00 -0.345E-03 -0.634E+02    297.073 -0.100E+01  0.651E-01  0.920E-01  0.147E-03
  19440.00  0.432E+00 -0.153E+00 -0.345E-03 -0.633E+02    297.080 -0.100E+01  0.652E-01  0.921E-01  0.147E-03
  19500.00  0.432E+00 -0.153E+00 -0.345E-03 -0.633E+02    297.086 -0.100E+01  0.653E-01  0.923E-01  0.147E-03
  19560.00  0.432E+00 -0.153E+00 -0.345E-03 -0.634E+02    297.092 -0.100E+01  0.654E-01  0.924E-01  0.147E-03
  19620.00  0.432E+00 -0.153E+00 -0.345E-03 -0.634E+02    297.097 -0.100E+01  0.655E-01  0.924E-01  0.147E-03
  19680.00  0.432E+00 -0.153E+00 -0.345E-03 -0.633E+02    297.102 -0.100E+01  0.656E-01  0.925E-01  0.147E-03
  19740.00  0.432E+00 -0.153E+00 -0.345E-03 -0.632E+02    297.107 -0.100E+01  0.656E-01  0.926E-01  0.147E-03
  19800.00  0.432E+00 -0.154E+00 -0.345E-03 -0.631E+02    297.112 -0.100E+01  0.656E-01  0.926E-01  0.147E-03
  19860.00  0.433E+00 -0.154E+00 -0.345E-03 -0.631E+02    297.117 -0.100E+01  0.657E-01  0.927E-01  0.147E-03
  19920.00  0.433E+00 -0.154E+00 -0.345E-03 -0.632E+02    297.121 -0.100E+01  0.657E-01  0.927E-01  0.147E-03
  19980.00  0.433E+00 -0.154E+00 -0.345E-03 -0.634E+02    297.125 -0.100E+01  0.658E-01  0.927E-01  0.147E-03
  20040.00  0.434E+00 -0.153E+00 -0.345E-03 -0.636E+02    297.128 -0.100E+01  0.658E-01  0.928E-01  0.147E-03
  20100.00  0.434E+00 -0.153E+00 -0.344E-03 -0.638E+02    297.131 -0.100E+01  0.658E-01  0.928E-01  0.147E-03
  20160.00  0.434E+00 -0.153E+00 -0.344E-03 -0.639E+02    297.133 -0.100E+01  0.658E-01  0.928E-01  0.147E-03
  20220.00  0.434E+00 -0.153E+00 -0.344E-03 -0.638E+02    297.135 -0.100E+01  0.658E-01  0.928E-01  0.147E-03
  20280.00  0.434E+00 -0.153E+00 -0.345E-03 -0.638E+02    297.137 -0.100E+01  0.657E-01  0.927E-01  0.147E-03
  20340.00  0.434E+00 -0.153E+00 -0.345E-03 -0.637E+02    297.140 -0.100E+01  0.657E-01  0.927E-01  0.147E-03
  20400.00  0.434E+00 -0.153E+00 -0.345E-03 -0.637E+02    297.144 -0.100E+01  0.656E-01  0.926E-01  0.147E-03
  20460.00  0.434E+00 -0.153E+00 -0.345E-03 -0.637E+02    297.147 -0.100E+01  0.656E-01  0.926E-01  0.147E-03
  20520.00  0.434E+00 -0.153E+00 -0.345E-03 -0.636E+02    297.151 -0.100E+01  0.656E-01  0.926E-01  0.147E-03
  20580.00  0.434E+00 -0.153E+00 -0.345E-03 -0.637E+02    297.154 -0.100E+01  0.655E-01  0.926E-01  0.147E-03
  20640.00  0.434E+00 -0.153E+00 -0.345E-03 -0.638E+02    297.157 -0.100E+01  0.655E-01  0.925E-01  0.147E-03
  20700.00  0.434E+00 -0.153E+00 -0.345E-03 -0.638E+02    297.160 -0.100E+01  0.654E-01  0.925E-01  0.147E-03
  20760.00  0.434E+00 -0.152E+00 -0.345E-03 -0.639E+02    297.163 -0.100E+01  0.654E-01  0.924E-01  0.147E-03
  20820.00  0.434E+00 -0.152E+00 -0.345E-03 -0.641E+02    297.166 -0.100E+01  0.653E-01  0.924E-01  0.147E-03
  20880.00  0.434E+00 -0.152E+00 -0.345E-03 -0.642E+02    297.169 -0.100E+01  0.652E-01  0.923E-01  0.147E-03
  20940.00  0.434E+00 -0.152E+00 -0.345E-03 -0.643E+02    297.172 -0.100E+01  0.652E-01  0.923E-01  0.147E-03
  21000.00  0.434E+00 -0.152E+00 -0.345E-03 -0.645E+02    297.174 -0.100E+01  0.652E-01  0.922E-01  0.147E-03
  21060.00  0.435E+00 -0.152E+00 -0.344E-03 -0.647E+02    297.174 -0.100E+01  0.652E-01  0.922E-01  0.147E-03
  21120.00  0.436E+00 -0.151E+00 -0.344E-03 -0.650E+02    297.174 -0.100E+01  0.651E-01  0.922E-01  0.147E-03
  21180.00  0.436E+00 -0.151E+00 -0.344E-03 -0.652E+02    297.172 -0.100E+01  0.650E-01  0.921E-01  0.147E-03
  21240.00  0.436E+00 -0.150E+00 -0.344E-03 -0.654E+02    297.172 -0.100E+01  0.649E-01  0.920E-01  0.147E-03
  21300.00  0.436E+00 -0.150E+00 -0.344E-03 -0.655E+02    297.172 -0.100E+01  0.648E-01  0.919E-01  0.147E-03
  21360.00  0.436E+00 -0.150E+00 -0.344E-03 -0.656E+02    297.173 -0.100E+01  0.647E-01  0.918E-01  0.147E-03
  21420.00  0.436E+00 -0.150E+00 -0.344E-03 -0.656E+02    297.175 -0.100E+01  0.646E-01  0.917E-01  0.147E-03
  21480.00  0.436E+00 -0.150E+00 -0.344E-03 -0.655E+02    297.177 -0.100E+01  0.645E-01  0.916E-01  0.147E-03
  21540.00  0.436E+00 -0.150E+00 -0.344E-03 -0.655E+02    297.179 -0.100E+01  0.645E-01  0.916E-01  0.147E-03
  21600.00  0.436E+00 -0.150E+00 -0.344E-03 -0.656E+02    297.181 -0.100E+01  0.645E-01  0.915E-01  0.147E-03
  21660.00  0.436E+00 -0.149E+00 -0.343E-03 -0.657E+02    297.181 -0.100E+01  0.644E-01  0.915E-01  0.147E-03
  21720.00  0.437E+00 -0.149E+00 -0.343E-03 -0.659E+02    297.180 -0.100E+01  0.644E-01  0.914E-01  0.147E-03
  21780.00  0.437E+00 -0.149E+00 -0.343E-03 -0.663E+02    297.178 -0.100E+01  0.643E-01  0.914E-01  0.147E-03
  21840.00  0.438E+00 -0.148E+00 -0.342E-03 -0.665E+02    297.175 -0.100E+01  0.642E-01  0.913E-01  0.147E-03
  21900.00  0.438E+00 -0.148E+00 -0.342E-03 -0.667E+02    297.173 -0.100E+01  0.641E-01  0.912E-01  0.147E-03
  21960.00  0.438E+00 -0.148E+00 -0.342E-03 -0.668E+02    297.172 -0.100E+01  0.640E-01  0.910E-01  0.147E-03
  22020.00  0.438E+00 -0.147E+00 -0.342E-03 -0.668E+02    297.171 -0.100E+01  0.639E-01  0.909E-01  0.147E-03
  22080.00  0.438E+00 -0.147E+00 -0.342E-03 -0.668E+02    297.169 -0.100E+01  0.638E-01  0.908E-01  0.147E-03
  22140.00  0.437E+00 -0.147E+00 -0.342E-03 -0.668E+02    297.168 -0.100E+01  0.636E-01  0.907E-01  0.147E-03
  22200.00  0.437E+00 -0.147E+00 -0.342E-03 -0.668E+02    297.168 -0.100E+01  0.635E-01  0.905E-01  0.147E-03
  22260.00  0.437E+00 -0.146E+00 -0.341E-03 -0.669E+02    297.169 -0.100E+01  0.634E-01  0.904E-01  0.147E-03
  22320.00  0.437E+00 -0.146E+00 -0.341E-03 -0.671E+02    297.170 -0.100E+01  0.633E-01  0.903E-01  0.147E-03
  22380.00  0.438E+00 -0.146E+00 -0.341E-03 -0.674E+02    297.171 -0.100E+01  0.632E-01  0.902E-01  0.147E-03
  22440.00  0.438E+00 -0.146E+00 -0.341E-03 -0.676E+02    297.170 -0.100E+01  0.631E-01  0.901E-01  0.147E-03
  22500.00  0.438E+00 -0.145E+00 -0.341E-03 -0.678E+02    297.170 -0.100E+01  0.630E-01  0.900E-01  0.147E-03
  22560.00  0.438E+00 -0.145E+00 -0.340E-03 -0.681E+02    297.170 -0.100E+01  0.629E-01  0.898E-01  0.147E-03
  22620.00  0.439E+00 -0.145E+00 -0.340E-03 -0.683E+02    297.169 -0.100E+01  0.628E-01  0.897E-01  0.147E-03
  22680.00  0.439E+00 -0.144E+00 -0.340E-03 -0.685E+02    297.169 -0.100E+01  0.627E-01  0.896E-01  0.147E-03
  22740.00  0.439E+00 -0.144E+00 -0.339E-03 -0.687E+02    297.167 -0.100E+01  0.626E-01  0.895E-01  0.147E-03
  22800.00  0.440E+00 -0.144E+00 -0.339E-03 -0.690E+02    297.166 -0.100E+01  0.625E-01  0.894E-01  0.147E-03
  22860.00  0.440E+00 -0.143E+00 -0.339E-03 -0.693E+02    297.163 -0.100E+01  0.624E-01  0.893E-01  0.147E-03
  22920.00  0.440E+00 -0.143E+00 -0.338E-03 -0.694E+02    297.161 -0.100E+01  0.622E-01  0.891E-01  0.147E-03
  22980.00  0.440E+00 -0.143E+00 -0.338E-03 -0.694E+02    297.160 -0.100E+01  0.620E-01  0.889E-01  0.146E-03
  23040.00  0.439E+00 -0.142E+00 -0.339E-03 -0.693E+02    297.160 -0.100E+01  0.619E-01  0.887E-01  0.146E-03
  23100.00  0.439E+00 -0.142E+00 -0.339E-03 -0.691E+02    297.160 -0.100E+01  0.618E-01  0.886E-01  0.146E-03
  23160.00  0.438E+00 -0.142E+00 -0.339E-03 -0.691E+02    297.161 -0.100E+01  0.616E-01  0.885E-01  0.146E-03
  23220.00  0.438E+00 -0.142E+00 -0.339E-03 -0.691E+02    297.161 -0.100E+01  0.615E-01  0.883E-01  0.146E-03
  23280.00  0.438E+00 -0.142E+00 -0.338E-03 -0.691E+02    297.160 -0.100E+01  0.614E-01  0.882E-01  0.146E-03
  23340.00  0.438E+00 -0.141E+00 -0.338E-03 -0.692E+02    297.159 -0.100E+01  0.613E-01  0.881E-01  0.146E-03
  23400.00  0.439E+00 -0.141E+00 -0.338E-03 -0.694E+02    297.155 -0.100E+01  0.612E-01  0.880E-01  0.146E-03
  23460.00  0.439E+00 -0.140E+00 -0.337E-03 -0.697E+02    297.151 -0.100E+01  0.611E-01  0.879E-01  0.146E-03
  23520.00  0.439E+00 -0.140E+00 -0.337E-03 -0.700E+02    297.147 -0.100E+01  0.609E-01  0.877E-01  0.146E-03
  23580.00  0.440E+00 -0.139E+00 -0.337E-03 -0.703E+02    297.143 -0.100E+01  0.607E-01  0.875E-01  0.146E-03
  23640.00  0.440E+00 -0.139E+00 -0.336E-03 -0.705E+02    297.139 -0.100E+01  0.605E-01  0.872E-01  0.146E-03
  23700.00  0.439E+00 -0.139E+00 -0.336E-03 -0.706E+02    297.137 -0.100E+01  0.603E-01  0.870E-01  0.146E-03
  23760.00  0.439E+00 -0.138E+00 -0.336E-03 -0.706E+02    297.134 -0.100E+01  0.601E-01  0.868E-01  0.146E-03
  23820.00  0.439E+00 -0.138E+00 -0.336E-03 -0.708E+02    297.132 -0.100E+01  0.600E-01  0.866E-01  0.145E-03
  23880.00  0.439E+00 -0.138E+00 -0.336E-03 -0.710E+02    297.129 -0.100E+01  0.598E-01  0.865E-01  0.145E-03
  23940.00  0.439E+00 -0.137E+00 -0.336E-03 -0.712E+02    297.127 -0.100E+01  0.596E-01  0.863E-01  0.145E-03
  24000.00  0.439E+00 -0.137E+00 -0.335E-03 -0.714E+02    297.124 -0.100E+01  0.594E-01  0.861E-01  0.145E-03
  24060.00  0.439E+00 -0.136E+00 -0.335E-03 -0.716E+02    297.121 -0.100E+01  0.593E-01  0.859E-01  0.145E-03
  24120.00  0.439E+00 -0.136E+00 -0.335E-03 -0.718E+02    297.119 -0.100E+01  0.591E-01  0.857E-01  0.145E-03
  24180.00  0.440E+00 -0.136E+00 -0.335E-03 -0.720E+02    297.117 -0.100E+01  0.589E-01  0.855E-01  0.145E-03
  24240.00  0.440E+00 -0.135E+00 -0.334E-03 -0.723E+02    297.114 -0.100E+01  0.587E-01  0.853E-01  0.145E-03
  24300.00  0.440E+00 -0.135E+00 -0.334E-03 -0.727E+02    297.110 -0.100E+01  0.586E-01  0.851E-01  0.145E-03
  24360.00  0.441E+00 -0.134E+00 -0.333E-03 -0.732E+02    297.106 -0.100E+01  0.584E-01  0.849E-01  0.145E-03
  24420.00  0.441E+00 -0.133E+00 -0.332E-03 -0.736E+02    297.101 -0.100E+01  0.582E-01  0.847E-01  0.145E-03
  24480.00  0.442E+00 -0.133E+00 -0.332E-03 -0.740E+02    297.095 -0.100E+01  0.580E-01  0.845E-01  0.144E-03
  24540.00  0.442E+00 -0.132E+00 -0.332E-03 -0.742E+02    297.090 -0.100E+01  0.577E-01  0.842E-01  0.144E-03
  24600.00  0.441E+00 -0.132E+00 -0.332E-03 -0.743E+02    297.086 -0.100E+01  0.575E-01  0.839E-01  0.144E-03
  24660.00  0.441E+00 -0.131E+00 -0.332E-03 -0.744E+02    297.082 -0.100E+01  0.573E-01  0.837E-01  0.144E-03
  24720.00  0.441E+00 -0.131E+00 -0.332E-03 -0.746E+02    297.079 -0.100E+01  0.570E-01  0.834E-01  0.144E-03
  24780.00  0.441E+00 -0.130E+00 -0.331E-03 -0.748E+02    297.075 -0.100E+01  0.568E-01  0.832E-01  0.144E-03
  24840.00  0.441E+00 -0.130E+00 -0.331E-03 -0.750E+02    297.071 -0.100E+01  0.567E-01  0.830E-01  0.144E-03
  24900.00  0.441E+00 -0.129E+00 -0.331E-03 -0.752E+02    297.066 -0.100E+01  0.565E-01  0.828E-01  0.144E-03
  24960.00  0.441E+00 -0.129E+00 -0.331E-03 -0.753E+02    297.061 -0.100E+01  0.562E-01  0.825E-01  0.144E-03
  25020.00  0.441E+00 -0.128E+00 -0.330E-03 -0.755E+02    297.055 -0.100E+01  0.560E-01  0.823E-01  0.143E-03
  25080.00  0.441E+00 -0.128E+00 -0.330E-03 -0.757E+02    297.049 -0.100E+01  0.558E-01  0.820E-01  0.143E-03
  25140.00  0.441E+00 -0.127E+00 -0.330E-03 -0.760E+02    297.042 -0.100E+01  0.555E-01  0.818E-01  0.143E-03
  25200.00  0.441E+00 -0.127E+00 -0.330E-03 -0.762E+02    297.036 -0.100E+01  0.553E-01  0.815E-01  0.143E-03
  25260.00  0.441E+00 -0.126E+00 -0.329E-03 -0.765E+02    297.029 -0.100E+01  0.550E-01  0.812E-01  0.143E-03
  25320.00  0.441E+00 -0.125E+00 -0.329E-03 -0.769E+02    297.023 -0.100E+01  0.547E-01  0.809E-01  0.143E-03
  25380.00  0.441E+00 -0.125E+00 -0.329E-03 -0.772E+02    297.017 -0.100E+01  0.544E-01  0.806E-01  0.143E-03
  25440.00  0.440E+00 -0.124E+00 -0.328E-03 -0.775E+02    297.011 -0.100E+01  0.542E-01  0.803E-01  0.143E-03
  25500.00  0.441E+00 -0.124E+00 -0.328E-03 -0.778E+02    297.006 -0.100E+01  0.539E-01  0.800E-01  0.142E-03
  25560.00  0.441E+00 -0.123E+00 -0.328E-03 -0.780E+02    297.000 -0.100E+01  0.537E-01  0.797E-01  0.142E-03
  25620.00  0.440E+00 -0.123E+00 -0.328E-03 -0.782E+02    296.995 -0.100E+01  0.534E-01  0.794E-01  0.142E-03
  25680.00  0.440E+00 -0.122E+00 -0.328E-03 -0.783E+02    296.990 -0.100E+01  0.531E-01  0.791E-01  0.142E-03
  25740.00  0.439E+00 -0.122E+00 -0.327E-03 -0.783E+02    296.985 -0.100E+01  0.529E-01  0.788E-01  0.142E-03
  25800.00  0.439E+00 -0.121E+00 -0.327E-03 -0.783E+02    296.981 -0.100E+01  0.526E-01  0.786E-01  0.142E-03
  25860.00  0.438E+00 -0.121E+00 -0.327E-03 -0.783E+02    296.977 -0.100E+01  0.524E-01  0.783E-01  0.141E-03
  25920.00  0.438E+00 -0.120E+00 -0.327E-03 -0.783E+02    296.973 -0.100E+01  0.522E-01  0.781E-01  0.141E-03
  25980.00  0.438E+00 -0.120E+00 -0.327E-03 -0.783E+02    296.968 -0.100E+01  0.519E-01  0.778E-01  0.141E-03
  26040.00  0.437E+00 -0.119E+00 -0.327E-03 -0.785E+02    296.964 -0.100E+01  0.517E-01  0.775E-01  0.141E-03
  26100.00  0.437E+00 -0.119E+00 -0.327E-03 -0.786E+02    296.958 -0.100E+01  0.515E-01  0.772E-01  0.141E-03
  26160.00  0.437E+00 -0.118E+00 -0.327E-03 -0.788E+02    296.953 -0.100E+01  0.512E-01  0.769E-01  0.141E-03
  26220.00  0.436E+00 -0.118E+00 -0.327E-03 -0.789E+02    296.948 -0.100E+01  0.509E-01  0.766E-01  0.141E-03
  26280.00  0.436E+00 -0.117E+00 -0.326E-03 -0.789E+02    296.943 -0.100E+01  0.506E-01  0.763E-01  0.140E-03
  26340.00  0.436E+00 -0.117E+00 -0.326E-03 -0.789E+02    296.938 -0.100E+01  0.504E-01  0.760E-01  0.140E-03
  26400.00  0.435E+00 -0.117E+00 -0.326E-03 -0.790E+02    296.934 -0.100E+01  0.501E-01  0.757E-01  0.140E-03
  26460.00  0.435E+00 -0.116E+00 -0.326E-03 -0.793E+02    296.929 -0.100E+01  0.499E-01  0.755E-01  0.140E-03
  26520.00  0.435E+00 -0.115E+00 -0.326E-03 -0.796E+02    296.923 -0.100E+01  0.497E-01  0.752E-01  0.140E-03
  26580.00  0.436E+00 -0.115E+00 -0.325E-03 -0.801E+02    296.916 -0.100E+01  0.494E-01  0.750E-01  0.140E-03
  26640.00  0.436E+00 -0.114E+00 -0.324E-03 -0.806E+02    296.909 -0.100E+01  0.492E-01  0.747E-01  0.139E-03
  26700.00  0.436E+00 -0.113E+00 -0.324E-03 -0.812E+02    296.900 -0.100E+01  0.489E-01  0.744E-01  0.139E-03
  26760.00  0.437E+00 -0.113E+00 -0.323E-03 -0.818E+02    296.891 -0.100E+01  0.487E-01  0.741E-01  0.139E-03
  26820.00  0.437E+00 -0.112E+00 -0.322E-03 -0.825E+02    296.882 -0.100E+01  0.484E-01  0.738E-01  0.139E-03
  26880.00  0.438E+00 -0.111E+00 -0.321E-03 -0.832E+02    296.872 -0.100E+01  0.481E-01  0.734E-01  0.139E-03
  26940.00  0.438E+00 -0.110E+00 -0.321E-03 -0.838E+02    296.863 -0.100E+01  0.478E-01  0.731E-01  0.139E-03
  27000.00  0.438E+00 -0.109E+00 -0.320E-03 -0.843E+02    296.853 -0.100E+01  0.474E-01  0.727E-01  0.138E-03
  27060.00  0.439E+00 -0.109E+00 -0.320E-03 -0.848E+02    296.844 -0.100E+01  0.472E-01  0.724E-01  0.138E-03
  27120.00  0.439E+00 -0.108E+00 -0.319E-03 -0.854E+02    296.834 -0.100E+01  0.468E-01  0.721E-01  0.138E-03
  27180.00  0.439E+00 -0.107E+00 -0.318E-03 -0.859E+02    296.824 -0.100E+01  0.465E-01  0.717E-01  0.138E-03
  27240.00  0.439E+00 -0.107E+00 -0.318E-03 -0.864E+02    296.814 -0.100E+01  0.462E-01  0.714E-01  0.138E-03
  27300.00  0.439E+00 -0.106E+00 -0.318E-03 -0.868E+02    296.804 -0.100E+01  0.459E-01  0.710E-01  0.138E-03
  27360.00  0.439E+00 -0.105E+00 -0.317E-03 -0.871E+02    296.794 -0.100E+01  0.456E-01  0.707E-01  0.137E-03
  27420.00  0.439E+00 -0.104E+00 -0.317E-03 -0.875E+02    296.783 -0.100E+01  0.452E-01  0.703E-01  0.137E-03
  27480.00  0.438E+00 -0.104E+00 -0.317E-03 -0.877E+02    296.773 -0.100E+01  0.449E-01  0.699E-01  0.137E-03
  27540.00  0.438E+00 -0.103E+00 -0.317E-03 -0.879E+02    296.764 -0.100E+01  0.445E-01  0.695E-01  0.137E-03
  27600.00  0.437E+00 -0.102E+00 -0.316E-03 -0.879E+02    296.756 -0.100E+01  0.442E-01  0.691E-01  0.136E-03
  27660.00  0.436E+00 -0.102E+00 -0.316E-03 -0.880E+02    296.749 -0.100E+01  0.439E-01  0.687E-01  0.136E-03
  27720.00  0.436E+00 -0.101E+00 -0.316E-03 -0.881E+02    296.742 -0.100E+01  0.436E-01  0.684E-01  0.136E-03
  27780.00  0.435E+00 -0.101E+00 -0.316E-03 -0.883E+02    296.734 -0.100E+01  0.433E-01  0.681E-01  0.136E-03
  27840.00  0.435E+00 -0.999E-01 -0.316E-03 -0.886E+02    296.726 -0.100E+01  0.430E-01  0.677E-01  0.136E-03
  27900.00  0.435E+00 -0.993E-01 -0.316E-03 -0.890E+02    296.717 -0.100E+01  0.427E-01  0.674E-01  0.135E-03
  27960.00  0.435E+00 -0.986E-01 -0.315E-03 -0.894E+02    296.707 -0.100E+01  0.424E-01  0.671E-01  0.135E-03
  28020.00  0.435E+00 -0.978E-01 -0.315E-03 -0.900E+02    296.697 -0.100E+01  0.421E-01  0.667E-01  0.135E-03
  28080.00  0.435E+00 -0.970E-01 -0.314E-03 -0.905E+02    296.687 -0.100E+01  0.417E-01  0.663E-01  0.135E-03
  28140.00  0.435E+00 -0.962E-01 -0.313E-03 -0.912E+02    296.676 -0.100E+01  0.414E-01  0.660E-01  0.135E-03
  28200.00  0.436E+00 -0.954E-01 -0.313E-03 -0.919E+02    296.665 -0.100E+01  0.411E-01  0.656E-01  0.134E-03
  28260.00  0.436E+00 -0.945E-01 -0.312E-03 -0.927E+02    296.654 -0.100E+01  0.408E-01  0.652E-01  0.134E-03
  28320.00  0.436E+00 -0.937E-01 -0.311E-03 -0.933E+02    296.642 -0.100E+01  0.404E-01  0.648E-01  0.134E-03
  28380.00  0.436E+00 -0.928E-01 -0.311E-03 -0.938E+02    296.632 -0.100E+01  0.400E-01  0.644E-01  0.134E-03
  28440.00  0.435E+00 -0.921E-01 -0.310E-03 -0.943E+02    296.622 -0.100E+01  0.397E-01  0.640E-01  0.133E-03
  28500.00  0.435E+00 -0.913E-01 -0.310E-03 -0.947E+02    296.613 -0.100E+01  0.393E-01  0.636E-01  0.133E-03
  28560.00  0.435E+00 -0.906E-01 -0.309E-03 -0.953E+02    296.604 -0.100E+01  0.390E-01  0.632E-01  0.133E-03
  28620.00  0.435E+00 -0.898E-01 -0.309E-03 -0.959E+02    296.594 -0.100E+01  0.387E-01  0.629E-01  0.133E-03
  28680.00  0.436E+00 -0.891E-01 -0.308E-03 -0.966E+02    296.583 -0.100E+01  0.383E-01  0.625E-01  0.133E-03
  28740.00  0.436E+00 -0.882E-01 -0.308E-03 -0.974E+02    296.572 -0.100E+01  0.380E-01  0.621E-01  0.132E-03
  28800.00  0.437E+00 -0.873E-01 -0.307E-03 -0.984E+02    296.559 -0.100E+01  0.376E-01  0.617E-01  0.132E-03
  28860.00  0.437E+00 -0.864E-01 -0.306E-03 -0.994E+02    296.546 -0.100E+01  0.373E-01  0.613E-01  0.132E-03
  28920.00  0.438E+00 -0.854E-01 -0.305E-03 -0.100E+03    296.532 -0.100E+01  0.369E-01  0.609E-01  0.132E-03
  28980.00  0.438E+00 -0.844E-01 -0.304E-03 -0.101E+03    296.517 -0.100E+01  0.365E-01  0.605E-01  0.132E-03
  29040.00  0.438E+00 -0.833E-01 -0.304E-03 -0.102E+03    296.501 -0.100E+01  0.361E-01  0.600E-01  0.131E-03
  29100.00  0.439E+00 -0.823E-01 -0.303E-03 -0.103E+03    296.486 -0.100E+01  0.357E-01  0.596E-01  0.131E-03
  29160.00  0.438E+00 -0.813E-01 -0.302E-03 -0.104E+03    296.471 -0.100E+01  0.352E-01  0.591E-01  0.131E-03
  29220.00  0.438E+00 -0.804E-01 -0.302E-03 -0.105E+03    296.458 -0.100E+01  0.348E-01  0.586E-01  0.131E-03
  29280.00  0.437E+00 -0.796E-01 -0.302E-03 -0.105E+03    296.447 -0.100E+01  0.344E-01  0.581E-01  0.130E-03
  29340.00  0.437E+00 -0.788E-01 -0.301E-03 -0.106E+03    296.435 -0.100E+01  0.340E-01  0.577E-01  0.130E-03
  29400.00  0.437E+00 -0.780E-01 -0.301E-03 -0.107E+03    296.423 -0.100E+01  0.337E-01  0.573E-01  0.130E-03
  29460.00  0.437E+00 -0.771E-01 -0.300E-03 -0.107E+03    296.411 -0.100E+01  0.333E-01  0.569E-01  0.130E-03
  29520.00  0.437E+00 -0.763E-01 -0.300E-03 -0.108E+03    296.399 -0.100E+01  0.329E-01  0.564E-01  0.129E-03
  29580.00  0.436E+00 -0.755E-01 -0.299E-03 -0.109E+03    296.388 -0.100E+01  0.325E-01  0.560E-01  0.129E-03
  29640.00  0.436E+00 -0.747E-01 -0.299E-03 -0.109E+03    296.377 -0.100E+01  0.321E-01  0.555E-01  0.129E-03
  29700.00  0.436E+00 -0.740E-01 -0.299E-03 -0.110E+03    296.367 -0.100E+01  0.318E-01  0.551E-01  0.128E-03
  29760.00  0.436E+00 -0.732E-01 -0.298E-03 -0.110E+03    296.356 -0.100E+01  0.314E-01  0.547E-01  0.128E-03
  29820.00  0.435E+00 -0.724E-01 -0.297E-03 -0.111E+03    296.345 -0.100E+01  0.311E-01  0.543E-01  0.128E-03
  29880.00  0.435E+00 -0.716E-01 -0.297E-03 -0.112E+03    296.334 -0.100E+01  0.307E-01  0.539E-01  0.128E-03
  29940.00  0.436E+00 -0.707E-01 -0.296E-03 -0.113E+03    296.321 -0.100E+01  0.304E-01  0.536E-01  0.127E-03
  30000.00  0.436E+00 -0.698E-01 -0.295E-03 -0.114E+03    296.308 -0.100E+01  0.300E-01  0.532E-01  0.127E-03
  30060.00  0.437E+00 -0.689E-01 -0.295E-03 -0.116E+03    296.293 -0.100E+01  0.296E-01  0.527E-01  0.127E-03
  30120.00  0.437E+00 -0.678E-01 -0.294E-03 -0.117E+03    296.277 -0.100E+01  0.292E-01  0.523E-01  0.127E-03
  30180.00  0.438E+00 -0.668E-01 -0.293E-03 -0.119E+03    296.260 -0.100E+01  0.288E-01  0.518E-01  0.127E-03
  30240.00  0.439E+00 -0.656E-01 -0.292E-03 -0.120E+03    296.242 -0.100E+01  0.284E-01  0.513E-01  0.126E-03
  30300.00  0.439E+00 -0.645E-01 -0.291E-03 -0.122E+03    296.225 -0.100E+01  0.279E-01  0.508E-01  0.126E-03
  30360.00  0.440E+00 -0.634E-01 -0.290E-03 -0.124E+03    296.207 -0.100E+01  0.274E-01  0.503E-01  0.126E-03
  30420.00  0.440E+00 -0.623E-01 -0.289E-03 -0.125E+03    296.189 -0.100E+01  0.269E-01  0.497E-01  0.126E-03
  30480.00  0.440E+00 -0.612E-01 -0.289E-03 -0.127E+03    296.172 -0.100E+01  0.265E-01  0.492E-01  0.125E-03
  30540.00  0.440E+00 -0.602E-01 -0.288E-03 -0.128E+03    296.155 -0.100E+01  0.260E-01  0.487E-01  0.125E-03
  30600.00  0.440E+00 -0.591E-01 -0.288E-03 -0.129E+03    296.139 -0.100E+01  0.255E-01  0.482E-01  0.125E-03
  30660.00  0.440E+00 -0.582E-01 -0.287E-03 -0.130E+03    296.125 -0.100E+01  0.251E-01  0.476E-01  0.124E-03
  30720.00  0.439E+00 -0.573E-01 -0.287E-03 -0.131E+03    296.111 -0.100E+01  0.247E-01  0.472E-01  0.124E-03
  30780.00  0.439E+00 -0.564E-01 -0.286E-03 -0.132E+03    296.097 -0.100E+01  0.243E-01  0.467E-01  0.124E-03
  30840.00  0.439E+00 -0.555E-01 -0.286E-03 -0.133E+03    296.083 -0.100E+01  0.239E-01  0.463E-01  0.124E-03
  30900.00  0.438E+00 -0.545E-01 -0.285E-03 -0.135E+03    296.068 -0.100E+01  0.235E-01  0.458E-01  0.123E-03
  30960.00  0.438E+00 -0.536E-01 -0.285E-03 -0.135E+03    296.054 -0.100E+01  0.230E-01  0.453E-01  0.123E-03
  31020.00  0.437E+00 -0.528E-01 -0.284E-03 -0.136E+03    296.040 -0.100E+01  0.226E-01  0.448E-01  0.123E-03
  31080.00  0.436E+00 -0.519E-01 -0.284E-03 -0.137E+03    296.027 -0.100E+01  0.222E-01  0.444E-01  0.122E-03
  31140.00  0.436E+00 -0.511E-01 -0.284E-03 -0.138E+03    296.013 -0.100E+01  0.218E-01  0.439E-01  0.122E-03
  31200.00  0.435E+00 -0.502E-01 -0.283E-03 -0.139E+03    296.000 -0.100E+01  0.214E-01  0.435E-01  0.122E-03
  31260.00  0.435E+00 -0.493E-01 -0.282E-03 -0.140E+03    295.985 -0.100E+01  0.210E-01  0.430E-01  0.121E-03
  31320.00  0.435E+00 -0.483E-01 -0.282E-03 -0.142E+03    295.970 -0.100E+01  0.206E-01  0.426E-01  0.121E-03
  31380.00  0.435E+00 -0.473E-01 -0.281E-03 -0.144E+03    295.955 -0.100E+01  0.202E-01  0.421E-01  0.121E-03
  31440.00  0.436E+00 -0.462E-01 -0.280E-03 -0.146E+03    295.938 -0.100E+01  0.198E-01  0.416E-01  0.121E-03
  31500.00  0.436E+00 -0.452E-01 -0.279E-03 -0.148E+03    295.921 -0.100E+01  0.193E-01  0.411E-01  0.120E-03
  31560.00  0.436E+00 -0.441E-01 -0.278E-03 -0.150E+03    295.904 -0.100E+01  0.189E-01  0.406E-01  0.120E-03
  31620.00  0.437E+00 -0.430E-01 -0.278E-03 -0.152E+03    295.886 -0.100E+01  0.184E-01  0.401E-01  0.120E-03
  31680.00  0.437E+00 -0.419E-01 -0.277E-03 -0.155E+03    295.868 -0.100E+01  0.179E-01  0.395E-01  0.120E-03
  31740.00  0.437E+00 -0.408E-01 -0.276E-03 -0.157E+03    295.850 -0.100E+01  0.174E-01  0.390E-01  0.119E-03
  31800.00  0.437E+00 -0.397E-01 -0.275E-03 -0.159E+03    295.832 -0.100E+01  0.169E-01  0.384E-01  0.119E-03
  31860.00  0.437E+00 -0.386E-01 -0.275E-03 -0.161E+03    295.814 -0.100E+01  0.165E-01  0.379E-01  0.119E-03
  31920.00  0.437E+00 -0.376E-01 -0.274E-03 -0.164E+03    295.796 -0.100E+01  0.160E-01  0.374E-01  0.118E-03
  31980.00  0.437E+00 -0.365E-01 -0.273E-03 -0.166E+03    295.778 -0.100E+01  0.155E-01  0.368E-01  0.118E-03
  32040.00  0.437E+00 -0.354E-01 -0.272E-03 -0.168E+03    295.761 -0.100E+01  0.151E-01  0.363E-01  0.118E-03
  32100.00  0.436E+00 -0.344E-01 -0.272E-03 -0.170E+03    295.744 -0.100E+01  0.146E-01  0.358E-01  0.117E-03
  32160.00  0.436E+00 -0.334E-01 -0.271E-03 -0.172E+03    295.728 -0.100E+01  0.142E-01  0.353E-01  0.117E-03
  32220.00  0.435E+00 -0.324E-01 -0.271E-03 -0.173E+03    295.713 -0.100E+01  0.138E-01  0.348E-01  0.117E-03
  32280.00  0.434E+00 -0.315E-01 -0.270E-03 -0.175E+03    295.698 -0.100E+01  0.133E-01  0.343E-01  0.116E-03
  32340.00  0.434E+00 -0.306E-01 -0.270E-03 -0.176E+03    295.684 -0.100E+01  0.130E-01  0.339E-01  0.116E-03
  32400.00  0.433E+00 -0.298E-01 -0.269E-03 -0.178E+03    295.669 -0.100E+01  0.126E-01  0.334E-01  0.115E-03
  32460.00  0.433E+00 -0.289E-01 -0.269E-03 -0.180E+03    295.654 -0.100E+01  0.122E-01  0.329E-01  0.115E-03
  32520.00  0.432E+00 -0.280E-01 -0.268E-03 -0.182E+03    295.640 -0.100E+01  0.118E-01  0.325E-01  0.115E-03
  32580.00  0.432E+00 -0.271E-01 -0.267E-03 -0.184E+03    295.625 -0.100E+01  0.114E-01  0.320E-01  0.114E-03
  32640.00  0.431E+00 -0.262E-01 -0.267E-03 -0.186E+03    295.610 -0.100E+01  0.110E-01  0.316E-01  0.114E-03
  32700.00  0.431E+00 -0.253E-01 -0.266E-03 -0.188E+03    295.596 -0.100E+01  0.106E-01  0.311E-01  0.114E-03
  32760.00  0.430E+00 -0.245E-01 -0.266E-03 -0.190E+03    295.581 -0.100E+01  0.102E-01  0.306E-01  0.113E-03
  32820.00  0.430E+00 -0.236E-01 -0.265E-03 -0.193E+03    295.567 -0.100E+01  0.983E-02  0.302E-01  0.113E-03
  32880.00  0.430E+00 -0.227E-01 -0.264E-03 -0.195E+03    295.551 -0.100E+01  0.943E-02  0.297E-01  0.113E-03
  32940.00  0.430E+00 -0.218E-01 -0.264E-03 -0.198E+03    295.535 -0.100E+01  0.902E-02  0.292E-01  0.112E-03
  33000.00  0.430E+00 -0.208E-01 -0.263E-03 -0.202E+03    295.518 -0.100E+01  0.858E-02  0.288E-01  0.112E-03
  33060.00  0.430E+00 -0.197E-01 -0.262E-03 -0.206E+03    295.500 -0.100E+01  0.814E-02  0.283E-01  0.112E-03
  33120.00  0.431E+00 -0.186E-01 -0.261E-03 -0.210E+03    295.480 -0.100E+01  0.767E-02  0.277E-01  0.111E-03
  33180.00  0.431E+00 -0.175E-01 -0.260E-03 -0.215E+03    295.460 -0.100E+01  0.718E-02  0.272E-01  0.111E-03
  33240.00  0.432E+00 -0.163E-01 -0.259E-03 -0.220E+03    295.438 -0.100E+01  0.667E-02  0.266E-01  0.111E-03
  33300.00  0.432E+00 -0.150E-01 -0.258E-03 -0.226E+03    295.417 -0.100E+01  0.615E-02  0.260E-01  0.111E-03
  33360.00  0.432E+00 -0.138E-01 -0.257E-03 -0.232E+03    295.394 -0.100E+01  0.563E-02  0.255E-01  0.110E-03
  33420.00  0.432E+00 -0.126E-01 -0.257E-03 -0.237E+03    295.372 -0.100E+01  0.510E-02  0.249E-01  0.110E-03
  33480.00  0.432E+00 -0.113E-01 -0.256E-03 -0.243E+03    295.351 -0.100E+01  0.458E-02  0.243E-01  0.110E-03
  33540.00  0.432E+00 -0.102E-01 -0.255E-03 -0.248E+03    295.330 -0.100E+01  0.408E-02  0.237E-01  0.109E-03
  33600.00  0.431E+00 -0.911E-02 -0.254E-03 -0.253E+03    295.310 -0.100E+01  0.361E-02  0.232E-01  0.109E-03
  33660.00  0.431E+00 -0.808E-02 -0.254E-03 -0.258E+03    295.291 -0.100E+01  0.316E-02  0.226E-01  0.108E-03
  33720.00  0.430E+00 -0.709E-02 -0.253E-03 -0.262E+03    295.273 -0.100E+01  0.272E-02  0.221E-01  0.108E-03
  33780.00  0.430E+00 -0.611E-02 -0.253E-03 -0.268E+03    295.255 -0.100E+01  0.230E-02  0.216E-01  0.108E-03
  33840.00  0.429E+00 -0.511E-02 -0.252E-03 -0.273E+03    295.236 -0.100E+01  0.188E-02  0.211E-01  0.107E-03
  33900.00  0.429E+00 -0.407E-02 -0.251E-03 -0.280E+03    295.217 -0.100E+01  0.144E-02  0.206E-01  0.107E-03
  33960.00  0.429E+00 -0.300E-02 -0.250E-03 -0.287E+03    295.197 -0.100E+01  0.986E-03  0.201E-01  0.107E-03
  34020.00  0.429E+00 -0.192E-02 -0.250E-03 -0.294E+03    295.177 -0.100E+01  0.527E-03  0.196E-01  0.106E-03
  34080.00  0.429E+00 -0.832E-03 -0.249E-03 -0.302E+03    295.157 -0.100E+01  0.657E-04  0.190E-01  0.106E-03
  34140.00  0.428E+00  0.232E-03 -0.248E-03 -0.309E+03    295.137 -0.100E+01 -0.381E-03  0.185E-01  0.105E-03
  34200.00  0.428E+00  0.127E-02 -0.248E-03 -0.317E+03    295.118 -0.100E+01 -0.818E-03  0.180E-01  0.105E-03
  34260.00  0.427E+00  0.229E-02 -0.247E-03 -0.325E+03    295.098 -0.100E+01 -0.126E-02  0.175E-01  0.105E-03
  34320.00  0.427E+00  0.332E-02 -0.246E-03 -0.334E+03    295.079 -0.100E+01 -0.171E-02  0.170E-01  0.104E-03
  34380.00  0.427E+00  0.437E-02 -0.245E-03 -0.343E+03    295.059 -0.100E+01 -0.216E-02  0.165E-01  0.104E-03
  34440.00  0.426E+00  0.542E-02 -0.245E-03 -0.353E+03    295.039 -0.100E+01 -0.261E-02  0.159E-01  0.103E-03
  34500.00  0.426E+00  0.647E-02 -0.244E-03 -0.364E+03    295.019 -0.100E+01 -0.306E-02  0.154E-01  0.103E-03
  34560.00  0.426E+00  0.752E-02 -0.243E-03 -0.376E+03    294.998 -0.100E+01 -0.351E-02  0.149E-01  0.103E-03
  34620.00  0.426E+00  0.858E-02 -0.243E-03 -0.388E+03    294.978 -0.100E+01 -0.396E-02  0.144E-01  0.102E-03
  34680.00  0.425E+00  0.965E-02 -0.242E-03 -0.402E+03    294.958 -0.100E+01 -0.442E-02  0.138E-01  0.102E-03
  34740.00  0.425E+00  0.107E-01 -0.241E-03 -0.417E+03    294.937 -0.100E+01 -0.488E-02  0.133E-01  0.102E-03
  34800.00  0.425E+00  0.118E-01 -0.240E-03 -0.432E+03    294.916 -0.100E+01 -0.533E-02  0.128E-01  0.101E-03
  34860.00  0.424E+00  0.129E-01 -0.240E-03 -0.448E+03    294.895 -0.100E+01 -0.576E-02  0.123E-01  0.101E-03
  34920.00  0.423E+00  0.139E-01 -0.239E-03 -0.465E+03    294.875 -0.100E+01 -0.619E-02  0.118E-01  0.100E-03
  34980.00  0.423E+00  0.149E-01 -0.238E-03 -0.482E+03    294.855 -0.100E+01 -0.660E-02  0.113E-01  0.999E-04
  35040.00  0.422E+00  0.159E-01 -0.238E-03 -0.501E+03    294.835 -0.100E+01 -0.700E-02  0.108E-01  0.995E-04
  35100.00  0.421E+00  0.169E-01 -0.237E-03 -0.520E+03    294.815 -0.100E+01 -0.740E-02  0.103E-01  0.990E-04
  35160.00  0.421E+00  0.179E-01 -0.236E-03 -0.543E+03    294.795 -0.100E+01 -0.780E-02  0.982E-02  0.986E-04
  35220.00  0.420E+00  0.189E-01 -0.236E-03 -0.567E+03    294.775 -0.100E+01 -0.820E-02  0.934E-02  0.982E-04
  35280.00  0.419E+00  0.199E-01 -0.235E-03 -0.594E+03    294.755 -0.100E+01 -0.860E-02  0.885E-02  0.978E-04
  35340.00  0.418E+00  0.208E-01 -0.234E-03 -0.622E+03    294.735 -0.100E+01 -0.899E-02  0.838E-02  0.973E-04
  35400.00  0.417E+00  0.218E-01 -0.234E-03 -0.652E+03    294.716 -0.100E+01 -0.936E-02  0.792E-02  0.968E-04
  35460.00  0.416E+00  0.227E-01 -0.233E-03 -0.683E+03    294.697 -0.100E+01 -0.973E-02  0.747E-02  0.964E-04
  35520.00  0.415E+00  0.236E-01 -0.233E-03 -0.718E+03    294.678 -0.100E+01 -0.101E-01  0.703E-02  0.959E-04
  35580.00  0.414E+00  0.245E-01 -0.232E-03 -0.756E+03    294.659 -0.100E+01 -0.104E-01  0.659E-02  0.954E-04
  35640.00  0.413E+00  0.254E-01 -0.232E-03 -0.800E+03    294.641 -0.100E+01 -0.108E-01  0.617E-02  0.950E-04
  35700.00  0.412E+00  0.263E-01 -0.231E-03 -0.848E+03    294.622 -0.100E+01 -0.111E-01  0.574E-02  0.945E-04
  35760.00  0.410E+00  0.272E-01 -0.231E-03 -0.904E+03    294.603 -0.100E+01 -0.114E-01  0.532E-02  0.941E-04
  35820.00  0.409E+00  0.281E-01 -0.230E-03 -0.967E+03    294.584 -0.100E+01 -0.118E-01  0.490E-02  0.936E-04
  35880.00  0.408E+00  0.290E-01 -0.230E-03 -0.104E+04    294.565 -0.100E+01 -0.121E-01  0.448E-02  0.931E-04
  35940.00  0.407E+00  0.299E-01 -0.229E-03 -0.113E+04    294.546 -0.100E+01 -0.124E-01  0.406E-02  0.926E-04
  36000.00  0.406E+00  0.308E-01 -0.229E-03 -0.123E+04    294.527 -0.100E+01 -0.128E-01  0.365E-02  0.921E-04
  36060.00  0.404E+00  0.317E-01 -0.228E-03 -0.136E+04    294.508 -0.100E+01 -0.131E-01  0.325E-02  0.917E-04
  36120.00  0.403E+00  0.325E-01 -0.228E-03 -0.151E+04    294.489 -0.100E+01 -0.134E-01  0.285E-02  0.912E-04
  36180.00  0.402E+00  0.334E-01 -0.227E-03 -0.171E+04    294.471 -0.100E+01 -0.137E-01  0.246E-02  0.907E-04
  36240.00  0.401E+00  0.342E-01 -0.227E-03 -0.197E+04    294.452 -0.100E+01 -0.140E-01  0.207E-02  0.902E-04
  36300.00  0.400E+00  0.351E-01 -0.226E-03 -0.232E+04    294.433 -0.100E+01 -0.143E-01  0.167E-02  0.897E-04
  36360.00  0.398E+00  0.359E-01 -0.226E-03 -0.285E+04    294.414 -0.100E+01 -0.146E-01  0.128E-02  0.892E-04
  36420.00  0.397E+00  0.368E-01 -0.225E-03 -0.369E+04    294.394 -0.100E+01 -0.149E-01  0.877E-03  0.887E-04
  36480.00  0.396E+00  0.377E-01 -0.224E-03 -0.535E+04    294.375 -0.100E+01 -0.152E-01  0.482E-03  0.882E-04
  36540.00  0.395E+00  0.386E-01 -0.224E-03 -0.976E+04    294.355 -0.100E+01 -0.155E-01  0.810E-04  0.878E-04
  36600.00  0.394E+00  0.395E-01 -0.223E-03 -0.608E+05    294.335 -0.100E+01 -0.158E-01 -0.319E-03  0.873E-04
  36660.00  0.393E+00  0.404E-01 -0.223E-03  0.144E+05    294.315 -0.100E+01 -0.161E-01 -0.724E-03  0.868E-04
  36720.00  0.392E+00  0.413E-01 -0.222E-03  0.627E+04    294.295 -0.100E+01 -0.164E-01 -0.112E-02  0.863E-04
  36780.00  0.391E+00  0.422E-01 -0.221E-03  0.403E+04    294.274 -0.100E+01 -0.168E-01 -0.152E-02  0.858E-04
  36840.00  0.389E+00  0.431E-01 -0.221E-03  0.293E+04    294.254 -0.100E+01 -0.171E-01 -0.192E-02  0.853E-04
  36900.00  0.388E+00  0.440E-01 -0.220E-03  0.230E+04    294.233 -0.100E+01 -0.174E-01 -0.231E-02  0.848E-04
  36960.00  0.387E+00  0.449E-01 -0.220E-03  0.190E+04    294.212 -0.100E+01 -0.177E-01 -0.271E-02  0.843E-04
  37020.00  0.386E+00  0.458E-01 -0.219E-03  0.160E+04    294.191 -0.100E+01 -0.180E-01 -0.309E-02  0.838E-04
  37080.00  0.384E+00  0.468E-01 -0.218E-03  0.139E+04    294.170 -0.100E+01 -0.183E-01 -0.348E-02  0.833E-04
  37140.00  0.383E+00  0.477E-01 -0.218E-03  0.122E+04    294.148 -0.100E+01 -0.185E-01 -0.386E-02  0.828E-04
  37200.00  0.382E+00  0.486E-01 -0.217E-03  0.109E+04    294.127 -0.100E+01 -0.188E-01 -0.423E-02  0.823E-04
  37260.00  0.380E+00  0.495E-01 -0.216E-03  0.984E+03    294.105 -0.100E+01 -0.191E-01 -0.459E-02  0.818E-04
  37320.00  0.379E+00  0.503E-01 -0.216E-03  0.895E+03    294.084 -0.100E+01 -0.193E-01 -0.494E-02  0.813E-04
  37380.00  0.377E+00  0.512E-01 -0.215E-03  0.821E+03    294.063 -0.100E+01 -0.196E-01 -0.529E-02  0.807E-04
  37440.00  0.376E+00  0.520E-01 -0.215E-03  0.759E+03    294.042 -0.100E+01 -0.198E-01 -0.562E-02  0.802E-04
  37500.00  0.374E+00  0.529E-01 -0.214E-03  0.705E+03    294.020 -0.100E+01 -0.200E-01 -0.595E-02  0.796E-04
  37560.00  0.373E+00  0.537E-01 -0.214E-03  0.657E+03    293.999 -0.100E+01 -0.203E-01 -0.627E-02  0.791E-04
  37620.00  0.371E+00  0.545E-01 -0.213E-03  0.615E+03    293.978 -0.100E+01 -0.205E-01 -0.659E-02  0.785E-04
  37680.00  0.369E+00  0.553E-01 -0.212E-03  0.578E+03    293.957 -0.100E+01 -0.207E-01 -0.690E-02  0.780E-04
  37740.00  0.368E+00  0.562E-01 -0.212E-03  0.545E+03    293.936 -0.100E+01 -0.209E-01 -0.721E-02  0.774E-04
  37800.00  0.366E+00  0.569E-01 -0.211E-03  0.515E+03    293.915 -0.100E+01 -0.211E-01 -0.751E-02  0.769E-04
  37860.00  0.364E+00  0.577E-01 -0.211E-03  0.488E+03    293.894 -0.100E+01 -0.213E-01 -0.780E-02  0.763E-04
  37920.00  0.363E+00  0.585E-01 -0.210E-03  0.463E+03    293.873 -0.100E+01 -0.215E-01 -0.808E-02  0.757E-04
  37980.00  0.361E+00  0.593E-01 -0.210E-03  0.440E+03    293.852 -0.100E+01 -0.216E-01 -0.836E-02  0.752E-04
  38040.00  0.359E+00  0.601E-01 -0.209E-03  0.419E+03    293.831 -0.100E+01 -0.218E-01 -0.864E-02  0.746E-04
  38100.00  0.357E+00  0.609E-01 -0.209E-03  0.399E+03    293.809 -0.100E+01 -0.220E-01 -0.891E-02  0.740E-04
  38160.00  0.355E+00  0.617E-01 -0.208E-03  0.381E+03    293.788 -0.100E+01 -0.222E-01 -0.919E-02  0.735E-04
  38220.00  0.353E+00  0.625E-01 -0.207E-03  0.364E+03    293.767 -0.100E+01 -0.223E-01 -0.946E-02  0.729E-04
  38280.00  0.352E+00  0.632E-01 -0.207E-03  0.348E+03    293.745 -0.100E+01 -0.225E-01 -0.972E-02  0.723E-04
  38340.00  0.350E+00  0.640E-01 -0.206E-03  0.334E+03    293.723 -0.100E+01 -0.226E-01 -0.998E-02  0.717E-04
  38400.00  0.348E+00  0.648E-01 -0.206E-03  0.320E+03    293.702 -0.100E+01 -0.228E-01 -0.102E-01  0.711E-04
  38460.00  0.346E+00  0.655E-01 -0.205E-03  0.307E+03    293.680 -0.100E+01 -0.229E-01 -0.105E-01  0.705E-04
  38520.00  0.344E+00  0.663E-01 -0.204E-03  0.295E+03    293.658 -0.100E+01 -0.230E-01 -0.107E-01  0.699E-04
  38580.00  0.342E+00  0.670E-01 -0.204E-03  0.284E+03    293.637 -0.100E+01 -0.231E-01 -0.109E-01  0.693E-04
  38640.00  0.340E+00  0.677E-01 -0.203E-03  0.273E+03    293.615 -0.100E+01 -0.233E-01 -0.111E-01  0.688E-04
  38700.00  0.338E+00  0.685E-01 -0.203E-03  0.263E+03    293.593 -0.100E+01 -0.234E-01 -0.114E-01  0.682E-04
  38760.00  0.336E+00  0.692E-01 -0.202E-03  0.253E+03    293.570 -0.100E+01 -0.235E-01 -0.116E-01  0.676E-04
  38820.00  0.334E+00  0.700E-01 -0.201E-03  0.244E+03    293.548 -0.100E+01 -0.236E-01 -0.118E-01  0.670E-04
  38880.00  0.333E+00  0.708E-01 -0.201E-03  0.235E+03    293.525 -0.100E+01 -0.238E-01 -0.121E-01  0.664E-04
  38940.00  0.331E+00  0.715E-01 -0.200E-03  0.227E+03    293.502 -0.100E+01 -0.239E-01 -0.123E-01  0.658E-04
  39000.00  0.329E+00  0.723E-01 -0.199E-03  0.219E+03    293.479 -0.100E+01 -0.240E-01 -0.125E-01  0.652E-04
  39060.00  0.327E+00  0.731E-01 -0.199E-03  0.211E+03    293.456 -0.100E+01 -0.241E-01 -0.127E-01  0.646E-04
  39120.00  0.325E+00  0.738E-01 -0.198E-03  0.204E+03    293.432 -0.100E+01 -0.242E-01 -0.129E-01  0.640E-04
  39180.00  0.323E+00  0.746E-01 -0.197E-03  0.197E+03    293.409 -0.100E+01 -0.243E-01 -0.131E-01  0.634E-04
  39240.00  0.321E+00  0.753E-01 -0.197E-03  0.190E+03    293.385 -0.100E+01 -0.244E-01 -0.134E-01  0.628E-04
  39300.00  0.319E+00  0.761E-01 -0.196E-03  0.184E+03    293.361 -0.100E+01 -0.245E-01 -0.136E-01  0.622E-04
  39360.00  0.318E+00  0.769E-01 -0.195E-03  0.178E+03    293.337 -0.100E+01 -0.246E-01 -0.138E-01  0.616E-04
  39420.00  0.316E+00  0.776E-01 -0.194E-03  0.172E+03    293.312 -0.100E+01 -0.247E-01 -0.140E-01  0.611E-04
  39480.00  0.314E+00  0.784E-01 -0.193E-03  0.167E+03    293.287 -0.100E+01 -0.248E-01 -0.142E-01  0.605E-04
  39540.00  0.312E+00  0.792E-01 -0.193E-03  0.162E+03    293.262 -0.100E+01 -0.249E-01 -0.144E-01  0.599E-04
  39600.00  0.310E+00  0.800E-01 -0.192E-03  0.156E+03    293.237 -0.100E+01 -0.250E-01 -0.146E-01  0.593E-04
  39660.00  0.309E+00  0.808E-01 -0.191E-03  0.152E+03    293.212 -0.100E+01 -0.251E-01 -0.148E-01  0.587E-04
  39720.00  0.307E+00  0.816E-01 -0.190E-03  0.147E+03    293.186 -0.100E+01 -0.252E-01 -0.150E-01  0.581E-04
  39780.00  0.305E+00  0.824E-01 -0.189E-03  0.142E+03    293.160 -0.100E+01 -0.253E-01 -0.152E-01  0.575E-04
  39840.00  0.304E+00  0.832E-01 -0.188E-03  0.138E+03    293.133 -0.100E+01 -0.254E-01 -0.154E-01  0.569E-04
  39900.00  0.302E+00  0.840E-01 -0.187E-03  0.134E+03    293.107 -0.100E+01 -0.255E-01 -0.156E-01  0.563E-04
  39960.00  0.300E+00  0.848E-01 -0.186E-03  0.130E+03    293.080 -0.100E+01 -0.256E-01 -0.158E-01  0.557E-04
  40020.00  0.299E+00  0.856E-01 -0.185E-03  0.126E+03    293.053 -0.100E+01 -0.257E-01 -0.161E-01  0.551E-04
  40080.00  0.297E+00  0.864E-01 -0.184E-03  0.123E+03    293.025 -0.100E+01 -0.258E-01 -0.163E-01  0.545E-04
  40140.00  0.295E+00  0.872E-01 -0.183E-03  0.119E+03    292.997 -0.100E+01 -0.259E-01 -0.164E-01  0.539E-04
  40200.00  0.293E+00  0.880E-01 -0.182E-03  0.116E+03    292.969 -0.100E+01 -0.260E-01 -0.166E-01  0.534E-04
  40260.00  0.292E+00  0.888E-01 -0.181E-03  0.112E+03    292.941 -0.100E+01 -0.261E-01 -0.168E-01  0.528E-04
  40320.00  0.290E+00  0.895E-01 -0.180E-03  0.109E+03    292.913 -0.100E+01 -0.261E-01 -0.170E-01  0.522E-04
  40380.00  0.289E+00  0.903E-01 -0.179E-03  0.106E+03    292.884 -0.100E+01 -0.262E-01 -0.172E-01  0.516E-04
  40440.00  0.287E+00  0.911E-01 -0.178E-03  0.103E+03    292.855 -0.100E+01 -0.263E-01 -0.174E-01  0.510E-04
  40500.00  0.285E+00  0.919E-01 -0.177E-03  0.100E+03    292.825 -0.100E+01 -0.264E-01 -0.176E-01  0.504E-04
  40560.00  0.284E+00  0.927E-01 -0.176E-03  0.977E+02    292.796 -0.100E+01 -0.264E-01 -0.178E-01  0.498E-04
  40620.00  0.282E+00  0.934E-01 -0.175E-03  0.951E+02    292.766 -0.100E+01 -0.265E-01 -0.179E-01  0.492E-04
  40680.00  0.280E+00  0.942E-01 -0.174E-03  0.925E+02    292.736 -0.100E+01 -0.266E-01 -0.181E-01  0.486E-04
  40740.00  0.279E+00  0.949E-01 -0.173E-03  0.901E+02    292.705 -0.100E+01 -0.266E-01 -0.182E-01  0.480E-04
  40800.00  0.277E+00  0.956E-01 -0.172E-03  0.877E+02    292.675 -0.100E+01 -0.266E-01 -0.184E-01  0.473E-04
  40860.00  0.275E+00  0.963E-01 -0.170E-03  0.854E+02    292.644 -0.100E+01 -0.266E-01 -0.185E-01  0.467E-04
  40920.00  0.273E+00  0.969E-01 -0.169E-03  0.831E+02    292.614 -0.100E+01 -0.267E-01 -0.186E-01  0.461E-04
  40980.00  0.271E+00  0.976E-01 -0.168E-03  0.810E+02    292.583 -0.100E+01 -0.266E-01 -0.187E-01  0.454E-04
  41040.00  0.269E+00  0.982E-01 -0.167E-03  0.789E+02    292.552 -0.100E+01 -0.266E-01 -0.188E-01  0.448E-04
  41100.00  0.268E+00  0.987E-01 -0.166E-03  0.769E+02    292.521 -0.100E+01 -0.266E-01 -0.189E-01  0.442E-04
  41160.00  0.266E+00  0.993E-01 -0.164E-03  0.749E+02    292.489 -0.100E+01 -0.265E-01 -0.190E-01  0.435E-04
  41220.00  0.264E+00  0.998E-01 -0.163E-03  0.730E+02    292.458 -0.100E+01 -0.265E-01 -0.190E-01  0.428E-04
  41280.00  0.261E+00  0.100E+00 -0.162E-03  0.711E+02    292.426 -0.100E+01 -0.264E-01 -0.191E-01  0.422E-04
  41340.00  0.259E+00  0.101E+00 -0.161E-03  0.693E+02    292.394 -0.100E+01 -0.263E-01 -0.191E-01  0.415E-04
  41400.00  0.257E+00  0.101E+00 -0.159E-03  0.676E+02    292.362 -0.100E+01 -0.262E-01 -0.191E-01  0.408E-04
  41460.00  0.255E+00  0.101E+00 -0.158E-03  0.658E+02    292.330 -0.100E+01 -0.261E-01 -0.191E-01  0.402E-04
  41520.00  0.253E+00  0.102E+00 -0.157E-03  0.642E+02    292.297 -0.100E+01 -0.259E-01 -0.191E-01  0.395E-04
  41580.00  0.250E+00  0.102E+00 -0.156E-03  0.625E+02    292.264 -0.100E+01 -0.258E-01 -0.191E-01  0.388E-04
  41640.00  0.248E+00  0.103E+00 -0.154E-03  0.609E+02    292.231 -0.100E+01 -0.256E-01 -0.190E-01  0.381E-04
  41700.00  0.246E+00  0.103E+00 -0.153E-03  0.593E+02    292.198 -0.100E+01 -0.255E-01 -0.190E-01  0.374E-04
  41760.00  0.244E+00  0.103E+00 -0.151E-03  0.578E+02    292.164 -0.100E+01 -0.254E-01 -0.190E-01  0.368E-04
  41820.00  0.242E+00  0.104E+00 -0.150E-03  0.563E+02    292.130 -0.100E+01 -0.252E-01 -0.190E-01  0.361E-04
  41880.00  0.239E+00  0.104E+00 -0.149E-03  0.549E+02    292.095 -0.100E+01 -0.251E-01 -0.189E-01  0.354E-04
  41940.00  0.237E+00  0.104E+00 -0.147E-03  0.535E+02    292.060 -0.100E+01 -0.249E-01 -0.189E-01  0.348E-04
  42000.00  0.235E+00  0.105E+00 -0.146E-03  0.521E+02    292.024 -0.100E+01 -0.248E-01 -0.189E-01  0.341E-04
  42060.00  0.233E+00  0.105E+00 -0.144E-03  0.507E+02    291.988 -0.100E+01 -0.247E-01 -0.189E-01  0.335E-04
  42120.00  0.231E+00  0.105E+00 -0.143E-03  0.494E+02    291.951 -0.100E+01 -0.245E-01 -0.189E-01  0.328E-04
  42180.00  0.229E+00  0.106E+00 -0.141E-03  0.481E+02    291.914 -0.100E+01 -0.244E-01 -0.188E-01  0.322E-04
  42240.00  0.227E+00  0.106E+00 -0.140E-03  0.469E+02    291.876 -0.100E+01 -0.243E-01 -0.188E-01  0.316E-04
  42300.00  0.225E+00  0.106E+00 -0.138E-03  0.457E+02    291.837 -0.100E+01 -0.241E-01 -0.188E-01  0.309E-04
  42360.00  0.223E+00  0.107E+00 -0.137E-03  0.444E+02    291.798 -0.100E+01 -0.240E-01 -0.188E-01  0.303E-04
  42420.00  0.221E+00  0.107E+00 -0.135E-03  0.433E+02    291.758 -0.100E+01 -0.239E-01 -0.188E-01  0.297E-04
  42480.00  0.218E+00  0.108E+00 -0.133E-03  0.421E+02    291.717 -0.100E+01 -0.237E-01 -0.188E-01  0.290E-04
  42540.00  0.216E+00  0.108E+00 -0.132E-03  0.409E+02    291.676 -0.100E+01 -0.236E-01 -0.187E-01  0.284E-04
  42600.00  0.214E+00  0.109E+00 -0.130E-03  0.398E+02    291.634 -0.100E+01 -0.235E-01 -0.187E-01  0.278E-04
  42660.00  0.212E+00  0.109E+00 -0.129E-03  0.387E+02    291.592 -0.100E+01 -0.234E-01 -0.187E-01  0.272E-04
  42720.00  0.210E+00  0.110E+00 -0.127E-03  0.376E+02    291.549 -0.100E+01 -0.233E-01 -0.187E-01  0.266E-04
  42780.00  0.208E+00  0.110E+00 -0.125E-03  0.366E+02    291.505 -0.100E+01 -0.231E-01 -0.187E-01  0.260E-04
  42840.00  0.206E+00  0.110E+00 -0.123E-03  0.356E+02    291.460 -0.100E+01 -0.230E-01 -0.187E-01  0.254E-04
  42900.00  0.204E+00  0.111E+00 -0.122E-03  0.346E+02    291.415 -0.100E+01 -0.229E-01 -0.187E-01  0.248E-04
  42960.00  0.202E+00  0.111E+00 -0.120E-03  0.336E+02    291.368 -0.100E+01 -0.228E-01 -0.187E-01  0.242E-04
  43020.00  0.200E+00  0.112E+00 -0.118E-03  0.327E+02    291.321 -0.100E+01 -0.227E-01 -0.186E-01  0.236E-04
  43080.00  0.199E+00  0.112E+00 -0.116E-03  0.317E+02    291.273 -0.100E+01 -0.226E-01 -0.186E-01  0.231E-04
  43140.00  0.197E+00  0.113E+00 -0.115E-03  0.309E+02    291.225 -0.100E+01 -0.225E-01 -0.186E-01  0.225E-04
  43200.00  0.195E+00  0.114E+00 -0.113E-03  0.300E+02    291.175 -0.100E+01 -0.224E-01 -0.186E-01  0.219E-04
  43260.00  0.193E+00  0.114E+00 -0.111E-03  0.291E+02    291.125 -0.100E+01 -0.223E-01 -0.186E-01  0.214E-04
  43320.00  0.191E+00  0.115E+00 -0.109E-03  0.283E+02    291.073 -0.100E+01 -0.222E-01 -0.186E-01  0.208E-04
  43380.00  0.189E+00  0.115E+00 -0.107E-03  0.275E+02    291.021 -0.100E+01 -0.221E-01 -0.186E-01  0.203E-04
  43440.00  0.187E+00  0.116E+00 -0.105E-03  0.267E+02    290.968 -0.100E+01 -0.220E-01 -0.186E-01  0.197E-04
  43500.00  0.186E+00  0.116E+00 -0.104E-03  0.259E+02    290.914 -0.100E+01 -0.219E-01 -0.186E-01  0.192E-04
  43560.00  0.184E+00  0.117E+00 -0.102E-03  0.252E+02    290.859 -0.100E+01 -0.218E-01 -0.186E-01  0.187E-04
  43620.00  0.182E+00  0.118E+00 -0.997E-04  0.245E+02    290.803 -0.100E+01 -0.217E-01 -0.186E-01  0.181E-04
  43680.00  0.180E+00  0.118E+00 -0.978E-04  0.238E+02    290.746 -0.100E+01 -0.216E-01 -0.186E-01  0.176E-04
  43740.00  0.178E+00  0.119E+00 -0.959E-04  0.231E+02    290.688 -0.100E+01 -0.215E-01 -0.186E-01  0.171E-04
  43800.00  0.177E+00  0.119E+00 -0.939E-04  0.224E+02    290.629 -0.100E+01 -0.213E-01 -0.186E-01  0.166E-04
  43860.00  0.175E+00  0.120E+00 -0.920E-04  0.217E+02    290.569 -0.100E+01 -0.212E-01 -0.185E-01  0.161E-04
  43920.00  0.173E+00  0.121E+00 -0.900E-04  0.211E+02    290.508 -0.100E+01 -0.211E-01 -0.185E-01  0.156E-04
  43980.00  0.171E+00  0.121E+00 -0.880E-04  0.204E+02    290.446 -0.100E+01 -0.210E-01 -0.185E-01  0.151E-04
  44040.00  0.169E+00  0.122E+00 -0.860E-04  0.198E+02    290.383 -0.100E+01 -0.209E-01 -0.184E-01  0.146E-04
  44100.00  0.168E+00  0.122E+00 -0.841E-04  0.192E+02    290.319 -0.100E+01 -0.208E-01 -0.184E-01  0.141E-04
  44160.00  0.166E+00  0.123E+00 -0.821E-04  0.187E+02    290.253 -0.100E+01 -0.207E-01 -0.184E-01  0.136E-04
  44220.00  0.164E+00  0.124E+00 -0.800E-04  0.181E+02    290.187 -0.100E+01 -0.206E-01 -0.184E-01  0.132E-04
  44280.00  0.163E+00  0.124E+00 -0.780E-04  0.176E+02    290.119 -0.100E+01 -0.205E-01 -0.184E-01  0.127E-04
  44340.00  0.161E+00  0.125E+00 -0.760E-04  0.170E+02    290.050 -0.100E+01 -0.204E-01 -0.184E-01  0.123E-04
  44400.00  0.159E+00  0.126E+00 -0.740E-04  0.165E+02    289.980 -0.100E+01 -0.203E-01 -0.184E-01  0.118E-04
  44460.00  0.158E+00  0.126E+00 -0.720E-04  0.161E+02    289.909 -0.100E+01 -0.202E-01 -0.183E-01  0.114E-04
  44520.00  0.156E+00  0.127E+00 -0.700E-04  0.156E+02    289.837 -0.100E+01 -0.201E-01 -0.183E-01  0.110E-04
  44580.00  0.154E+00  0.128E+00 -0.680E-04  0.151E+02    289.764 -0.100E+01 -0.200E-01 -0.183E-01  0.105E-04
  44640.00  0.153E+00  0.128E+00 -0.659E-04  0.147E+02    289.689 -0.100E+01 -0.199E-01 -0.183E-01  0.101E-04
  44700.00  0.151E+00  0.129E+00 -0.639E-04  0.142E+02    289.613 -0.100E+01 -0.198E-01 -0.182E-01  0.972E-05
  44760.00  0.150E+00  0.130E+00 -0.619E-04  0.138E+02    289.536 -0.100E+01 -0.197E-01 -0.182E-01  0.932E-05
  44820.00  0.148E+00  0.131E+00 -0.599E-04  0.134E+02    289.457 -0.100E+01 -0.196E-01 -0.182E-01  0.893E-05
  44880.00  0.147E+00  0.131E+00 -0.579E-04  0.130E+02    289.378 -0.100E+01 -0.195E-01 -0.181E-01  0.854E-05
  44940.00  0.145E+00  0.132E+00 -0.559E-04  0.126E+02    289.297 -0.100E+01 -0.194E-01 -0.181E-01  0.817E-05
  45000.00  0.144E+00  0.133E+00 -0.539E-04  0.122E+02    289.215 -0.100E+01 -0.193E-01 -0.181E-01  0.780E-05
  45060.00  0.142E+00  0.134E+00 -0.519E-04  0.119E+02    289.132 -0.100E+01 -0.193E-01 -0.181E-01  0.745E-05
  45120.00  0.141E+00  0.134E+00 -0.499E-04  0.115E+02    289.048 -0.100E+01 -0.192E-01 -0.181E-01  0.710E-05
  45180.00  0.140E+00  0.135E+00 -0.480E-04  0.112E+02    288.962 -0.100E+01 -0.191E-01 -0.181E-01  0.676E-05
  45240.00  0.138E+00  0.136E+00 -0.460E-04  0.109E+02    288.876 -0.100E+01 -0.190E-01 -0.180E-01  0.643E-05
  45300.00  0.137E+00  0.137E+00 -0.441E-04  0.106E+02    288.788 -0.100E+01 -0.190E-01 -0.180E-01  0.610E-05
  45360.00  0.136E+00  0.138E+00 -0.422E-04  0.103E+02    288.700 -0.100E+01 -0.189E-01 -0.180E-01  0.579E-05
  45420.00  0.135E+00  0.138E+00 -0.403E-04  0.100E+02    288.610 -0.100E+01 -0.189E-01 -0.180E-01  0.549E-05
  45480.00  0.133E+00  0.139E+00 -0.385E-04  0.975E+01    288.519 -0.100E+01 -0.188E-01 -0.180E-01  0.519E-05
  45540.00  0.132E+00  0.140E+00 -0.366E-04  0.950E+01    288.428 -0.100E+01 -0.188E-01 -0.180E-01  0.491E-05
  45600.00  0.131E+00  0.141E+00 -0.348E-04  0.925E+01    288.335 -0.100E+01 -0.187E-01 -0.180E-01  0.463E-05
  45660.00  0.130E+00  0.142E+00 -0.330E-04  0.902E+01    288.241 -0.100E+01 -0.187E-01 -0.180E-01  0.436E-05
  45720.00  0.129E+00  0.142E+00 -0.313E-04  0.879E+01    288.147 -0.100E+01 -0.186E-01 -0.180E-01  0.410E-05
  45780.00  0.128E+00  0.143E+00 -0.295E-04  0.857E+01    288.051 -0.100E+01 -0.186E-01 -0.180E-01  0.384E-05
  45840.00  0.127E+00  0.144E+00 -0.278E-04  0.835E+01    287.955 -0.100E+01 -0.185E-01 -0.180E-01  0.359E-05
  45900.00  0.126E+00  0.145E+00 -0.262E-04  0.815E+01    287.858 -0.100E+01 -0.185E-01 -0.180E-01  0.335E-05
  45960.00  0.125E+00  0.146E+00 -0.246E-04  0.795E+01    287.761 -0.100E+01 -0.184E-01 -0.180E-01  0.312E-05
  46020.00  0.124E+00  0.146E+00 -0.230E-04  0.776E+01    287.662 -0.100E+01 -0.184E-01 -0.180E-01  0.290E-05
  46080.00  0.123E+00  0.147E+00 -0.214E-04  0.758E+01    287.563 -0.100E+01 -0.183E-01 -0.180E-01  0.268E-05
  46140.00  0.122E+00  0.148E+00 -0.199E-04  0.740E+01    287.463 -0.100E+01 -0.183E-01 -0.179E-01  0.247E-05
  46200.00  0.121E+00  0.149E+00 -0.184E-04  0.724E+01    287.363 -0.100E+01 -0.182E-01 -0.179E-01  0.228E-05
  46260.00  0.120E+00  0.150E+00 -0.170E-04  0.708E+01    287.263 -0.100E+01 -0.182E-01 -0.180E-01  0.209E-05
  46320.00  0.119E+00  0.151E+00 -0.156E-04  0.694E+01    287.162 -0.100E+01 -0.182E-01 -0.180E-01  0.190E-05
  46380.00  0.119E+00  0.151E+00 -0.143E-04  0.681E+01    287.062 -0.100E+01 -0.182E-01 -0.180E-01  0.173E-05
  46440.00  0.118E+00  0.152E+00 -0.130E-04  0.670E+01    286.961 -0.100E+01 -0.183E-01 -0.181E-01  0.157E-05
  46500.00  0.118E+00  0.153E+00 -0.117E-04  0.659E+01    286.861 -0.100E+01 -0.183E-01 -0.182E-01  0.142E-05
  46560.00  0.117E+00  0.154E+00 -0.105E-04  0.648E+01    286.761 -0.100E+01 -0.184E-01 -0.182E-01  0.128E-05
  46620.00  0.116E+00  0.155E+00 -0.603E-05  0.629E+01    286.642 -0.100E+01 -0.183E-01 -0.183E-01  0.728E-06
  46680.00  0.114E+00  0.157E+00 -0.487E-05  0.598E+01    286.449 -0.100E+01 -0.182E-01 -0.182E-01  0.587E-06
  46740.00  0.112E+00  0.158E+00 -0.374E-05  0.571E+01    286.262 -0.100E+01 -0.181E-01 -0.182E-01  0.456E-06
  46800.00  0.111E+00  0.160E+00 -0.255E-05  0.548E+01    286.082 -0.100E+01 -0.181E-01 -0.182E-01  0.325E-06
  46860.00  0.110E+00  0.162E+00 -0.117E-05  0.528E+01    285.908 -0.100E+01 -0.181E-01 -0.182E-01  0.181E-06
  46920.00  0.108E+00  0.163E+00  0.445E-06  0.510E+01    285.741 -0.100E+01 -0.181E-01 -0.182E-01  0.159E-07
  46980.00  0.108E+00  0.165E+00  0.220E-05  0.495E+01    285.580 -0.100E+01 -0.181E-01 -0.182E-01 -0.161E-06
  47040.00  0.107E+00  0.166E+00  0.400E-05  0.482E+01    285.427 -0.100E+01 -0.181E-01 -0.182E-01 -0.345E-06
  47100.00  0.106E+00  0.167E+00  0.582E-05  0.471E+01    285.280 -0.100E+01 -0.181E-01 -0.183E-01 -0.530E-06
  47160.00  0.105E+00  0.169E+00  0.761E-05  0.461E+01    285.140 -0.100E+01 -0.181E-01 -0.184E-01 -0.714E-06
  47220.00  0.105E+00  0.170E+00  0.938E-05  0.454E+01    285.007 -0.100E+01 -0.182E-01 -0.185E-01 -0.897E-06
  47280.00  0.105E+00  0.171E+00  0.111E-04  0.447E+01    284.881 -0.100E+01 -0.183E-01 -0.186E-01 -0.107E-05
  47340.00  0.105E+00  0.172E+00  0.127E-04  0.443E+01    284.762 -0.100E+01 -0.184E-01 -0.187E-01 -0.124E-05
  47400.00  0.105E+00  0.173E+00  0.142E-04  0.439E+01    284.648 -0.100E+01 -0.185E-01 -0.189E-01 -0.140E-05
  47460.00  0.105E+00  0.174E+00  0.156E-04  0.436E+01    284.541 -0.100E+01 -0.186E-01 -0.190E-01 -0.156E-05
  47520.00  0.105E+00  0.175E+00  0.170E-04  0.434E+01    284.440 -0.100E+01 -0.188E-01 -0.192E-01 -0.170E-05
  47580.00  0.105E+00  0.176E+00  0.183E-04  0.432E+01    284.345 -0.100E+01 -0.189E-01 -0.193E-01 -0.184E-05
  47640.00  0.105E+00  0.177E+00  0.194E-04  0.432E+01    284.255 -0.100E+01 -0.190E-01 -0.195E-01 -0.198E-05
  47700.00  0.106E+00  0.178E+00  0.205E-04  0.432E+01    284.170 -0.100E+01 -0.192E-01 -0.196E-01 -0.210E-05
  47760.00  0.106E+00  0.179E+00  0.215E-04  0.432E+01    284.090 -0.100E+01 -0.193E-01 -0.198E-01 -0.221E-05
  47820.00  0.107E+00  0.180E+00  0.224E-04  0.434E+01    284.015 -0.100E+01 -0.195E-01 -0.200E-01 -0.232E-05
  47880.00  0.107E+00  0.180E+00  0.233E-04  0.436E+01    283.945 -0.100E+01 -0.196E-01 -0.201E-01 -0.243E-05
  47940.00  0.107E+00  0.181E+00  0.241E-04  0.438E+01    283.879 -0.100E+01 -0.198E-01 -0.203E-01 -0.252E-05
  48000.00  0.108E+00  0.182E+00  0.248E-04  0.441E+01    283.817 -0.100E+01 -0.199E-01 -0.205E-01 -0.262E-05
  48060.00  0.109E+00  0.182E+00  0.255E-04  0.444E+01    283.758 -0.100E+01 -0.201E-01 -0.206E-01 -0.271E-05
  48120.00  0.109E+00  0.183E+00  0.261E-04  0.448E+01    283.704 -0.100E+01 -0.202E-01 -0.208E-01 -0.280E-05
  48180.00  0.110E+00  0.183E+00  0.267E-04  0.452E+01    283.654 -0.100E+01 -0.204E-01 -0.210E-01 -0.288E-05
  48240.00  0.110E+00  0.184E+00  0.272E-04  0.457E+01    283.607 -0.100E+01 -0.205E-01 -0.211E-01 -0.295E-05
  48300.00  0.111E+00  0.184E+00  0.276E-04  0.462E+01    283.563 -0.100E+01 -0.207E-01 -0.213E-01 -0.302E-05
  48360.00  0.112E+00  0.184E+00  0.280E-04  0.468E+01    283.523 -0.100E+01 -0.209E-01 -0.215E-01 -0.309E-05
  48420.00  0.113E+00  0.185E+00  0.284E-04  0.473E+01    283.486 -0.100E+01 -0.210E-01 -0.217E-01 -0.315E-05
  48480.00  0.113E+00  0.185E+00  0.287E-04  0.480E+01    283.452 -0.100E+01 -0.212E-01 -0.219E-01 -0.321E-05
  48540.00  0.114E+00  0.185E+00  0.289E-04  0.486E+01    283.420 -0.100E+01 -0.214E-01 -0.220E-01 -0.326E-05
  48600.00  0.115E+00  0.185E+00  0.291E-04  0.493E+01    283.391 -0.100E+01 -0.215E-01 -0.222E-01 -0.331E-05
  48660.00  0.116E+00  0.185E+00  0.293E-04  0.500E+01    283.365 -0.100E+01 -0.217E-01 -0.223E-01 -0.335E-05
  48720.00  0.117E+00  0.185E+00  0.295E-04  0.507E+01    283.341 -0.100E+01 -0.218E-01 -0.225E-01 -0.339E-05
  48780.00  0.118E+00  0.185E+00  0.296E-04  0.515E+01    283.318 -0.100E+01 -0.219E-01 -0.226E-01 -0.343E-05
  48840.00  0.118E+00  0.185E+00  0.297E-04  0.523E+01    283.298 -0.100E+01 -0.221E-01 -0.228E-01 -0.347E-05
  48900.00  0.119E+00  0.185E+00  0.298E-04  0.531E+01    283.280 -0.100E+01 -0.222E-01 -0.229E-01 -0.350E-05
  48960.00  0.120E+00  0.185E+00  0.298E-04  0.539E+01    283.263 -0.100E+01 -0.223E-01 -0.230E-01 -0.354E-05
  49020.00  0.121E+00  0.184E+00  0.298E-04  0.548E+01    283.247 -0.100E+01 -0.224E-01 -0.231E-01 -0.357E-05
  49080.00  0.122E+00  0.184E+00  0.299E-04  0.556E+01    283.234 -0.100E+01 -0.225E-01 -0.232E-01 -0.360E-05
  49140.00  0.122E+00  0.184E+00  0.298E-04  0.565E+01    283.221 -0.100E+01 -0.226E-01 -0.234E-01 -0.362E-05
  49200.00  0.123E+00  0.183E+00  0.298E-04  0.575E+01    283.210 -0.100E+01 -0.227E-01 -0.235E-01 -0.364E-05
  49260.00  0.124E+00  0.183E+00  0.297E-04  0.584E+01    283.200 -0.100E+01 -0.228E-01 -0.236E-01 -0.366E-05
  49320.00  0.125E+00  0.182E+00  0.296E-04  0.594E+01    283.191 -0.100E+01 -0.229E-01 -0.236E-01 -0.367E-05
  49380.00  0.126E+00  0.182E+00  0.295E-04  0.603E+01    283.183 -0.100E+01 -0.230E-01 -0.237E-01 -0.368E-05
  49440.00  0.127E+00  0.181E+00  0.293E-04  0.613E+01    283.175 -0.100E+01 -0.231E-01 -0.238E-01 -0.369E-05
  49500.00  0.127E+00  0.181E+00  0.292E-04  0.623E+01    283.168 -0.100E+01 -0.231E-01 -0.239E-01 -0.369E-05
  49560.00  0.128E+00  0.180E+00  0.290E-04  0.633E+01    283.162 -0.100E+01 -0.232E-01 -0.239E-01 -0.369E-05
  49620.00  0.129E+00  0.180E+00  0.288E-04  0.643E+01    283.155 -0.100E+01 -0.232E-01 -0.240E-01 -0.369E-05
  49680.00  0.130E+00  0.179E+00  0.287E-04  0.653E+01    283.149 -0.100E+01 -0.233E-01 -0.240E-01 -0.368E-05
  49740.00  0.130E+00  0.178E+00  0.285E-04  0.663E+01    283.144 -0.100E+01 -0.233E-01 -0.241E-01 -0.368E-05
  49800.00  0.131E+00  0.178E+00  0.283E-04  0.673E+01    283.138 -0.100E+01 -0.234E-01 -0.241E-01 -0.368E-05
  49860.00  0.132E+00  0.177E+00  0.281E-04  0.682E+01    283.133 -0.100E+01 -0.234E-01 -0.241E-01 -0.368E-05
  49920.00  0.132E+00  0.176E+00  0.280E-04  0.692E+01    283.128 -0.100E+01 -0.234E-01 -0.242E-01 -0.367E-05
  49980.00  0.133E+00  0.176E+00  0.278E-04  0.702E+01    283.122 -0.100E+01 -0.235E-01 -0.242E-01 -0.367E-05
  50040.00  0.134E+00  0.175E+00  0.276E-04  0.712E+01    283.117 -0.100E+01 -0.235E-01 -0.242E-01 -0.366E-05
  50100.00  0.134E+00  0.174E+00  0.274E-04  0.722E+01    283.112 -0.100E+01 -0.235E-01 -0.242E-01 -0.365E-05
  50160.00  0.135E+00  0.174E+00  0.272E-04  0.732E+01    283.107 -0.100E+01 -0.235E-01 -0.242E-01 -0.364E-05
  50220.00  0.136E+00  0.173E+00  0.270E-04  0.741E+01    283.101 -0.100E+01 -0.235E-01 -0.243E-01 -0.363E-05
  50280.00  0.136E+00  0.172E+00  0.268E-04  0.751E+01    283.095 -0.100E+01 -0.235E-01 -0.243E-01 -0.363E-05
  50340.00  0.137E+00  0.172E+00  0.266E-04  0.760E+01    283.089 -0.100E+01 -0.235E-01 -0.243E-01 -0.362E-05
  50400.00  0.137E+00  0.171E+00  0.265E-04  0.769E+01    283.083 -0.100E+01 -0.235E-01 -0.243E-01 -0.361E-05
