#Input-file high resolution
#height   th     qt      u      v   tke
   12.0   284.0   0.0043   0.0   0.0   0.0
   36.0   284.0   0.0043   0.0   0.0   0.0
   60.0   284.0   0.0043   0.0   0.0   0.0
   84.0   284.0   0.0043   0.0   0.0   0.0
   108.0   284.0   0.0043   0.0   0.0   0.0
   132.0   284.75   0.00415   0.0   0.0   0.5
   156.0   285.018   0.0040925   0.0   0.0   1.0
   180.0   285.042   0.0040835   0.0   0.0   1.0
   204.0   285.066   0.0040735   0.0   0.0   1.0
   228.0   285.09   0.004064   0.0   0.0   1.0
   252.0   285.114   0.0040545   0.0   0.0   1.0
   276.0   285.138   0.0040445   0.0   0.0   1.0
   300.0   285.162   0.0040355   0.0   0.0   1.0
   324.0   285.186   0.0040255   0.0   0.0   1.0
   348.0   285.21   0.004016   0.0   0.0   1.0
   372.0   285.234   0.0040065   0.0   0.0   1.0
   396.0   285.258   0.0039965   0.0   0.0   1.0
   420.0   285.282   0.0039875   0.0   0.0   1.0
   444.0   285.306   0.0039775   0.0   0.0   1.0
   468.0   285.33   0.003968   0.0   0.0   1.0
   492.0   285.354   0.0039585   0.0   0.0   1.0
   516.0   285.396   0.0039345   0.0   0.0   1.0
   540.0   285.444   0.0039055   0.0   0.0   1.0
   564.0   285.492   0.003877   0.0   0.0   1.0
   588.0   285.54   0.003848   0.0   0.0   1.0
   612.0   285.588   0.003819   0.0   0.0   1.0
   636.0   285.636   0.0037905   0.0   0.0   1.0
   660.0   285.684   0.0037615   0.0   0.0   1.0
   684.0   285.732   0.003733   0.0   0.0   1.0
   708.0   285.78   0.003704   0.0   0.0   1.0
   732.0   285.828   0.003675   0.0   0.0   1.0
   756.0   285.876   0.0036465   0.0   0.0   1.0
   780.0   285.924   0.0036175   0.0   0.0   1.0
   804.0   285.972   0.003589   0.0   0.0   1.0
   828.0   286.02   0.00356   0.0   0.0   1.0
   852.0   286.068   0.003531   0.0   0.0   1.0
   876.0   286.116   0.0035025   0.0   0.0   1.0
   900.0   286.164   0.0034735   0.0   0.0   1.0
   924.0   286.212   0.003445   0.0   0.0   1.0
   948.0   286.26   0.003416   0.0   0.0   1.0
   972.0   286.308   0.003387   0.0   0.0   1.0
   996.0   286.356   0.0033585   0.0   0.0   1.0
   1020.0   286.404   0.0033295   0.0   0.0   1.0
   1044.0   286.452   0.003301   0.0   0.0   1.0
   1068.0   286.5   0.003272   0.0   0.0   1.0
   1092.0   286.548   0.003243   0.0   0.0   1.0
   1116.0   286.596   0.0032145   0.0   0.0   1.0
   1140.0   286.644   0.0031855   0.0   0.0   1.0
   1164.0   286.692   0.003157   0.0   0.0   1.0
   1188.0   286.74   0.003128   0.0   0.0   1.0
   1212.0   286.788   0.003099   0.0   0.0   1.0
   1236.0   286.836   0.0030705   0.0   0.0   1.0
   1260.0   286.884   0.0030415   0.0   0.0   1.0
   1284.0   286.932   0.003013   0.0   0.0   1.0
   1308.0   286.98   0.002984   0.0   0.0   1.0
   1332.0   287.028   0.002955   0.0   0.0   1.0
   1356.0   287.076   0.0029265   0.0   0.0   1.0
   1380.0   287.124   0.0028975   0.0   0.0   1.0
   1404.0   287.172   0.002869   0.0   0.0   1.0
   1428.0   287.22   0.00284   0.0   0.0   1.0
   1452.0   287.268   0.002811   0.0   0.0   1.0
   1476.0   287.316   0.0027825   0.0   0.0   1.0
   1500.0   287.364   0.0027535   0.0   0.0   1.0
   1524.0   287.412   0.002725   0.0   0.0   1.0
   1548.0   287.46   0.002696   0.0   0.0   1.0
   1572.0   287.508   0.002667   0.0   0.0   1.0
   1596.0   287.556   0.0026385   0.0   0.0   1.0
   1620.0   287.604   0.0026095   0.0   0.0   1.0
   1644.0   287.652   0.002581   0.0   0.0   1.0
   1668.0   287.7   0.002552   0.0   0.0   1.0
   1692.0   287.748   0.002523   0.0   0.0   1.0
   1716.0   287.796   0.0024945   0.0   0.0   1.0
   1740.0   287.844   0.0024655   0.0   0.0   1.0
   1764.0   287.892   0.002437   0.0   0.0   1.0
   1788.0   287.94   0.002408   0.0   0.0   1.0
   1812.0   287.988   0.002379   0.0   0.0   1.0
   1836.0   288.036   0.0023505   0.0   0.0   1.0
   1860.0   288.084   0.0023215   0.0   0.0   1.0
   1884.0   288.132   0.002293   0.0   0.0   1.0
   1908.0   288.18   0.002264   0.0   0.0   1.0
   1932.0   288.228   0.002235   0.0   0.0   1.0
   1956.0   288.276   0.0022065   0.0   0.0   1.0
   1980.0   288.324   0.0021775   0.0   0.0   1.0
   2004.0   288.372   0.002149   0.0   0.0   1.0
   2028.0   288.42   0.00212   0.0   0.0   1.0
   2052.0   288.468   0.002091   0.0   0.0   1.0
   2076.0   288.516   0.0020625   0.0   0.0   1.0
   2100.0   288.564   0.0020335   0.0   0.0   1.0
   2124.0   288.612   0.002005   0.0   0.0   1.0
   2148.0   288.66   0.001976   0.0   0.0   1.0
   2172.0   288.708   0.001947   0.0   0.0   1.0
   2196.0   288.756   0.0019185   0.0   0.0   1.0
   2220.0   288.804   0.0018895   0.0   0.0   1.0
   2244.0   288.852   0.001861   0.0   0.0   1.0
   2268.0   288.9   0.001832   0.0   0.0   1.0
   2292.0   288.948   0.001803   0.0   0.0   1.0
   2316.0   288.996   0.0017745   0.0   0.0   1.0
   2340.0   289.044   0.0017455   0.0   0.0   1.0
   2364.0   289.092   0.001717   0.0   0.0   1.0
   2388.0   289.14   0.001688   0.0   0.0   1.0
   2412.0   289.188   0.001659   0.0   0.0   1.0
   2436.0   289.236   0.0016305   0.0   0.0   1.0
   2460.0   289.284   0.0016015   0.0   0.0   1.0
   2484.0   289.332   0.001573   0.0   0.0   1.0
   2508.0   289.38   0.001544   0.0   0.0   1.0
   2532.0   289.428   0.001515   0.0   0.0   1.0
   2556.0   289.476   0.0014865   0.0   0.0   1.0
   2580.0   289.524   0.0014575   0.0   0.0   1.0
   2604.0   289.572   0.001429   0.0   0.0   1.0
   2628.0   289.62   0.0014   0.0   0.0   1.0
   2652.0   289.668   0.001371   0.0   0.0   1.0
   2676.0   289.716   0.0013425   0.0   0.0   1.0
   2700.0   289.764   0.0013135   0.0   0.0   1.0
   2724.0   289.812   0.001285   0.0   0.0   1.0
   2748.0   289.86   0.001256   0.0   0.0   1.0
   2772.0   289.908   0.001227   0.0   0.0   1.0
   2796.0   289.956   0.0011985   0.0   0.0   1.0
   2820.0   290.004   0.0011695   0.0   0.0   1.0
   2844.0   290.052   0.001141   0.0   0.0   1.0
   2868.0   290.1   0.001112   0.0   0.0   1.0
   2892.0   290.148   0.001083   0.0   0.0   1.0
   2916.0   290.196   0.0010545   0.0   0.0   1.0
   2940.0   290.244   0.0010255   0.0   0.0   1.0
   2964.0   290.292   0.000997   0.0   0.0   1.0
   2988.0   290.34   0.000968   0.0   0.0   1.0
   3012.0   290.388   0.000939   0.0   0.0   1.0
   3036.0   290.436   0.0009105   0.0   0.0   1.0
   3060.0   290.484   0.0008815   0.0   0.0   1.0
   3084.0   290.532   0.000853   0.0   0.0   1.0
   3108.0   290.58   0.000824   0.0   0.0   1.0
   3132.0   290.628   0.000795   0.0   0.0   1.0
   3156.0   290.676   0.0007665   0.0   0.0   1.0
   3180.0   290.724   0.0007375   0.0   0.0   1.0
   3204.0   290.772   0.000709   0.0   0.0   1.0
   3228.0   290.82   0.00068   0.0   0.0   1.0
   3252.0   290.868   0.000651   0.0   0.0   1.0
   3276.0   290.916   0.0006225   0.0   0.0   1.0
   3300.0   290.964   0.0005935   0.0   0.0   1.0
   3324.0   291.012   0.000565   0.0   0.0   1.0
   3348.0   291.06   0.000536   0.0   0.0   1.0
   3372.0   291.108   0.000507   0.0   0.0   1.0
   3396.0   291.156   0.0004785   0.0   0.0   1.0
   3420.0   291.204   0.0004495   0.0   0.0   1.0
   3444.0   291.252   0.000421   0.0   0.0   1.0
   3468.0   291.3   0.000392   0.0   0.0   1.0
   3492.0   291.348   0.000363   0.0   0.0   1.0
   3516.0   291.396   0.0003345   0.0   0.0   1.0
   3540.0   291.444   0.0003055   0.0   0.0   1.0
   3564.0   291.492   0.000277   0.0   0.0   1.0
   3588.0   291.54   0.000248   0.0   0.0   1.0
   3612.0   291.588   0.000219   0.0   0.0   1.0
   3636.0   291.636   0.0001905   0.0   0.0   1.0
   3660.0   291.684   0.0001615   0.0   0.0   1.0
   3684.0   291.732   0.000133   0.0   0.0   1.0
   3708.0   291.78   0.000104   0.0   0.0   1.0
   3732.0   291.828   7.5e-05   0.0   0.0   1.0
   3756.0   291.876   4.65e-05   0.0   0.0   1.0
   3780.0   291.924   1.5e-05   0.0   0.0   1.0
   3804.0   291.972   1.5e-05   0.0   0.0   1.0
   3828.0   292.02   1.5e-05   0.0   0.0   1.0
   3852.0   292.068   1.5e-05   0.0   0.0   1.0
   3876.0   292.116   1.5e-05   0.0   0.0   1.0
   3900.0   292.164   1.5e-05   0.0   0.0   1.0
   3924.0   292.212   1.5e-05   0.0   0.0   1.0
   3948.0   292.26   1.5e-05   0.0   0.0   1.0
   3972.0   292.308   1.5e-05   0.0   0.0   1.0
   3996.0   292.356   1.5e-05   0.0   0.0   1.0
   4020.0   292.404   1.5e-05   0.0   0.0   1.0
   4044.0   292.452   1.5e-05   0.0   0.0   1.0
   4068.0   292.5   1.5e-05   0.0   0.0   1.0
   4092.0   292.548   1.5e-05   0.0   0.0   1.0
   4116.0   292.668   1.5e-05   0.0   0.0   1.0
   4140.0   292.812   1.5e-05   0.0   0.0   1.0
   4164.0   292.956   1.5e-05   0.0   0.0   1.0
   4188.0   293.1   1.5e-05   0.0   0.0   1.0
   4212.0   293.244   1.5e-05   0.0   0.0   1.0
   4236.0   293.388   1.5e-05   0.0   0.0   1.0
   4260.0   293.532   1.5e-05   0.0   0.0   1.0
   4284.0   293.676   1.5e-05   0.0   0.0   1.0
   4308.0   293.82   1.5e-05   0.0   0.0   1.0
   4332.0   293.964   1.5e-05   0.0   0.0   1.0
   4356.0   294.108   1.5e-05   0.0   0.0   1.0
   4380.0   294.252   1.5e-05   0.0   0.0   1.0
   4404.0   294.396   1.5e-05   0.0   0.0   1.0
   4428.0   294.54   1.5e-05   0.0   0.0   1.0
   4452.0   294.684   1.5e-05   0.0   0.0   1.0
   4476.0   294.828   1.5e-05   0.0   0.0   1.0
   4500.0   294.972   1.5e-05   0.0   0.0   1.0
   4524.0   295.116   1.5e-05   0.0   0.0   1.0
   4548.0   295.26   1.5e-05   0.0   0.0   1.0
   4572.0   295.404   1.5e-05   0.0   0.0   1.0
   4596.0   295.548   1.5e-05   0.0   0.0   1.0
   4620.0   295.692   1.5e-05   0.0   0.0   1.0
   4644.0   295.836   1.5e-05   0.0   0.0   1.0
   4668.0   295.98   1.5e-05   0.0   0.0   1.0
   4692.0   296.124   1.5e-05   0.0   0.0   1.0
   4716.0   296.268   1.5e-05   0.0   0.0   1.0
   4740.0   296.412   1.5e-05   0.0   0.0   1.0
   4764.0   296.556   1.5e-05   0.0   0.0   1.0
   4788.0   296.7   1.5e-05   0.0   0.0   1.0
   4812.0   296.844   1.5e-05   0.0   0.0   1.0
   4836.0   296.988   1.5e-05   0.0   0.0   1.0
   4860.0   297.132   1.5e-05   0.0   0.0   1.0
   4884.0   297.276   1.5e-05   0.0   0.0   1.0
   4908.0   297.42   1.5e-05   0.0   0.0   1.0
   4932.0   297.564   1.5e-05   0.0   0.0   1.0
   4956.0   297.708   1.5e-05   0.0   0.0   1.0
   4980.0   297.852   1.5e-05   0.0   0.0   1.0
   5004.0   297.996   1.5e-05   0.0   0.0   1.0
   5028.0   298.14   1.5e-05   0.0   0.0   1.0
   5052.0   298.284   1.5e-05   0.0   0.0   1.0
   5076.0   298.428   1.5e-05   0.0   0.0   1.0
   5100.0   298.572   1.5e-05   0.0   0.0   1.0
   5124.0   298.716   1.5e-05   0.0   0.0   1.0
   5148.0   298.86   1.5e-05   0.0   0.0   1.0
   5172.0   299.004   1.5e-05   0.0   0.0   1.0
   5196.0   299.148   1.5e-05   0.0   0.0   1.0
   5220.0   299.292   1.5e-05   0.0   0.0   1.0
   5244.0   299.436   1.5e-05   0.0   0.0   1.0
   5268.0   299.58   1.5e-05   0.0   0.0   1.0
   5292.0   299.724   1.5e-05   0.0   0.0   1.0
   5316.0   299.868   1.5e-05   0.0   0.0   1.0
   5340.0   300.012   1.5e-05   0.0   0.0   1.0
   5364.0   300.156   1.5e-05   0.0   0.0   1.0
   5388.0   300.3   1.5e-05   0.0   0.0   1.0
   5412.0   300.444   1.5e-05   0.0   0.0   1.0
   5436.0   300.588   1.5e-05   0.0   0.0   1.0
   5460.0   300.732   1.5e-05   0.0   0.0   1.0
