 #baseprofiles
 #height rhobf
    5.0  0.11938092852443469E+01
   15.0  0.11938092852443469E+01
   25.0  0.11938092852443469E+01
   35.0  0.11938092852443469E+01
   45.0  0.11938092852443469E+01
   55.0  0.11938092852443469E+01
   65.0  0.11938092852443469E+01
   75.0  0.11938092852443469E+01
   85.0  0.11938092852443469E+01
   95.0  0.11938092852443469E+01
  105.0  0.11938092852443469E+01
  115.0  0.11938092852443469E+01
  125.0  0.11938092852443469E+01
  135.0  0.11938092852443469E+01
  145.0  0.11938092852443469E+01
  155.0  0.11938092852443469E+01
  165.0  0.11938092852443469E+01
  175.0  0.11938092852443469E+01
  185.0  0.11938092852443469E+01
  195.0  0.11938092852443469E+01
  205.0  0.11938092852443469E+01
  215.0  0.11938092852443469E+01
  225.0  0.11938092852443469E+01
  235.0  0.11938092852443469E+01
  245.0  0.11938092852443469E+01
  255.0  0.11938092852443469E+01
  265.0  0.11938092852443469E+01
  275.0  0.11938092852443469E+01
  285.0  0.11938092852443469E+01
  295.0  0.11938092852443469E+01
  305.0  0.11938092852443469E+01
  315.0  0.11938092852443469E+01
  325.0  0.11938092852443469E+01
  335.0  0.11938092852443469E+01
  345.0  0.11938092852443469E+01
  355.0  0.11938092852443469E+01
  365.0  0.11938092852443469E+01
  375.0  0.11938092852443469E+01
  385.0  0.11938092852443469E+01
  395.0  0.11938092852443469E+01
  405.0  0.11938092852443469E+01
  415.0  0.11938092852443469E+01
  425.0  0.11938092852443469E+01
  435.0  0.11938092852443469E+01
  445.0  0.11938092852443469E+01
  455.0  0.11938092852443469E+01
  465.0  0.11938092852443469E+01
  475.0  0.11938092852443469E+01
  485.0  0.11938092852443469E+01
  495.0  0.11938092852443469E+01
  505.0  0.11938092852443469E+01
  515.0  0.11938092852443469E+01
  525.0  0.11938092852443469E+01
  535.0  0.11938092852443469E+01
  545.0  0.11938092852443469E+01
  555.0  0.11938092852443469E+01
  565.0  0.11938092852443469E+01
  575.0  0.11938092852443469E+01
  585.0  0.11938092852443469E+01
  595.0  0.11938092852443469E+01
  605.0  0.11938092852443469E+01
  615.0  0.11938092852443469E+01
  625.0  0.11938092852443469E+01
  635.0  0.11938092852443469E+01
