 Dry Convective Boundary Layer LES Exercise cst RH 
     height(m)   ugeo(m/s) vgeo(m/s)  wfls(m/s)    not_used   not_used     dqtdtls(kg/kg/s)    dthldt(K/s)  
     5.000   1.000   0.000  0.000000   0.0   0.0   0.0   0.0
    15.000   1.000   0.000 -0.000050   0.0   0.0   0.0   0.0
    25.000   1.000   0.000 -0.000150   0.0   0.0   0.0   0.0
    35.000   1.000   0.000 -0.000250   0.0   0.0   0.0   0.0
    45.000   1.000   0.000 -0.000350   0.0   0.0   0.0   0.0
    55.000   1.000   0.000 -0.000450   0.0   0.0   0.0   0.0
    65.000   1.000   0.000 -0.000550   0.0   0.0   0.0   0.0
    75.000   1.000   0.000 -0.000650   0.0   0.0   0.0   0.0
    85.000   1.000   0.000 -0.000750   0.0   0.0   0.0   0.0
    95.000   1.000   0.000 -0.000850   0.0   0.0   0.0   0.0
   105.000   1.000   0.000 -0.000950   0.0   0.0   0.0   0.0
   115.000   1.000   0.000 -0.001050   0.0   0.0   0.0   0.0
   125.000   1.000   0.000 -0.001150   0.0   0.0   0.0   0.0
   135.000   1.000   0.000 -0.001250   0.0   0.0   0.0   0.0
   145.000   1.000   0.000 -0.001350   0.0   0.0   0.0   0.0
   155.000   1.000   0.000 -0.001450   0.0   0.0   0.0   0.0
   165.000   1.000   0.000 -0.001550   0.0   0.0   0.0   0.0
   175.000   1.000   0.000 -0.001650   0.0   0.0   0.0   0.0
   185.000   1.000   0.000 -0.001750   0.0   0.0   0.0   0.0
   195.000   1.000   0.000 -0.001850   0.0   0.0   0.0   0.0
   205.000   1.000   0.000 -0.001950   0.0   0.0   0.0   0.0
   215.000   1.000   0.000 -0.002050   0.0   0.0   0.0   0.0
   225.000   1.000   0.000 -0.002150   0.0   0.0   0.0   0.0
   235.000   1.000   0.000 -0.002250   0.0   0.0   0.0   0.0
   245.000   1.000   0.000 -0.002350   0.0   0.0   0.0   0.0
   255.000   1.000   0.000 -0.002450   0.0   0.0   0.0   0.0
   265.000   1.000   0.000 -0.002550   0.0   0.0   0.0   0.0
   275.000   1.000   0.000 -0.002650   0.0   0.0   0.0   0.0
   285.000   1.000   0.000 -0.002750   0.0   0.0   0.0   0.0
   295.000   1.000   0.000 -0.002850   0.0   0.0   0.0   0.0
   305.000   1.000   0.000 -0.002950   0.0   0.0   0.0   0.0
   315.000   1.000   0.000 -0.003050   0.0   0.0   0.0   0.0
   325.000   1.000   0.000 -0.003150   0.0   0.0   0.0   0.0
   335.000   1.000   0.000 -0.003250   0.0   0.0   0.0   0.0
   345.000   1.000   0.000 -0.003350   0.0   0.0   0.0   0.0
   355.000   1.000   0.000 -0.003450   0.0   0.0   0.0   0.0
   365.000   1.000   0.000 -0.003550   0.0   0.0   0.0   0.0
   375.000   1.000   0.000 -0.003650   0.0   0.0   0.0   0.0
   385.000   1.000   0.000 -0.003750   0.0   0.0   0.0   0.0
   395.000   1.000   0.000 -0.003850   0.0   0.0   0.0   0.0
   405.000   1.000   0.000 -0.003950   0.0   0.0   0.0   0.0
   415.000   1.000   0.000 -0.004050   0.0   0.0   0.0   0.0
   425.000   1.000   0.000 -0.004150   0.0   0.0   0.0   0.0
   435.000   1.000   0.000 -0.004250   0.0   0.0   0.0   0.0
   445.000   1.000   0.000 -0.004350   0.0   0.0   0.0   0.0
   455.000   1.000   0.000 -0.004450   0.0   0.0   0.0   0.0
   465.000   1.000   0.000 -0.004550   0.0   0.0   0.0   0.0
   475.000   1.000   0.000 -0.004650   0.0   0.0   0.0   0.0
   485.000   1.000   0.000 -0.004750   0.0   0.0   0.0   0.0
   495.000   1.000   0.000 -0.004850   0.0   0.0   0.0   0.0
   505.000   1.000   0.000 -0.004950   0.0   0.0   0.0   0.0
   515.000   1.000   0.000 -0.005050   0.0   0.0   0.0   0.0
   525.000   1.000   0.000 -0.005150   0.0   0.0   0.0   0.0
   535.000   1.000   0.000 -0.005250   0.0   0.0   0.0   0.0
   545.000   1.000   0.000 -0.005350   0.0   0.0   0.0   0.0
   555.000   1.000   0.000 -0.005450   0.0   0.0   0.0   0.0
   565.000   1.000   0.000 -0.005550   0.0   0.0   0.0   0.0
   575.000   1.000   0.000 -0.005650   0.0   0.0   0.0   0.0
   585.000   1.000   0.000 -0.005750   0.0   0.0   0.0   0.0
   595.000   1.000   0.000 -0.005850   0.0   0.0   0.0   0.0
   605.000   1.000   0.000 -0.005950   0.0   0.0   0.0   0.0
   615.000   1.000   0.000 -0.006050   0.0   0.0   0.0   0.0
   625.000   1.000   0.000 -0.006150   0.0   0.0   0.0   0.0
   635.000   1.000   0.000 -0.006250   0.0   0.0   0.0   0.0
