 Dry Convective Boundary Layer LES Exercise cst RH 
     height(m)   thl(K)     qt(kg/kg)       u(m/s)     v(m/s)     tke(m2/s2)
      5.00000      293.000   0.00800000      1.00000      0.00000      1.00000
      15.0000      293.000   0.00800000      1.00000      0.00000      1.00000
      25.0000      293.000   0.00800000      1.00000      0.00000      1.00000
      35.0000      293.000   0.00800000      1.00000      0.00000      1.00000
      45.0000      293.000   0.00800000      1.00000      0.00000      1.00000
      55.0000      293.000   0.00800000      1.00000      0.00000      1.00000
      65.0000      293.000   0.00800000      1.00000      0.00000      1.00000
      75.0000      293.000   0.00800000      1.00000      0.00000      1.00000
      85.0000      293.000   0.00800000      1.00000      0.00000      1.00000
      95.0000      293.000   0.00800000      1.00000      0.00000      1.00000
      105.000      293.000   0.00800000      1.00000      0.00000      1.00000
      115.000      293.000   0.00800000      1.00000      0.00000      1.00000
      125.000      293.000   0.00800000      1.00000      0.00000      1.00000
      135.000      293.000   0.00800000      1.00000      0.00000      1.00000
      145.000      293.000   0.00800000      1.00000      0.00000      1.00000
      155.000      293.000   0.00800000      1.00000      0.00000      1.00000
      165.000      293.000   0.00800000      1.00000      0.00000      1.00000
      175.000      293.000   0.00800000      1.00000      0.00000      1.00000
      185.000      293.000   0.00800000      1.00000      0.00000      1.00000
      195.000      293.000   0.00800000      1.00000      0.00000      1.00000
      205.000      293.000   0.00800000      1.00000      0.00000      1.00000
      215.000      294.230   0.00400000      1.00000      0.00000      0.00000
      225.000      294.290   0.00400000      1.00000      0.00000      0.00000
      235.000      294.350   0.00400000      1.00000      0.00000      0.00000
      245.000      294.410   0.00400000      1.00000      0.00000      0.00000
      255.000      294.470   0.00400000      1.00000      0.00000      0.00000
      265.000      294.530   0.00400000      1.00000      0.00000      0.00000
      275.000      294.590   0.00400000      1.00000      0.00000      0.00000
      285.000      294.650   0.00400000      1.00000      0.00000      0.00000
      295.000      294.710   0.00400000      1.00000      0.00000      0.00000
      305.000      294.770   0.00400000      1.00000      0.00000      0.00000
      315.000      294.830   0.00400000      1.00000      0.00000      0.00000
      325.000      294.890   0.00400000      1.00000      0.00000      0.00000
      335.000      294.950   0.00400000      1.00000      0.00000      0.00000
      345.000      295.010   0.00400000      1.00000      0.00000      0.00000
      355.000      295.070   0.00400000      1.00000      0.00000      0.00000
      365.000      295.130   0.00400000      1.00000      0.00000      0.00000
      375.000      295.190   0.00400000      1.00000      0.00000      0.00000
      385.000      295.250   0.00400000      1.00000      0.00000      0.00000
      395.000      295.310   0.00400000      1.00000      0.00000      0.00000
      405.000      295.370   0.00400000      1.00000      0.00000      0.00000
      415.000      295.430   0.00400000      1.00000      0.00000      0.00000
      425.000      295.490   0.00400000      1.00000      0.00000      0.00000
      435.000      295.550   0.00400000      1.00000      0.00000      0.00000
      445.000      295.610   0.00400000      1.00000      0.00000      0.00000
      455.000      295.670   0.00400000      1.00000      0.00000      0.00000
      465.000      295.730   0.00400000      1.00000      0.00000      0.00000
      475.000      295.790   0.00400000      1.00000      0.00000      0.00000
      485.000      295.850   0.00400000      1.00000      0.00000      0.00000
      495.000      295.910   0.00400000      1.00000      0.00000      0.00000
      505.000      295.970   0.00400000      1.00000      0.00000      0.00000
      515.000      296.030   0.00400000      1.00000      0.00000      0.00000
      525.000      296.090   0.00400000      1.00000      0.00000      0.00000
      535.000      296.150   0.00400000      1.00000      0.00000      0.00000
      545.000      296.210   0.00400000      1.00000      0.00000      0.00000
      555.000      296.270   0.00400000      1.00000      0.00000      0.00000
      565.000      296.330   0.00400000      1.00000      0.00000      0.00000
      575.000      296.390   0.00400000      1.00000      0.00000      0.00000
      585.000      296.450   0.00400000      1.00000      0.00000      0.00000
      595.000      296.510   0.00400000      1.00000      0.00000      0.00000
      605.000      296.570   0.00400000      1.00000      0.00000      0.00000
      615.000      296.630   0.00400000      1.00000      0.00000      0.00000
      625.000      296.690   0.00400000      1.00000      0.00000      0.00000
      635.000      296.750   0.00400000      1.00000      0.00000      0.00000
