 Dry Convective Boundary Layer LES Exercise cst RH 
     height(m)   sv1  
     5.000   0.000
    15.000   0.000
    25.000   0.000
    35.000   0.000
    45.000   0.000
    55.000   0.000
    65.000   0.000
    75.000   0.000
    85.000   0.000
    95.000   0.000
   105.000   0.000
   115.000   0.000
   125.000   0.000
   135.000   0.000
   145.000   0.000
   155.000   0.000
   165.000   0.000
   175.000   0.000
   185.000   0.000
   195.000   0.000
   205.000   0.000
   215.000   0.000
   225.000   0.000
   235.000   0.000
   245.000   0.000
   255.000   0.000
   265.000   0.000
   275.000   0.000
   285.000   0.000
   295.000   0.000
   305.000   0.000
   315.000   0.000
   325.000   0.000
   335.000   0.000
   345.000   0.000
   355.000   0.000
   365.000   0.000
   375.000   0.000
   385.000   0.000
   395.000   0.000
   405.000   0.000
   415.000   0.000
   425.000   0.000
   435.000   0.000
   445.000   0.000
   455.000   0.000
   465.000   0.000
   475.000   0.000
   485.000   0.000
   495.000   0.000
   505.000   0.000
   515.000   0.000
   525.000   0.000
   535.000   0.000
   545.000   0.000
   555.000   0.000
   565.000   0.000
   575.000   0.000
   585.000   0.000
   595.000   0.000
   605.000   0.000
   615.000   0.000
   625.000   0.000
   635.000   0.000
