 2.36585292E-05
 2.34586041E-05
 2.31266222E-05
 2.26105203E-05
 2.18578807E-05
 2.08266938E-05
 1.94975728E-05
 1.78838309E-05
 1.60353175E-05
 1.40338207E-05
 1.19804836E-05
 9.97891311E-06
 8.11875725E-06
 6.46438093E-06
 5.05047001E-06
 3.88404214E-06
 2.95082123E-06
 2.22312951E-06
 1.66730604E-06
 1.24930739E-06
 9.38257585E-07
 7.08128539E-07
 5.38125448E-07
 4.12265649E-07
 3.18607448E-07
 2.48384367E-07
 1.95223649E-07
 1.54513060E-07
 1.22966895E-07
 9.84231150E-08
 7.99423816E-08
 6.82991654E-08
 6.69616753E-08
 8.35813125E-08
 1.31918341E-07
 2.34322997E-07
 4.26410196E-07
 7.71169482E-07
 1.40592886E-06
 2.68682379E-06
 5.59004093E-06
 1.27293179E-05
 3.07435184E-05
 7.55592991E-05
 1.83453274E-04
 4.33601032E-04
 9.93235619E-04
 2.20729318E-03
 4.77496395E-03
 1.00933919E-02
 2.09166743E-02
 4.26264852E-02
 8.62578377E-02
 0.185215622
 0.584647477
 4.07666826
 42.3327713
 440.779785
 4185.46045
 35678.6562
