 1.12655558E-04
 1.12609079E-04
 1.12463291E-04
 1.12143629E-04
 1.11516551E-04
 1.10386914E-04
 1.08508590E-04
 1.05616316E-04
 1.01477126E-04
 9.59494937E-05
 8.90317533E-05
 8.08841651E-05
 7.18168885E-05
 6.22481457E-05
 5.26429249E-05
 4.34458088E-05
 3.50230548E-05
 2.76239716E-05
 2.13687435E-05
 1.62601409E-05
 1.22124957E-05
 9.08667607E-06
 6.72252372E-06
 4.96279563E-06
 3.66770291E-06
 2.72111333E-06
 2.03124273E-06
 1.52812606E-06
 1.15986074E-06
 8.88663578E-07
 6.87390582E-07
 5.36689470E-07
 4.22881840E-07
 3.36590830E-07
 2.72307545E-07
 2.29306906E-07
 2.14660730E-07
 2.49243016E-07
 3.77308766E-07
 6.79055233E-07
 1.28358442E-06
 2.37778090E-06
 4.20661445E-06
 7.06610354E-06
 1.13075903E-05
 1.74163506E-05
 2.63260736E-05
 4.03381237E-05
 6.54121468E-05
 1.16324598E-04
 2.27516983E-04
 4.74950939E-04
 1.01919053E-03
 2.18970096E-03
 4.64939978E-03
 9.71406605E-03
 1.99651401E-02
 4.04207259E-02
 8.10686946E-02
 0.167772755
