 5.46356058E-03
 5.36452560E-03
 5.20558329E-03
 4.97161271E-03
 4.65331553E-03
 4.25174600E-03
 3.78050050E-03
 3.26447235E-03
 2.73528369E-03
 2.22497946E-03
 1.76008395E-03
 1.35784724E-03
 1.02533400E-03
 7.60987517E-04
 5.57490450E-04
 4.04749764E-04
 2.92249955E-04
 2.10477912E-04
 1.51550426E-04
 1.09296416E-04
 7.90665799E-05
 5.74435362E-05
 4.19563949E-05
 3.08360068E-05
 2.28233912E-05
 1.70249768E-05
 1.28075008E-05
 9.72248017E-06
 7.45340640E-06
 5.77997434E-06
 4.55905274E-06
 3.73009925E-06
 3.37076744E-06
 3.85761996E-06
 6.22277503E-06
 1.28100028E-05
 2.82657893E-05
 6.06947287E-05
 1.22478028E-04
 2.29983867E-04
 4.01476544E-04
 6.53211668E-04
 9.94739006E-04
 1.42529211E-03
 1.93295826E-03
 2.49721645E-03
 3.09379562E-03
 3.70010361E-03
 4.29995963E-03
 4.88844421E-03
 5.48087200E-03
 6.13451796E-03
 6.99848821E-03
 8.41787271E-03
 1.11368271E-02
 1.66787598E-02
 2.80438866E-02
 5.09932712E-02
 9.67570692E-02
 0.193568796
