 4.87315981E-03
 4.12173197E-03
 3.38268327E-03
 2.69728480E-03
 2.09483993E-03
 1.59009488E-03
 1.18444383E-03
 8.69601557E-04
 6.31954812E-04
 4.56321286E-04
 3.28443391E-04
 2.36240288E-04
 1.70132553E-04
 1.22856465E-04
 8.90607334E-05
 6.48729401E-05
 4.75220113E-05
 3.50361479E-05
 2.60165034E-05
 1.94710974E-05
 1.46966795E-05
 1.11949694E-05
 8.61506760E-06
 6.71657926E-06
 5.35698609E-06
 4.52198356E-06
 4.44900979E-06
 5.94169842E-06
 1.10204328E-05
 2.40438767E-05
 5.32754675E-05
 1.12496498E-04
 2.21768219E-04
 4.06173873E-04
 6.91745605E-04
 1.09904178E-03
 1.63637532E-03
 2.29562982E-03
 3.05279740E-03
 3.87339620E-03
 4.72055469E-03
 5.56284748E-03
 6.37990935E-03
 7.16696354E-03
 7.94340484E-03
 8.77645425E-03
 9.83867981E-03
 1.15308380E-02
 1.47225792E-02
 2.12018844E-02
 3.44949849E-02
 6.13815896E-02
 0.115393572
 0.235889196
 0.703912199
 4.70431042
 48.3452873
 502.625183
 4771.73047
 40675.0586
