 1.11837243E-03
 1.01001014E-03
 8.87632370E-04
 7.58260547E-04
 6.29701477E-04
 5.09030069E-04
 4.01441706E-04
 3.09772877E-04
 2.34656298E-04
 1.75089226E-04
 1.29111126E-04
 9.43887644E-05
 6.86153435E-05
 4.97358415E-05
 3.60384147E-05
 2.61630321E-05
 1.90671872E-05
 1.39726317E-05
 1.03099537E-05
 7.66821358E-06
 5.75373451E-06
 4.35789525E-06
 3.33324874E-06
 2.57624106E-06
 2.01579110E-06
 1.60815978E-06
 1.34200116E-06
 1.26290718E-06
 1.53430472E-06
 2.55621285E-06
 5.15529246E-06
 1.08267695E-05
 2.19496724E-05
 4.18392774E-05
 7.44944919E-05
 1.23994032E-04
 1.93661559E-04
 2.85277783E-04
 3.98626347E-04
 5.31565573E-04
 6.80705067E-04
 8.42945767E-04
 1.01870403E-03
 1.21888099E-03
 1.47969602E-03
 1.89311989E-03
 2.66688131E-03
 4.23965650E-03
 7.49895768E-03
 1.41905323E-02
 2.76841521E-02
 5.44289686E-02
 0.107390180
 0.224944651
 0.684715390
 4.64019394
 47.8516769
 497.748108
 4725.76465
 40283.6445
