 1.56200599E-06
 1.56153067E-06
 1.56037436E-06
 1.55782277E-06
 1.55264956E-06
 1.54295287E-06
 1.52608538E-06
 1.49877872E-06
 1.45753620E-06
 1.39928716E-06
 1.32217826E-06
 1.22627921E-06
 1.11394104E-06
 9.89653813E-07
 8.59396039E-07
 7.29652584E-07
 6.06392234E-07
 4.94259837E-07
 3.96160601E-07
 3.13241088E-07
 2.45185504E-07
 1.90664494E-07
 1.47803732E-07
 1.14566333E-07
 8.90148613E-08
 6.94505289E-08
 5.44626317E-08
 4.29197335E-08
 3.39368604E-08
 2.68393574E-08
 2.11386499E-08
 1.65236926E-08
 1.28698332E-08
 1.02759161E-08
 9.20658305E-09
 1.10637606E-08
 2.03657713E-08
 5.24533057E-08
 1.58836301E-07
 5.04963396E-07
 1.59285003E-06
 4.85596229E-06
 1.41450337E-05
 3.92128059E-05
 1.03442078E-04
 2.60225468E-04
 6.26516121E-04
 1.44998112E-03
 3.24119558E-03
 7.03011220E-03
 1.48564763E-02
 3.07150632E-02
 6.28141537E-02
 0.136121273
 0.434713304
 3.05742025
 31.8149738
 331.368256
 3146.67432
 26823.7832
