 1.78385538E-03
 1.57990283E-03
 1.35945971E-03
 1.13599899E-03
 9.22633219E-04
 7.29774067E-04
 5.63802081E-04
 4.26955055E-04
 3.18129489E-04
 2.34110892E-04
 1.70746294E-04
 1.23810300E-04
 8.95027624E-05
 6.46601984E-05
 4.67808095E-05
 3.39553117E-05
 2.47641565E-05
 1.81709765E-05
 1.34291286E-05
 1.00051166E-05
 7.51990137E-06
 5.70505063E-06
 4.37122435E-06
 3.38608788E-06
 2.66093502E-06
 2.14822626E-06
 1.85934198E-06
 1.92299103E-06
 2.71876161E-06
 5.12596671E-06
 1.09039702E-05
 2.31448557E-05
 4.66170895E-05
 8.77175189E-05
 1.53773261E-04
 2.51675316E-04
 3.86187574E-04
 5.58568281E-04
 7.66071666E-04
 1.00255839E-03
 1.26001262E-03
 1.53080723E-03
 1.81117165E-03
 2.10783887E-03
 2.45224498E-03
 2.93070404E-03
 3.74553842E-03
 5.33391675E-03
 8.59267171E-03
 1.52978357E-02
 2.88827084E-02
 5.59063144E-02
 0.109506615
 0.228368431
 0.691402733
 4.66489172
 48.0522690
 499.751740
 4744.67920
 40444.7461
