 1.0000e-03
 1.1498e-03
 1.3219e-03
 1.5199e-03
 1.7475e-03
 2.0092e-03
 2.3101e-03
 2.6561e-03
 3.0539e-03
 3.5112e-03
 4.0370e-03
 4.6416e-03
 5.3367e-03
 6.1359e-03
 7.0548e-03
 8.1113e-03
 9.3260e-03
 1.0723e-02
 1.2328e-02
 1.4175e-02
 1.6298e-02
 1.8738e-02
 2.1544e-02
 2.4771e-02
 2.8480e-02
 3.2745e-02
 3.7649e-02
 4.3288e-02
 4.9770e-02
 5.7224e-02
 6.5793e-02
 7.5646e-02
 8.6975e-02
 1.0000e-01
 1.1498e-01
 1.3219e-01
 1.5199e-01
 1.7475e-01
 2.0092e-01
 2.3101e-01
 2.6561e-01
 3.0539e-01
 3.5112e-01
 4.0370e-01
 4.6416e-01
 5.3367e-01
 6.1359e-01
 7.0548e-01
 8.1113e-01
 9.3260e-01
 1.0723e+00
 1.2328e+00
 1.4175e+00
 1.6298e+00
 1.8738e+00
 2.1544e+00
 2.4771e+00
 2.8480e+00
 3.2745e+00
 3.7649e+00
 4.3288e+00
 4.9770e+00
 5.7224e+00
 6.5793e+00
 7.5646e+00
 8.6975e+00
 1.0000e+01
 1.1498e+01
 1.3219e+01
 1.5199e+01
 1.7475e+01
 2.0092e+01
 2.3101e+01
 2.6561e+01
 3.0539e+01
 3.5112e+01
 4.0370e+01
 4.6416e+01
 5.3367e+01
 6.1359e+01
 7.0548e+01
 8.1113e+01
 9.3260e+01
 1.0723e+02
 1.2328e+02
 1.4175e+02
 1.6298e+02
 1.8738e+02
 2.1544e+02
 2.4771e+02
 2.8480e+02
 3.2745e+02
 3.7649e+02
 4.3288e+02
 4.9770e+02
 5.7224e+02
 6.5793e+02
 7.5646e+02
 8.6975e+02
 1.0000e+03
